timestamp,acc_x,acc_y,acc_z,gyro_x,gyro_y,gyro_z,compass,latitude,longitude
0.0,0.0,0.0,14.900312423706055,-6.628986284340499e-07,-5.747256182075944e-08,5.0592030564899915e-12,0.06852804166478502,-0.0002386342559645982,0.001419982524542182
0.10000000149011612,0.0,0.0,10.704004287719727,-4.6992107627374935e-07,3.864948610043939e-07,7.772404941874811e-11,0.06852804166478502,-0.0002386342559645982,0.001419982524542182
0.20000000298023224,0.0,0.0,9.72144603729248,-9.843465704761911e-07,1.8037906102108536e-07,6.444333955357706e-11,0.06852804166478502,-0.0002386342559645982,0.001419982524542182
0.30000000447034836,0.0,0.0,9.600918769836426,3.714268075327709e-07,-2.7534139235285693e-07,-9.030703962409348e-11,0.06852804166478502,-0.0002386342559645982,0.001419982524542182
0.4000000059604645,0.6232523918151855,-0.002000153064727783,9.658388137817383,-0.00011134566739201546,-0.007378272246569395,-0.0010193377966061234,0.06852804166478502,-0.00023857838198182435,0.0014199822503981135
0.5000000074505806,11.611292839050293,-0.03569221496582031,9.705218315124512,-0.00010975729674100876,-0.009443005546927452,-0.0042923446744680405,0.048456643664523236,-0.00023748055492944786,0.0014199800572455643
0.6000000089406967,11.046553611755371,-0.03244304656982422,9.748865127563477,-3.4406199119985104e-05,-0.0015965597704052925,-0.004796246998012066,0.027976454840372228,-0.00023539188553911572,0.0014199751226523288
0.7000000104308128,7.672317981719971,-0.020935535430908203,9.776773452758789,-2.309266710653901e-05,0.0005987015902064741,-0.005381057970225811,0.0,-0.00023261554288467323,0.0014199684061226472
0.800000011920929,6.628579139709473,-0.016287803649902344,9.789671897888184,-1.927895937114954e-05,0.001368228462524712,-0.0054289367981255054,359.9720335630723,-0.00022924514716748945,0.001419959770584485
0.9000000134110451,5.863010883331299,0.07311534881591797,9.796833038330078,0.00013953621964901686,0.0012470539659261703,0.0024078944697976112,359.9720335630723,-0.00022534935433782266,0.001419957577431936
1.0000000149011612,5.54543399810791,0.0029706954956054688,9.813189506530762,-0.0001302680466324091,0.0010424592765048146,-0.001070949132554233,359.9720335630723,-0.00022095662399124194,0.0014199553842793868
1.1000000163912773,4.44408655166626,-0.01473236083984375,9.811375617980957,-1.9612256437540054e-05,0.004032063763588667,-0.0009629466803744435,359.96044956223994,-0.00021616566510829216,0.0014199515462624257
1.2000000178813934,1.8852039575576782,-0.006166577339172363,9.784640312194824,-1.7958052922040224e-05,0.0009052692912518978,-0.0008343477384187281,359.9557777128477,-0.0002112060904835289,0.0014199471599573275
1.3000000193715096,3.2939839363098145,0.00991511344909668,9.804978370666504,1.9044236978515983e-05,6.916262645972893e-05,-0.00029729376547038555,359.9557777128477,-0.00020595131411482726,0.0014199431848683323
1.4000000208616257,2.6668167114257812,0.005674839019775391,9.810352325439453,-8.827773854136467e-06,0.0023465475533157587,9.737427899381146e-05,359.96044956223994,-0.0002004575869278824,0.0014199397580674743
1.5000000223517418,-0.2234058827161789,-0.016458138823509216,9.812344551086426,-3.6454061046242714e-05,0.0036677683237940073,-0.0011719809845089912,359.9557777128477,-0.00019498418065211354,0.0014199348234742388
1.600000023841858,-2.3437695503234863,0.0018422603607177734,9.810745239257812,3.400188870728016e-05,0.0027676988393068314,0.00012370255717542022,359.95154299556225,-0.00018972124848914973,0.0014199301630250718
1.700000025331974,-2.9265103340148926,0.000133514404296875,9.809103965759277,-3.6103883758187294e-06,0.0012887007324025035,2.4380129616474733e-05,359.95154299556225,-0.00018472094636479142,0.0014199257767199735
1.8000000268220901,-2.657874822616577,0.027157306671142578,9.80860424041748,7.495716272387654e-05,-7.957222987897694e-05,0.0025897561572492123,359.9657497890359,-0.00017995902962297805,0.0014199239947835275
1.9000000283122063,-1.8917157649993896,0.011684179306030273,9.808927536010742,-2.463639248162508e-05,-0.0012635160237550735,0.001423323410563171,359.9657497890359,-0.00017536670524975762,0.0014199233094233559
2.0000000298023224,-0.4955810010433197,0.0023788511753082275,9.809425354003906,-1.318054273724556e-06,-0.0027301812078803778,0.001141009503044188,359.9802297900763,-0.00017081868941204448,0.0014199228982072528
2.1000000312924385,1.3141828775405884,0.005364775657653809,9.809690475463867,9.991461411118507e-06,-0.002574125537648797,0.0012392428470775485,359.9802297900763,-0.00016615263744768072,0.0014199228982072528
2.2000000327825546,1.4896783828735352,0.0002498626708984375,9.810348510742188,-4.860397893935442e-06,-0.00036952528171241283,0.000805123767349869,0.0,-0.00016135285454765835,0.0014199228982072528
2.3000000342726707,-0.3010483980178833,0.008798331022262573,9.810803413391113,1.656683161854744e-05,0.0014784422237426043,0.0013201944530010223,359.9802297900763,-0.00015658014338271187,0.001419923720639459
2.400000035762787,-1.8753911256790161,-0.005010724067687988,9.809930801391602,-3.930041566491127e-05,0.0012085658963769674,-0.00022252376948017627,359.9802297900763,-0.0001519757224031082,0.0014199239947835275
2.500000037252903,-1.3653912544250488,0.0063964128494262695,9.783595085144043,3.152978024445474e-05,-0.0002923488791566342,0.00107943220064044,0.0,-0.00014749379242573468,0.0014199249542877677
2.600000038743019,-0.8269121646881104,-0.004945874214172363,9.829689979553223,-2.7727714041247964e-05,0.00037358776899054646,-0.0002729336847551167,0.01978234059262607,-0.00014308594990097845,0.0014199253655038707
2.7000000402331352,-1.2876193523406982,-0.004912376403808594,9.819844245910645,7.99586996436119e-06,1.3008017049287446e-05,-6.4715309235907625e-06,0.01978234059262607,-0.0001387935819678887,0.0014199253655038707
2.8000000417232513,-0.7741227746009827,0.40849030017852783,9.809487342834473,0.0005910940817557275,-0.0007301552104763687,0.0322258286178112,0.15195108506314145,-0.00013457066674504858,0.0014199618266649999
2.9000000432133675,-0.12515504658222198,0.09009122103452682,9.808239936828613,-0.000441787822637707,-0.0006151210982352495,0.016484182327985764,0.26540818445944303,-0.00013035893144319743,0.001420006100932085
3.0000000447034836,-0.28276556730270386,-0.027897953987121582,9.808887481689453,-0.00014464466948993504,0.0002348109264858067,0.011855525895953178,0.34149665189594375,-0.00012617249450386225,0.0014200477708305184
3.1000000461935997,-0.9400297999382019,0.011872470378875732,9.80932903289795,-5.1520823035389185e-05,0.0005704240757040679,0.007636615075170994,0.4025119323708577,-0.00012207035685207757,0.001420089989017089
3.200000047683716,-1.0933260917663574,0.008788704872131348,9.809370040893555,-1.8998878658749163e-05,-3.7502049963222817e-06,0.004343708045780659,0.4511079545831315,-0.00011806629426303061,0.001420131933059591
3.300000049173832,-0.5359002947807312,0.009729564189910889,9.809453010559082,9.369687177240849e-07,-0.000618510355707258,0.0029471952002495527,0.4913846729841976,-0.0001141102325874499,0.0014201745624622644
3.400000050663948,-0.11784200370311737,0.007429406046867371,9.809910774230957,4.293251549825072e-06,-0.0002855963830370456,0.0014630433870479465,0.5241405526962862,-0.0001101646826242586,0.001420217603081041
3.500000052154064,-0.4753536283969879,0.010902106761932373,9.81008529663086,6.902700988575816e-06,0.00042260621557943523,-0.0003499754529912025,0.5510743898320266,-0.00010626174491790152,0.001420261329059989
3.6000000536441803,-0.9857723116874695,0.001156926155090332,9.809955596923828,7.260096026584506e-06,0.0003964145143982023,-0.0021353370975703,0.5726661119023179,-0.00010244722723484756,0.0014203042326067312
3.7000000551342964,-0.8647533655166626,0.007709860801696777,9.809714317321777,1.3869634130969644e-05,-0.0002471905027050525,-0.002881068969145417,0.5908292924526742,-9.871024948893137e-05,0.001420346999081439
3.8000000566244125,-0.3063126504421234,-0.0004833340644836426,9.809769630432129,9.05228080227971e-06,-0.0005486017907969654,-0.003456199076026678,0.6055493106094038,-9.500068615864166e-05,0.0014203894914120781
3.9000000581145287,0.09486114978790283,1.8993364572525024,9.808205604553223,0.0077061946503818035,-0.0012559485621750355,0.21101437509059906,1.345666367916164,-9.128654807000203e-05,0.0014206019530652741
4.000000059604645,1.925635814666748,3.8193655014038086,9.802900314331055,0.0033248267136514187,-0.002490738406777382,0.3638380765914917,3.155108343448306,-8.741866652428598e-05,0.0014211650449822608
4.100000061094761,4.208280563354492,1.8729970455169678,9.804967880249023,-0.0011649110820144415,-0.002535976469516754,0.33206331729888916,5.053189098934289,-8.318939457296892e-05,0.0014219278508532515
4.200000062584877,4.806157112121582,0.7903101444244385,9.837311744689941,-0.0038629069458693266,0.0015973076224327087,0.27803727984428406,6.7334766795731325,-7.854021959019519e-05,0.0014228107318263066
4.300000064074993,2.1191890239715576,0.5315567255020142,9.777558326721191,-0.0016018148744478822,0.0010617325315251946,0.23122450709342957,8.161302539241733,-7.370980965504259e-05,0.0014237672204817915
4.400000065565109,3.232448101043701,0.601448655128479,9.801752090454102,0.0007834550924599171,-0.003288915380835533,0.21324101090431213,9.377458702097524,-6.860223581384162e-05,0.0014248237717223301
4.500000067055225,5.098299980163574,0.6425962448120117,9.806665420532227,-0.000284149864455685,-0.0003855138784274459,0.17380237579345703,10.427527716227052,-6.305533322858992e-05,0.0014260191769336348
4.6000000685453415,4.750236511230469,0.5728375911712646,9.806783676147461,-3.561429912224412e-05,-0.001031357329338789,0.1418653428554535,11.309319652227686,-5.710084265331261e-05,0.0014273480903063671
4.700000070035458,5.318700790405273,0.5483531951904297,9.805307388305664,6.504208431579173e-05,-0.0004504780808929354,0.12508507072925568,12.038303181022208,-5.0690167824996024e-05,0.0014288242190439592
4.800000071525574,5.15946102142334,3.013136625289917,9.799707412719727,0.013086270540952682,0.0010735541582107544,0.4330134391784668,13.717486405449625,-4.389397786042082e-05,0.0014306715388504897
4.90000007301569,4.032031536102295,7.497067928314209,9.779837608337402,0.014235980808734894,0.005903963930904865,0.8047052025794983,17.459959641337527,-3.695417068172446e-05,0.0014332665866042358
5.000000074505806,-0.038420677185058594,10.231321334838867,9.757658958435059,0.011078400537371635,0.012326737865805626,1.1181021928787231,23.201517402940503,-3.0378120570162537e-05,0.001436700789352089
5.100000075995922,-3.999830722808838,12.493246078491211,9.725092887878418,0.008869889192283154,0.015186382457613945,1.3850350379943848,30.605930821759983,-2.467947710727003e-05,0.0014409130129667425
5.200000077486038,-5.611966133117676,14.224407196044922,9.692574501037598,0.0045933471992611885,0.016948621720075607,1.5952543020248413,39.364197017102704,-2.0176048238340627e-05,0.001445788391083436
5.300000078976154,-4.815159797668457,14.650103569030762,9.6790189743042,-0.0020179052371531725,0.014353948645293713,1.6826657056808472,48.94210298831989,-1.6942817723020198e-05,0.0014511979389178746
5.4000000804662704,-1.6482723951339722,13.781564712524414,9.686604499816895,-0.0041395872831344604,0.013097379356622696,1.7338006496429443,58.83581641619095,-1.483853175443528e-05,0.0014571182171521895
5.500000081956387,1.5506503582000732,11.49801254272461,9.717098236083984,-0.00942148920148611,0.009063666686415672,1.5901588201522827,68.30756075713862,-1.3635648627996488e-05,0.0014635474438499346
5.600000083446503,3.9562931060791016,8.343254089355469,9.751473426818848,-0.00951408501714468,0.006016787141561508,1.3563512563705444,76.59368671100962,-1.3073335239255357e-05,0.0014704948028374093
5.700000084936619,4.65433931350708,6.019881725311279,9.774407386779785,-0.010701995342969894,0.005059428978711367,1.052456259727478,83.29443696606147,-1.2994221108897364e-05,0.0014779197207924549
5.800000086426735,1.9999195337295532,3.5171492099761963,9.796402931213379,-0.012808903120458126,0.005608437582850456,0.6837654113769531,88.05182081732626,-1.3221079598224605e-05,0.0014855346205870678
5.900000087916851,-1.4265376329421997,0.731677770614624,9.808624267578125,-0.013089093379676342,0.0041096811182796955,0.2835686504840851,90.55927205409715,-1.3510310168385331e-05,0.0014930208097414543
6.000000089406967,-2.827845573425293,-0.31156718730926514,9.808822631835938,-0.006337994709610939,0.002376088872551918,0.11041001230478287,91.51930295326663,-1.3763622504825435e-05,0.0015002542380645547
6.100000090897083,-2.7989766597747803,0.3226078450679779,9.80781078338623,-0.0034559702035039663,0.0008936586673371494,0.06454045325517654,91.97921374102944,-1.403641297770264e-05,0.0015072355909165407
6.200000092387199,-1.7768014669418335,0.3744373023509979,9.808341979980469,-0.0023209182545542717,-0.0011684255441650748,0.04635017365217209,92.28178429107183,-1.4335908957718857e-05,0.0015140567065604067
6.3000000938773155,0.4333747923374176,0.24541667103767395,9.809257507324219,-0.0015953718684613705,-0.0028644478879868984,0.03365666791796684,92.49888185384069,-1.465874571238146e-05,0.0015209157911577793
6.400000095367432,2.481276512145996,0.1510307639837265,9.809297561645508,-0.0010806572390720248,-0.0023950578179210424,0.024315526708960533,92.65536148772568,-1.5005193148454055e-05,0.0015279966583066817
6.500000096857548,2.645960569381714,0.0977577418088913,9.809660911560059,-0.0007336621638387442,-9.990805665438529e-06,0.017352085560560226,92.76798447695002,-1.5371695909038863e-05,0.0015353145230029232
6.600000098347664,0.7374094724655151,0.0651099756360054,9.810870170593262,-0.000498784298542887,0.0024064667522907257,0.011960121802985668,92.84728297321388,-1.5747202610327804e-05,0.0015426979081315697
6.70000009983778,-1.3659065961837769,-1.135558843612671,9.809894561767578,-0.002898017643019557,0.002815774641931057,-0.10620681196451187,92.43623535877333,-1.601592913402783e-05,0.001549963000094598
6.800000101327896,-2.2134759426116943,-0.8035592436790466,9.809103012084961,0.0007740376167930663,0.0017169677885249257,-0.06953115016222,91.96449468336806,-1.6205994484153052e-05,0.0015570319419765145
6.900000102818012,-1.7186566591262817,-0.1392236053943634,9.808900833129883,0.0006981853512115777,-0.00010218915849691257,-0.039621490985155106,91.6804134554089,-1.6379229990093336e-05,0.0015639473631799928
7.000000104308128,-0.12896628677845,-0.10303697735071182,9.809382438659668,0.0003817141114268452,-0.0018339493544772267,-0.02572990022599697,91.50661246178875,-1.6543052481665654e-05,0.0015708514074046223
7.1000001057982445,1.6778268814086914,-0.10373058170080185,9.809404373168945,0.00026408370467834175,-0.0019639325328171253,-0.018490413203835487,91.3870909815027,-1.6701312858913298e-05,0.0015779063679390382
7.200000107288361,2.1737465858459473,-0.08104727417230606,9.809789657592773,0.00022024499776307493,-0.00028895967989228666,-0.013441354036331177,91.30041588093523,-1.685680074103857e-05,0.0015851563819782913
7.300000108778477,0.9141086339950562,-0.5013450980186462,9.810404777526855,-0.0008246041252277792,0.0017208142671734095,-0.05322002246975899,91.06086065617538,-1.6969004889233474e-05,0.001592489324598308
7.400000110268593,-0.848737359046936,-0.34658923745155334,9.810417175292969,0.0005304842488840222,0.0023706925567239523,-0.034167032688856125,90.8272545261826,-1.7049149192871482e-05,0.0015997463293113115
7.500000111758709,-1.7601497173309326,-0.07702069729566574,9.809652328491211,0.0004416177689563483,0.0015834602527320385,-0.019436214119195938,90.68745421425078,-1.712059585656789e-05,0.0016068454270407784
7.600000113248825,-1.453993797302246,-0.054893556982278824,9.809235572814941,0.0002760134229902178,0.00010466318053659052,-0.012305931188166142,90.60301941573108,-1.7185818592224678e-05,0.0016138143063376413
7.700000114738941,-0.21158403158187866,-0.05129248648881912,9.809436798095703,0.00018203185754828155,-0.0013016193406656384,-0.008738175965845585,90.54597367578313,-1.724631232491447e-05,0.001620764269693768
7.800000116229057,1.214153528213501,-0.03773636370897293,9.809630393981934,0.00013986766862217337,-0.0014857326168566942,-0.006125508341938257,90.50592144649018,-1.7304422328834335e-05,0.001627823205317179
7.900000117719173,1.661797046661377,-0.18970397114753723,9.809870719909668,-0.00027830537874251604,-0.0002632779360283166,-0.02062227949500084,90.41191072275413,-1.7346654431094066e-05,0.0016350312753139304
8.00000011920929,0.7808395624160767,-0.12822018563747406,9.81041431427002,0.00022411545796785504,0.0012664708774536848,-0.01316088531166315,90.3221073955468,-1.737783296107409e-05,0.001642309663264288
8.100000120699406,-0.5449584126472473,-0.028880998492240906,9.810400009155273,0.00017468875739723444,0.0018540804740041494,-0.00763529259711504,90.26770493880764,-1.7406232572625413e-05,0.0016495389794263587
8.200000122189522,-1.2937085628509521,-0.019702550023794174,9.809843063354492,0.00011644850019365549,0.0013036370510235429,-0.004611270036548376,90.23539131384432,-1.7432417607210482e-05,0.0016566521955753606
8.300000123679638,-1.0953212976455688,-0.011569145135581493,9.80949878692627,9.009470522869378e-05,0.00018445609021000564,-0.002552052726969123,90.21686101062608,-1.745721051804594e-05,0.0016636669940037208
8.400000125169754,-0.17087875306606293,-0.017968932166695595,9.809585571289062,3.2702297176001593e-05,-0.0008410178706981242,-0.002625133842229843,90.20173897180366,-1.7480353193377596e-05,0.0016706667145083055
8.50000012665987,0.8377299904823303,-0.07600768655538559,9.809715270996094,-9.875024989014491e-05,-0.0009673699969425797,-0.007948020473122597,90.16507451633903,-1.7496918573556286e-05,0.0016777416875597322
8.600000128149986,1.146169900894165,-0.04690852388739586,9.810036659240723,8.857686043484136e-05,-0.00011711679690051824,-0.004944788292050362,90.1310738346507,-1.7509533478232697e-05,0.0016849194646368986
8.700000129640102,0.5598090291023254,-0.010737155564129353,9.810318946838379,6.426680192817003e-05,0.000939641788136214,-0.0029961583204567432,90.11018711616882,-1.7521295958999872e-05,0.0016921472730065921
8.800000131130219,-0.35860446095466614,-0.004258398432284594,9.810279846191406,5.313293149811216e-05,0.0013617551885545254,-0.0014756473246961832,90.09888315309244,-1.7532629044580972e-05,0.0016993431435922887
8.900000132620335,-0.8707553148269653,-0.01130661740899086,9.80988597869873,9.777038940228522e-06,0.0009833528893068433,-0.0016912308055907488,90.08938919014612,-1.7542834484629566e-05,0.0017064607460463889
9.00000013411045,-0.7247409820556641,0.00511370413005352,9.809731483459473,5.781059735454619e-05,0.00020330611732788384,0.0002737318573053926,90.08749722774603,-1.755340188935861e-05,0.001713513239284187
9.100000135600567,-0.10301022976636887,0.004642802756279707,9.809701919555664,3.98210659113829e-06,-0.00046308731543831527,4.606345828506164e-05,90.08816658628469,-1.756437406186251e-05,0.0017205565486956857
9.200000137090683,0.5539944171905518,-0.04496932029724121,9.809874534606934,-9.433102241018787e-05,-0.0005100695416331291,-0.004312482196837664,90.07084522654954,-1.757138295488403e-05,0.0017276497523276767
9.300000138580799,0.7270291447639465,-0.03304281830787659,9.810037612915039,3.344474680488929e-05,5.056187364971265e-05,-0.0030506520997732878,90.05089424398393,-1.7575495121491258e-05,0.0017348080651759699
9.400000140070915,0.3281819820404053,0.01564333774149418,9.810232162475586,8.694973075762391e-05,0.000711323693394661,0.0004696674586739391,90.04739035693972,-1.758103796589694e-05,0.0017419957114396074
9.500000141561031,-0.23615840077400208,0.00881203729659319,9.810158729553223,-1.5477554597964627e-06,0.0009589132387191057,8.337628969457e-05,90.04855148909861,-1.7587355046089215e-05,0.0017491622486099597
9.600000143051147,-0.541711688041687,-0.002000299980863929,9.809955596923828,3.8043021959310863e-06,0.0007037100149318576,1.5909992725937627e-05,90.04876322496288,-1.7593448333741435e-05,0.001756280262280163
9.700000144541264,-0.4343569278717041,-0.014866326004266739,9.809846878051758,-2.895183934015222e-05,0.00020722461340483278,-0.0014166635228320956,90.04305318681676,-1.7598184825828866e-05,0.0017633592104205848
9.80000014603138,-0.027776187285780907,0.001040622009895742,9.80980396270752,3.949849997297861e-05,-0.00017559384286869317,0.0001616873632883653,90.04119537536252,-1.7603011244204936e-05,0.0017704356912643887
9.900000147521496,0.3464463949203491,-0.016334740445017815,9.809924125671387,-4.8084599256981164e-05,-0.00017271020624320954,-0.0020042790565639734,90.03338163895202,-1.7606396298219806e-05,0.0017775432874599835
10.000000149011612,0.4204798638820648,-0.01991407200694084,9.810096740722656,7.728091986791696e-06,0.0001722600864013657,-0.0018038148991763592,90.0225421287392,-1.7608014388770243e-05,0.001784688578465016
10.100000150501728,0.17413859069347382,0.007501935586333275,9.810091018676758,5.004252670914866e-05,0.0005520621198229492,0.0002626930654514581,90.02040427952899,-1.761031032287974e-05,0.0017918494956819613
10.200000151991844,-0.14871621131896973,-0.009312705136835575,9.810118675231934,-3.4038381272694096e-05,0.0006853641243651509,-0.001381942187435925,90.01526797727314,-1.7611772079817456e-05,0.0017989969798395432
10.30000015348196,-0.3302769660949707,-0.0001905669050756842,9.809961318969727,3.91433532058727e-05,0.0005210995441302657,0.0001639538531890139,90.0134784677106,-1.7613209195133095e-05,0.0018061149935097462
10.400000154972076,-0.2365833967924118,0.004183575510978699,9.809914588928223,-5.920028911532427e-07,0.00022098637418821454,2.8751110221492127e-05,90.01388827906081,-1.7615016844274578e-05,0.0018132116239425954
10.500000156462193,-0.00014124800509307534,-0.0006978998426347971,9.809892654418945,3.5053938063356327e-06,1.2692610653175507e-05,4.776311016030377e-06,90.01395658095251,-1.7616760217720184e-05,0.001820308391447479
10.600000157952309,0.20889030396938324,-0.0001380825269734487,9.809988021850586,1.1676616651357108e-07,3.326512887724675e-05,6.818031010880077e-07,90.01396341114167,-1.7618495050442107e-05,0.0018274238007490297
10.700000159442425,0.2365388572216034,1.1470160643511917e-05,9.810012817382812,1.089056809178146e-06,0.00023828806297387928,-1.8284008262980933e-07,90.01396341114167,-1.762023627804865e-05,0.0018345604562159004
10.800000160932541,0.0927186906337738,7.440821264026454e-06,9.81009578704834,9.441034620749633e-08,0.000450996623840183,3.417922016524244e-07,90.01396341114167,-1.762197751986605e-05,0.0018417054730768645
10.900000162422657,-0.10623712837696075,1.6811811292427592e-05,9.810049057006836,-2.1088619917009055e-07,0.0005167750641703606,7.778090207466448e-07,90.01396341114167,-1.762371876168345e-05,0.001848840894895426
11.000000163912773,-0.1864119917154312,-2.7473754471429856e-06,9.809988021850586,6.336581463983748e-07,0.00041370635153725743,9.309890174336033e-07,90.01396341114167,-1.762545359440537e-05,0.0018559594568537663
11.10000016540289,-0.1301828920841217,-1.6454232536489144e-05,9.809928894042969,-6.494610715890303e-07,0.0002400423982180655,7.407784892166092e-07,90.01396341114167,-1.7627184121238315e-05,0.0018630665047612237
11.200000166893005,0.0074373031966388226,2.815321749949362e-05,9.809951782226562,-1.4821440572632127e-06,0.00012730837624985725,2.1477441691786225e-07,90.01396341114167,-1.762891464807126e-05,0.0018701742380288528
11.300000168383121,0.1313447207212448,1.752321441017557e-05,9.809989929199219,-1.8573098259366816e-07,0.0001482429215684533,2.0830961489082256e-07,90.01396341114167,-1.7630651598210534e-05,0.0018772937594914334
11.400000169873238,0.13267308473587036,5.628501094179228e-05,9.810037612915039,5.933284796810767e-07,0.0002698403550311923,2.866491968234186e-07,90.01396341114167,-1.7632392840027933e-05,0.0018844250691489655
11.500000171363354,0.04762629419565201,-2.065592707367614e-05,9.810018539428711,-7.368552701336739e-08,0.00038901701918803155,3.8816446590317355e-07,90.01396341114167,-1.7634133030242083e-05,0.001891560490967527
11.60000017285347,-0.06499622017145157,-0.014590973034501076,9.810049057006836,-3.3873937354655936e-05,0.00041904771933332086,-0.0014290758408606052,90.00817824091467,-1.7634566731317136e-05,0.0018986901557606474
11.700000174343586,-0.11008872091770172,0.0009795376099646091,9.809980392456055,3.731062315637246e-05,0.00035654156818054616,0.00015781637921463698,90.00627944832542,-1.7635086109635267e-05,0.001905810088439331
11.800000175833702,-0.07009877264499664,0.004374065902084112,9.809969902038574,-1.3527100009014248e-06,0.00025530424318276346,2.762019903457258e-05,90.0066687691081,-1.763599635751234e-05,0.0019129235787324014
11.900000177323818,0.012479021213948727,-0.0006550815887749195,9.809981346130371,1.4058997521715355e-06,0.0001955875923158601,5.007592335459776e-06,90.0067370709998,-1.7636847687185764e-05,0.0019200383026737808
12.000000178813934,0.07506663352251053,-0.00017416024638805538,9.809980392456055,1.3336990605239407e-06,0.0002126685722032562,1.0945087751679239e-06,90.00674390118897,-1.763768298701507e-05,0.0019271597431448418
12.10000018030405,0.07260642200708389,4.097679993719794e-05,9.810018539428711,5.572035775003314e-07,0.00028403702890500426,2.9175419058447005e-07,90.00674390118897,-1.7638520404261726e-05,0.0019342874889294816
12.200000181794167,0.017574839293956757,-3.0672559660160914e-05,9.810039520263672,7.567068109892716e-07,0.0003506847133394331,3.084088291416265e-07,90.00674390118897,-1.763935675569428e-05,0.0019414170166505674
12.300000183284283,-0.03499415144324303,3.410230783629231e-05,9.810009956359863,7.101548931132129e-07,0.00036475571687333286,6.454216077145247e-07,90.00674390118897,-1.7640193107126834e-05,0.001948543391714864
12.400000184774399,-0.06504702568054199,-1.4276447473093867e-06,9.8100004196167,3.0867212785778975e-08,0.00032531615579500794,4.229248133924557e-07,90.00674390118897,-1.7641029458559387e-05,0.001955663872681685
12.500000186264515,-0.0350470244884491,3.4102504287147895e-05,9.80997085571289,5.860769078935846e-07,0.00026756274746730924,4.6286564270303643e-07,90.00674390118897,-1.7641865824202796e-05,0.0019627813380637504
12.600000187754631,0.00749477231875062,-9.964146556740161e-06,9.80997085571289,4.643499948997487e-07,0.00023538328241556883,2.7509423716765014e-07,90.00674390118897,-1.764270109561039e-05,0.001969899351733954
12.700000189244747,0.05004677549004555,2.4094837499433197e-05,9.8100004196167,-2.9633724807354156e-07,0.0002479863178450614,5.375044338506996e-07,90.00674390118897,-1.76435374612538e-05,0.001977021751709255
12.800000190734863,0.0325678251683712,6.624275101785315e-06,9.810039520263672,5.710515438295261e-07,0.00029037799686193466,1.708540224854005e-07,90.00674390118897,-1.76443737984755e-05,0.0019841473043413454
12.90000019222498,0.017548460513353348,-0.020620817318558693,9.809990882873535,-4.5689950638916343e-05,0.0003273879992775619,-0.002023068256676197,89.99856816475247,-1.76433661209785e-05,0.0019912742276937795
13.000000193715096,-0.027493087574839592,0.0014680915046483278,9.810019493103027,5.11574799020309e-05,0.00033324144897051156,0.00022345254546962678,89.99587707021948,-1.7642488003843937e-05,0.0019983988208216296
13.100000195205212,-0.037521276623010635,0.006062800996005535,9.809990882873535,-3.3326041375403292e-06,0.0003090649261139333,3.906114579876885e-05,89.99643031554226,-1.764215603827779e-05,0.0020055201242206565
13.200000196695328,-0.022520840167999268,-0.0009479831205680966,9.809990882873535,-6.457241852331208e-08,0.00027637602761387825,6.795761237299303e-06,89.99643031554226,-1.7641736235418648e-05,0.002012639234467134
13.300000198185444,0.015005845576524734,3.088429366471246e-05,9.809990882873535,9.834868706093403e-07,0.0002592084347270429,1.4407245316760964e-06,89.99655325894732,-1.7641318592609423e-05,0.0020197595783619207
13.40000019967556,0.022535668686032295,0.014481074176728725,9.809990882873535,3.32749004883226e-05,0.0002681288169696927,0.0014316086890175939,90.00233159898514,-1.764219564392988e-05,0.002026882115409256
13.500000201165676,0.017545532435178757,-0.0010064647067338228,9.810019493103027,-3.762298365472816e-05,0.00029318430460989475,-0.00015775107021909207,90.00422356138523,-1.7642981674725888e-05,0.0020340062973210034
13.600000202655792,0.007532450370490551,-0.00438458239659667,9.810019493103027,2.9063380679872353e-06,0.00031357852276414633,-2.6898855139734223e-05,90.00383424060254,-1.7643373610098934e-05,0.002041131027520888
13.700000204145908,-0.012490597553551197,0.0007143967086449265,9.809981346130371,1.035209820088312e-07,0.0003154364530928433,-4.269462351658149e-06,90.00376593871084,-1.7643826595303835e-05,0.0020482546611444983
13.800000205636024,-0.02249063551425934,0.0001291164953727275,9.81005859375,-2.793876774376258e-07,0.00030069160857237875,-2.689151870072237e-07,90.00376593871084,-1.76442924271214e-05,0.002055376238687594
13.90000020712614,-0.009990643709897995,3.063860640395433e-05,9.809922218322754,-9.450159268453717e-07,0.0002814638428390026,3.7683943787669705e-07,90.00376593871084,-1.7644759324753068e-05,0.002062496993798483
14.000000208616257,0.005009355489164591,1.0121625564352144e-05,9.809981346130371,-2.2837690494270646e-07,0.0002725916856434196,3.7042136113996094e-07,90.00376593871084,-1.7645225142359777e-05,0.0020696181601254754
14.100000210106373,0.015027415938675404,-0.014579921029508114,9.810019493103027,-3.3387477742508054e-05,0.00027882965514436364,-0.0014306296361610293,89.99795344772717,-1.7644386659299016e-05,0.0020767406971728113
14.200000211596489,0.020032677799463272,0.0009688556892797351,9.810039520263672,3.597503018681891e-05,0.00029329032986424863,0.00015836079546716064,89.99606148532708,-1.7643633825059624e-05,0.0020838648790845586
14.300000213086605,-0.0024768838193267584,0.004424358252435923,9.809981346130371,-2.4053324523265474e-06,0.00030437338864430785,2.7764546757680364e-05,89.99645763629893,-1.76432772178714e-05,0.0020909891980683405
14.400000214576721,-0.009976563043892384,-0.0007518862839788198,9.810039520263672,9.254855513063376e-07,0.0003051157109439373,5.055404471931979e-06,89.99645763629893,-1.76428531659667e-05,0.002098112146331779
14.500000216066837,-0.009997664019465446,6.844203744549304e-05,9.809922218322754,-5.241996632321388e-07,0.00029599267872981727,1.3069992519376683e-06,89.99655325894732,-1.764243445734337e-05,0.002105234409235046
14.600000217556953,-0.012497656978666782,-4.889582851319574e-05,9.810019493103027,3.9039377952576615e-07,0.00028554341406561434,3.9498058868048247e-07,89.99655325894732,-1.7642009311202855e-05,0.0021123557126340726
14.70000021904707,0.01750233955681324,1.1503514542710036e-05,9.809990882873535,8.527172781214176e-07,0.000280761974863708,3.551171516846807e-07,89.99655325894732,-1.7641584179273195e-05,0.002119478386753443
14.800000220537186,-0.004977191798388958,0.014560317620635033,9.81005859375,3.1873260013526306e-05,0.00028446881333366036,0.0014310567639768124,90.00232476879597,-1.7642461230593653e-05,0.002126600786728744
14.900000222027302,0.012524480931460857,-0.00102562690153718,9.80997085571289,-3.640314389485866e-05,0.0002931745839305222,-0.00015770735626574606,90.00422356138523,-1.7643246167153848e-05,0.0021337241462082855
15.000000223517418,0.0025195879861712456,-0.004364716820418835,9.8100004196167,3.1064057566254633e-06,0.00029926944989711046,-2.68937128566904e-05,90.00382741041338,-1.7643638116737748e-05,0.0021408477798318956
15.100000225007534,-0.012480070814490318,0.0007339422008953989,9.810029983520508,-1.919979922604398e-06,0.00029948685551062226,-4.257883119862527e-06,90.00382741041338,-1.7644094313595815e-05,0.002147970179807197
15.20000022649765,-0.0024905609898269176,0.014624347910284996,9.809942245483398,3.21742809319403e-05,0.00029349615215323865,0.0014297586167231202,90.0095374485595,-1.7645856985382125e-05,0.0021550927168545323
15.300000227987766,0.0025091685820370913,-0.000922323320992291,9.810049057006836,-3.647559424280189e-05,0.0002882978296838701,-0.00015787749725859612,90.0114294109596,-1.7647536111553563e-05,0.002162215253901868
15.400000229477882,1.3205352843215223e-05,-0.004286424722522497,9.809981346130371,1.7738501583153266e-06,0.00028565124375745654,-2.6940188035950996e-05,90.0110400901769,-1.7648829725658288e-05,0.0021693376538771693
15.500000230967999,1.4168769666866865e-05,0.0007135752239264548,9.809981346130371,1.4971428186072444e-07,0.00028747020405717194,-4.422702204465168e-06,90.0110400901769,-1.765018544119812e-05,0.002176460190924505
15.600000232458115,1.4033330444362946e-05,1.045025510393316e-05,9.810009956359863,6.849522549146059e-08,0.00029251084197312593,-2.9867507578273944e-07,90.0110400901769,-1.7651542236762907e-05,0.002183582590899806
15.70000023394823,1.4040871064935345e-05,4.951276059728116e-05,9.810019493103027,5.119752017890278e-07,0.0002963445440400392,9.494786468167149e-08,90.0110400901769,-1.7652902258191716e-05,0.002190705127947142
15.800000235438347,-0.0024859625846147537,3.0463213988696225e-05,9.810009956359863,-8.702292007001233e-07,0.0002961014397442341,1.772773288166718e-07,90.0110400901769,-1.7654263331223774e-05,0.0021978276649944773
15.900000236928463,0.0025140256620943546,-2.909397335315589e-05,9.809990882873535,1.7884178760141367e-07,0.00029226389597170055,4.3068970967397036e-07,90.0110400901769,-1.765562228683848e-05,0.0022049500649697785
16.00000023841858,1.4033303159521893e-05,1.0450234185555018e-05,9.809990882873535,-2.9206810836512886e-07,0.00028973090229555964,3.007691020684433e-07,90.0110400901769,-1.7656979068192413e-05,0.0022120726020171144
16.100000239908695,1.4029539670445956e-05,-9.081015377887525e-06,9.809990882873535,5.376629133024835e-07,0.000288438139250502,6.326466746031656e-07,90.0110400901769,-1.7658335877968057e-05,0.0022191950019924155
16.20000024139881,1.4037066648597829e-05,2.998148374899756e-05,9.809990882873535,-7.888032769187703e-07,0.00028961861971765757,2.776155554329307e-07,90.0110400901769,-1.7659692673532845e-05,0.002226317539039751
16.300000242888927,1.4029580597707536e-05,-9.080984455067664e-06,9.810019493103027,9.444056559004821e-08,0.000292859913315624,5.284506983116444e-07,90.0110400901769,-1.766104948330849e-05,0.002233440076087087
16.400000244379044,-0.0024859625846147537,3.0463223083643243e-05,9.810019493103027,5.805955716198241e-09,0.00029461015947163105,4.808588300875272e-07,90.0110400901769,-1.766240734468738e-05,0.002240562476062388
16.50000024586916,0.002514029387384653,-9.562733794155065e-06,9.809981346130371,-1.8544487829785794e-06,0.0002939263649750501,3.02056236023418e-07,90.0110400901769,-1.7663764154463024e-05,0.0022476850131097235
16.600000247359276,1.4037080291018356e-05,2.9981494662933983e-05,9.8100004196167,-3.4897536238531757e-07,0.00029266197816468775,4.5384146574178885e-07,90.0110400901769,-1.7665120950027813e-05,0.0022548074130850247
16.700000248849392,1.4029553312866483e-05,-9.081004463951103e-06,9.8100004196167,-9.3295017222772e-07,0.0002903131826315075,6.416418045773753e-07,90.0110400901769,-1.76664777455926e-05,0.0022619299501323606
16.800000250339508,1.403331680194242e-05,1.045024509949144e-05,9.8100004196167,-2.072831364330341e-07,0.0002897558151744306,8.337394774571294e-08,90.0110400901769,-1.766783454115739e-05,0.002269052487179696
16.900000251829624,1.4037053006177302e-05,2.998147283506114e-05,9.809981346130371,-1.568433276588621e-07,0.0002909874601755291,5.310237156663788e-07,90.0110400901769,-1.7669192402536282e-05,0.002276174887154997
17.00000025331974,1.4029580597707536e-05,-9.080984455067664e-06,9.810019493103027,-1.1536171768966597e-06,0.00029202259611338377,3.715254308644944e-07,90.0110400901769,-1.7670549212311926e-05,0.002283297424202333
17.100000254809856,-0.0024859625846147537,3.0463223083643243e-05,9.810019493103027,-1.3930679187978967e-07,0.0002935478405561298,6.223585273801291e-07,90.0110400901769,-1.7671906007876714e-05,0.0022904198241776343
17.200000256299973,0.002514029387384653,-9.562733794155065e-06,9.809981346130371,6.373680321303254e-07,0.0002929057227447629,2.6089958282682346e-07,90.0110400901769,-1.7673262803441503e-05,0.0022975423612249697
17.30000025779009,1.4037080291018356e-05,2.9981494662933983e-05,9.8100004196167,6.899292088746733e-07,0.0002919029211625457,3.1749115692036867e-07,90.0110400901769,-1.7674619613217146e-05,0.002304664761200271
17.400000259280205,1.1551403076737188e-05,-0.014600252732634544,9.8100004196167,-3.218489291612059e-05,0.00029092381009832025,-0.0014301551273092628,90.0051661274907,-1.7674672079692755e-05,0.0023117872982476068
17.50000026077032,1.526189225842245e-05,0.001045606448315084,9.8100004196167,3.64721636287868e-05,0.00029066961724311113,0.00015842632274143398,90.0032741650906,-1.7674814515089565e-05,0.0023189098352949422
17.600000262260437,1.665318268351257e-05,0.00440498162060976,9.8100004196167,-2.2341876046994003e-06,0.0002911384217441082,2.7662812499329448e-05,90.00366348587329,-1.7675355309165752e-05,0.0023260323723422777
17.700000263750553,-0.00248367409221828,-0.0007120461668819189,9.8100004196167,-5.250387289379432e-07,0.00029238281422294676,5.136307208886137e-06,90.00366348587329,-1.7675827550078793e-05,0.002333154635245545
17.80000026524067,0.0025163658428937197,-8.736585004953668e-05,9.8100004196167,4.229330556881905e-07,0.000292702839942649,1.2566923714985023e-06,90.00366348587329,-1.7676293396107212e-05,0.0023402771722928805
17.900000266730785,1.4549094885296654e-05,-0.0145033560693264,9.8100004196167,-3.2572603231528774e-05,0.00029247114434838295,-0.001429949072189629,89.99795344772717,-1.767545916209201e-05,0.002347399709340216
18.0000002682209,1.4532330169458874e-05,0.015536676160991192,9.8100004196167,7.047219696687534e-05,0.0002923326101154089,0.001588681829161942,90.00184665555408,-1.7676016042855736e-05,0.002354522246387552
18.100000269711018,1.4355205166793894e-05,-0.011240446008741856,9.8100004196167,-7.085556717356667e-05,0.0002913506468757987,-0.001560821896418929,89.99834959869902,-1.767556732090725e-05,0.0023616447834348873
18.200000271201134,1.5477566194022074e-05,-0.004052049480378628,9.8100004196167,3.937817382393405e-05,0.00029112122138030827,0.00013571752060670406,89.9961229570296,-1.767475346525771e-05,0.002368767046338154
18.30000027269125,-0.0024851036723703146,0.004971233196556568,9.809981346130371,-1.5919366660455125e-06,0.0002918182872235775,2.4025386665016413e-05,89.99645763629893,-1.7674384011456823e-05,0.0023758895833854896
18.400000274181366,0.0025157660711556673,0.014052201062440872,9.810019493103027,3.179753548465669e-05,0.00029230231302790344,0.0014349431730806828,90.00231110841763,-1.7675270697736778e-05,0.0023830121204328255
18.500000275671482,1.5118062947294675e-05,-0.00114189344458282,9.810019493103027,-3.597101749619469e-05,0.0002922270505223423,-0.00015685928519815207,90.00420990100689,-1.767605566271868e-05,0.002390134657480161
18.600000277161598,1.4910760000930168e-05,-0.004364549648016691,9.809981346130371,2.1418009055196308e-06,0.0002917302190326154,-2.6966647055814974e-05,90.0038205802242,-1.7676447598091727e-05,0.0023972571945274964
18.700000278651714,1.525098650745349e-05,0.0007331065135076642,9.8100004196167,-4.1885877521963266e-07,0.00029189916676841676,-4.203473508823663e-06,90.0038205802242,-1.7676903794949794e-05,0.0024043794574307637
18.80000028014183,1.5210580386337824e-05,0.0001276377442991361,9.8100004196167,-5.709333663617144e-07,0.00029100358369760215,-4.1646762838354334e-07,90.0038205802242,-1.7677369612556504e-05,0.002411501994478099
18.900000281631947,1.5201456335489638e-05,-9.081005373445805e-06,9.8100004196167,-6.692125964491424e-08,0.00029136129887774587,2.2671808608265565e-07,90.0038205802242,-1.7677835458584923e-05,0.0024186245315254346
19.000000283122063,-0.002484795870259404,3.014833237102721e-05,9.8100004196167,4.7286886228903313e-07,0.00029155719676055014,3.515046955726575e-07,90.0038205802242,-1.767830235621659e-05,0.0024257470685727705
19.10000028461218,0.002515202620998025,1.0283404662914108e-05,9.8100004196167,-1.5521439422627736e-07,0.0002919139224104583,3.70803178384449e-07,90.0038205802242,-1.76787681738233e-05,0.002432869605620106
19.200000286102295,1.5201456335489638e-05,-9.081005373445805e-06,9.8100004196167,-5.753361733695783e-07,0.00029194328817538917,4.505548361066758e-07,90.0038205802242,-1.7679234005640865e-05,0.002439991868523373
19.30000028759241,1.520406294730492e-05,2.9981494662933983e-05,9.8100004196167,-8.839541010274843e-07,0.0002926187589764595,4.2353013895990443e-07,90.0038205802242,-1.7679699851669284e-05,0.0024471144055707083
19.400000289082527,1.5202759641397279e-05,1.0450244189996738e-05,9.8100004196167,7.923321021507945e-08,0.00029162480495870113,5.264396349957678e-07,90.0038205802242,-1.7680165669275993e-05,0.002454236942618044
19.500000290572643,1.5201456335489638e-05,-9.081005373445805e-06,9.8100004196167,7.646281119377818e-07,0.00029152334900572896,3.0647609605694015e-07,90.0038205802242,-1.768063256690766e-05,0.0024613594796653797
19.60000029206276,-0.002484795870259404,3.014833237102721e-05,9.8100004196167,-1.0702146937546786e-06,0.00029159479890950024,5.225739982961386e-07,90.0038205802242,-1.768109841293608e-05,0.002468482016712715
19.700000293552876,0.002515201224014163,-9.247844900528435e-06,9.8100004196167,-2.825826186381164e-07,0.00029161295969970524,3.2060339094641677e-07,90.0038205802242,-1.768156423054279e-05,0.002475604279615982
19.80000029504299,1.520406294730492e-05,2.9981494662933983e-05,9.8100004196167,-1.0354964388170629e-06,0.00029146450106054544,5.624282266580849e-07,90.0038205802242,-1.768203007657121e-05,0.002482726816663318
19.900000296533108,1.5202759641397279e-05,1.0450244189996738e-05,9.8100004196167,-1.0557237146713305e-06,0.00029190198983997107,5.058230385657225e-07,90.0038205802242,-1.7682495879967064e-05,0.0024898493537106534
20.000000298023224,1.5201456335489638e-05,-9.081005373445805e-06,9.8100004196167,-5.060825003511127e-08,0.00029193313093855977,6.35727758435678e-07,90.0038205802242,-1.7682962791809587e-05,0.002496971890757989
20.10000029951334,1.7606264009373263e-05,0.014526274986565113,9.8100004196167,3.287706567789428e-05,0.0002916473604273051,0.00143075839150697,90.00953061837033,-1.7684725463595896e-05,0.0025040944278053247
20.200000301003456,-0.0024849683977663517,-0.0008484263089485466,9.8100004196167,-3.761406696867198e-05,0.00029176758835092187,-0.00015767374134156853,90.01142258077043,-1.7686411013073666e-05,0.0025112166907085916
20.300000302493572,0.002513465005904436,-0.019032694399356842,9.8100004196167,-3.131382982246578e-05,0.00029172212816774845,-0.0014573829248547554,90.00524125957156,-1.7686391743154672e-05,0.002518339227755927
20.40000030398369,1.530122426629532e-05,0.0017292002448812127,9.8100004196167,3.565316001186147e-05,0.00029186546453274786,0.0001537108328193426,90.00328099527977,-1.7686526689431048e-05,0.002525461764803263
20.500000305473804,1.548732143419329e-05,0.004463575314730406,9.8100004196167,-2.7297280666971346e-06,0.00029193892260082066,2.6556808734312654e-05,90.00366348587329,-1.7687062097593298e-05,0.0025325843018505984
20.60000030696392,1.5159078429860529e-05,-0.0006731434841640294,9.8100004196167,9.680514949650387e-07,0.00029224244644865394,4.912763415632071e-06,90.00366348587329,-1.7687536498556256e-05,0.002539706838897934
20.700000308454037,1.5196520507743116e-05,-8.720599726075307e-05,9.8100004196167,2.2662561605102383e-06,0.00029180108685977757,1.0498957863092073e-06,90.00366348587329,-1.768800127877057e-05,0.0025468291018012007
20.800000309944153,1.7631862647249363e-05,0.014677301049232483,9.8100004196167,3.269433364039287e-05,0.0002923020510934293,0.001430894830264151,90.00952378818117,-1.7689777848772792e-05,0.0025539516388485366
20.90000031143427,-0.002485015196725726,-0.0010828013764694333,9.8100004196167,-3.517305958666839e-05,0.00029173388611525297,-0.00015760172391310334,90.01142258077043,-1.769145697494423e-05,0.002561074175895872
21.000000312924385,0.0025134726893156767,-0.01895446702837944,9.8100004196167,-3.0069919375819154e-05,0.0002918123500421643,-0.0014574691886082292,90.00524125957156,-1.7691437705025237e-05,0.0025681967129432075
21.1000003144145,1.5300072846002877e-05,0.0017096690135076642,9.8100004196167,3.6338064091978595e-05,0.0002915775985457003,0.0001537892094347626,90.00328099527977,-1.7691571542854945e-05,0.0025753192499905434
21.200000315904617,1.548971704323776e-05,0.004502637777477503,9.8100004196167,-3.7602219435939332e-06,0.00029233357054181397,2.682557351363357e-05,90.00365665568413,-1.7692108073674717e-05,0.0025824415128938103
21.300000317394733,1.5157846064539626e-05,-0.0006926747155375779,9.8100004196167,-2.6288071808266977e-07,0.0002918635436799377,4.827770226256689e-06,90.00365665568413,-1.7692582474637675e-05,0.0025895640499411458
21.40000031888485,1.946934025909286e-05,0.020601864904165268,9.8100004196167,4.5787619455950335e-05,0.000292161013931036,0.0020237257704138756,90.01192118457983,-1.769489877290198e-05,0.0025966865869884817
21.500000320374966,-0.002485165372490883,-0.0014342251233756542,9.8100004196167,-5.19222448929213e-05,0.00029146773158572614,-0.00022313088993541896,90.01459861873448,-1.7697083364964783e-05,0.002603809124035817
21.600000321865082,0.0025136747863143682,-0.006220631301403046,9.8100004196167,3.7830388919246616e-06,0.00029166616150178015,-3.8182653952389956e-05,90.01405220360088,-1.769871001044976e-05,0.0026109316610831526
21.700000323355198,2.053936623269692e-05,0.015561431646347046,9.809981346130371,3.373576691956259e-05,0.00029188208281993866,0.0014240522868931293,90.01974175117951,-1.770172882231691e-05,0.0026180539239864195
21.800000324845314,1.4893275874783285e-05,-0.0008046369766816497,9.810039520263672,-3.831495268968865e-05,0.00029200298013165593,-0.00015863118460401893,90.02162005320126,-1.7704672657714582e-05,0.0026251764610337553
21.90000032633543,2.003736335609574e-05,0.010327056981623173,9.809981346130371,3.541960541042499e-05,0.00029172140057198703,0.0014034670311957598,90.02701590264557,-1.7708537441762928e-05,0.002632298998081091
22.000000327825546,1.5015956705610733e-05,-0.000355418334947899,9.8100004196167,-3.7865953345317394e-05,0.0002918480895459652,-0.00016249922919087112,90.02883956315397,-1.7712370109279618e-05,0.0026394215351284262
22.100000329315662,-0.002486910205334425,-0.004240895621478558,9.8100004196167,1.7362672224408016e-06,0.00029193569207563996,-2.7597548978519626e-05,90.02843658199293,-1.7715818316332843e-05,0.002646544072175762
22.20000033080578,0.0025155707262456417,0.0007566218846477568,9.8100004196167,-6.559093321811815e-07,0.00029192049987614155,-4.532073489826871e-06,90.02843658199293,-1.771933401073511e-05,0.002653666335079029
22.300000332295895,1.524153685750207e-05,9.38003504415974e-05,9.8100004196167,-1.3837713197517587e-07,0.0002915668301284313,-3.321672750189464e-07,90.02843658199293,-1.7722857180046958e-05,0.0026607888721263645
22.40000033378601,1.519306442787638e-05,-3.8558819142053835e-06,9.8100004196167,-3.6143990200798726e-07,0.0002917672973126173,1.7852443079391378e-07,90.02843658199293,-1.7726380349358806e-05,0.0026679114091737004
22.500000335276127,2.3885419068392366e-05,0.01464346144348383,9.8100004196167,3.107399970758706e-05,0.00029147788882255554,0.0014307412784546614,90.03414662013905,-1.773121000780975e-05,0.002675033946221036
22.600000336766243,-0.0901312604546547,-0.0009628605330362916,9.810038566589355,-3.568417741917074e-05,0.0006085332133807242,-0.00015411622007377446,90.03604541272833,-1.7735946485686327e-05,0.002682148258946312
22.70000033825636,-0.545708179473877,-0.004279174376279116,9.81015682220459,3.7770953440485755e-06,0.001139843720011413,-2.4657059839228168e-05,90.03566975232397,-1.7740268532406844e-05,0.002689214048171439
22.800000339746475,-1.2366689443588257,-0.01369553990662098,9.809908866882324,-2.8825576009694487e-05,0.0013756112894043326,-0.0013764577452093363,90.02998703493452,-1.7743305548378885e-05,0.0026961682607606298
22.90000034123659,-1.6900389194488525,0.0013287393376231194,9.809534072875977,3.425469549256377e-05,0.0010668877512216568,0.00014985412417445332,90.02818386499364,-1.7746385395867037e-05,0.002702971419968
23.000000342726707,-1.642913579940796,0.004284880589693785,9.809327125549316,-2.802730932671693e-06,0.00044608881580643356,2.8631442546611652e-05,90.028559525398,-1.7749777924791488e-05,0.002709626815522373
23.100000344216824,-1.212680697441101,-0.0005958236288279295,9.80943489074707,5.487253815772419e-07,-0.00012551998952403665,6.791344276280142e-06,90.02863465747886,-1.7753061214875743e-05,0.0027161739241696333
23.20000034570694,-0.6895900964736938,-7.544770778622478e-05,9.80972671508789,1.8053058283840073e-06,-0.00030268976115621626,2.437276634736918e-06,90.0286483178572,-1.7756303819282948e-05,0.0027226590762573807
23.300000347197056,-0.43409374356269836,-7.588874268549262e-06,9.809988021850586,3.450172698649112e-07,-2.0550762656057486e-06,1.7988875242735958e-06,90.02866197823555,-1.7759528233796118e-05,0.0027291052998873818
23.400000348687172,-0.5965206027030945,3.471792661002837e-05,9.810044288635254,1.1376480415492551e-06,0.0005030410829931498,2.202348241553409e-06,90.02866880842471,-1.776272586084815e-05,0.002735498339568066
23.500000350177288,-0.9943603277206421,1.897836227726657e-05,9.809959411621094,-2.4416709720753715e-07,0.00082242744974792,3.4600382150529185e-06,90.02868246880305,-1.776587960478082e-05,0.002741802008282374
23.600000351667404,-1.312299132347107,2.502347342669964e-06,9.809741973876953,-7.106988419991467e-08,0.0007665977464057505,2.9918817290308652e-06,90.02869612918138,-1.7768976576348905e-05,0.0027479880691912355
23.70000035315752,-1.3400185108184814,5.5739023082423955e-05,9.809569358825684,1.148576416198921e-06,0.00043548987014219165,3.1080439839570317e-06,90.0287166197489,-1.7772013563899236e-05,0.0027540537808539638
23.800000354647636,-1.0823774337768555,2.4621456759632565e-05,9.809612274169922,-5.129460305397515e-07,6.975830910960212e-05,2.477998350514099e-06,90.02873028012723,-1.7775006668330207e-05,0.0027600227196604623
23.900000356137753,-0.7419856190681458,3.0056293326197192e-05,9.80975341796875,1.2540967873064801e-06,-7.225532317534089e-05,1.7475875893069315e-06,90.02873711031641,-1.7777965496179604e-05,0.0027659250414582815
24.00000035762787,-0.5416227579116821,0.012783694081008434,9.809920310974121,2.0995021259295754e-05,9.943499026121572e-05,0.0012179139303043485,90.03381194086973,-1.7782039122948845e-05,0.0027717788397559513
24.100000359117985,-0.6240429878234863,-0.0023217450361698866,9.810009956359863,-2.998017407662701e-05,0.00043683344847522676,-0.00015802955022081733,90.03521895983876,-1.7785870710440577e-05,0.002777576986807687
24.2000003606081,-0.8742478489875793,-0.0040681203827261925,9.809942245483398,3.548701670297305e-06,0.0006772126071155071,-2.0878465875284746e-05,90.03485695981274,-1.778928678675129e-05,0.002783296454511723
24.300000362098217,-1.109544038772583,-0.011784207075834274,9.809828758239746,-1.9576125851017423e-05,0.0006632509757764637,-0.001164088724181056,90.029925563232,-1.7791594530081056e-05,0.002788916407918843
24.400000363588333,-1.1371934413909912,0.002555414568632841,9.80966854095459,2.9350327167776413e-05,0.00043454801198095083,0.0001598232047399506,90.0286278272897,-1.7794081102806558e-05,0.0027944346538764974
24.50000036507845,-0.9520880579948425,0.004085031803697348,9.809710502624512,-3.693304279295262e-06,0.0001712594530545175,2.54968417721102e-05,90.02899665750488,-1.779689000613871e-05,0.002799867366884736
24.600000366568565,-0.7068029642105103,-0.0004913561278954148,9.809802055358887,-2.0233896975696553e-06,6.12102376180701e-05,4.807467121281661e-06,90.0290581292074,-1.7799621815584032e-05,0.0028052370267571875
24.70000036805868,-0.5540363192558289,-8.028017327887937e-05,9.80992317199707,1.6910721569729503e-06,0.00018744097906164825,2.198774154749117e-06,90.02907178958574,-1.7802320414261885e-05,0.0028105567924091466
24.800000369548798,-0.6114736199378967,7.579397788504139e-06,9.80998706817627,-1.2545416439024848e-06,0.0004443538491614163,2.2113022168923635e-06,90.02908544996409,-1.780499117387535e-05,0.0028158217292473774
24.900000371038914,-0.8066303730010986,9.04662738321349e-06,9.809935569763184,1.2618844493772485e-06,0.000629010028205812,2.6151142265007365e-06,90.02909228015325,-1.780762339365083e-05,0.0028210142920514878
25.00000037252903,-0.9868550300598145,4.206288940622471e-05,9.809853553771973,-3.095266833952337e-07,0.0006115038995631039,3.15019042318454e-06,90.0291059405316,-1.7810215979352506e-05,0.0028261185804654954
25.100000374019146,-0.9994646906852722,4.861229899688624e-05,9.80974292755127,1.2845786159232375e-06,0.0004223809519317001,2.888040171455941e-06,90.02911960090994,-1.781276358769901e-05,0.002831133497913127
25.200000375509262,-0.8343601822853088,2.3512693587690592e-05,9.80976390838623,-1.4275238982008887e-06,0.00020836113253608346,2.581986564109684e-06,90.0291264310991,-1.7815276933674795e-05,0.002836073299885951
25.300000376999378,-0.6316093802452087,-2.0755544028361328e-05,9.8098783493042,-6.271428674153867e-07,0.00013117601338308305,2.3196719212137396e-06,90.02913326128827,-1.7817759228933028e-05,0.0028409563540365665
25.400000378489494,-0.5164003372192383,7.707222539465874e-05,9.809897422790527,-1.5597577203152468e-06,0.0002575610124040395,1.9310464267618954e-06,90.02914009147744,-1.7820221160036454e-05,0.0028457933519836502
25.50000037997961,-0.5863743424415588,-6.303803093032911e-05,9.810015678405762,-7.772856065457745e-07,0.00048622419126331806,1.7867582755570766e-06,90.02914692166661,-1.7822652040422327e-05,0.0028505777142695554
25.600000381469727,-0.7740309834480286,7.152256875997409e-05,9.809948921203613,-4.844433121320435e-08,0.0006302298861555755,1.966746822290588e-06,90.02915375185579,-1.7825050818487398e-05,0.0028552927181060947
25.700000382959843,-0.9067243933677673,2.4036669401539257e-06,9.809831619262695,1.3881536631288327e-07,0.0005857341457158327,2.6382747364550596e-06,90.02916741223412,-1.782740996247867e-05,0.0028599265752983164
25.80000038444996,-0.891787052154541,3.3990421798080206e-05,9.809808731079102,1.154273263637151e-06,0.0003961911716032773,1.8486897488401155e-06,90.0291742424233,-1.782972947239614e-05,0.0028644803824224956
25.900000385940075,0.0244828462600708,-2.284715947098448e-06,9.807394027709961,3.3209826710844936e-07,-0.0002715703740250319,-1.269926883651351e-06,90.02918107261246,-1.783204898231361e-05,0.0028690363826992236
26.00000038743019,-0.2610560357570648,4.522350718616508e-05,9.815157890319824,-8.617521984888299e-07,0.0014963791472837329,2.7880257675860776e-06,90.02918107261246,-1.7834359923085685e-05,0.002873569080730117
26.100000388920307,-0.41579297184944153,6.974310053919908e-06,9.793844223022461,-9.158287070931692e-07,-0.0005951187922619283,3.0705582076961946e-08,90.02918107261246,-1.7836650528124665e-05,0.0028780644951676756
26.200000390410423,-0.5086181163787842,-2.400576340733096e-05,9.808467864990234,1.2757311651512282e-07,0.0009623634396120906,2.038032334894524e-06,90.02918790280164,-1.7838916505752422e-05,0.0028825141275457713
26.30000039190054,-1.5495933294296265,3.7308785977074876e-05,9.82433795928955,-2.0774379549948208e-08,0.0009760988177731633,2.006925569730811e-06,90.0291947329908,-1.784111286440293e-05,0.002886825043025135
26.400000393390656,-1.5800312757492065,0.029237497597932816,9.814521789550781,3.939517409889959e-05,-8.273845014628023e-05,0.0022948686964809895,90.03977469601516,-1.7845826860707348e-05,0.0028909942260210123
26.50000039488077,-0.574310302734375,0.009455034509301186,9.808634757995605,-2.55994909821311e-05,-0.0012172101996839046,0.0014302069321274757,90.04903643252969,-1.7851339734420435e-05,0.0028951118699319846
26.600000396370888,0.299203485250473,-0.008380802348256111,9.808423042297363,-2.237346416222863e-05,-0.0007114903419278562,0.00036226637894287705,90.05284767808655,-1.7856122269677144e-05,0.0028992563799616843
26.700000397861004,-0.26333966851234436,0.006761424243450165,9.809371948242188,1.1930189430131577e-05,0.0006436147959902883,0.0009224475361406803,90.0587353011511,-1.786148520466213e-05,0.0029033773136014802
26.80000039935112,-1.2441558837890625,0.0010403795167803764,9.809507369995117,-9.949803825293202e-06,0.0008082489366643131,0.0005751402350142598,90.06298367881486,-1.78668138772764e-05,0.002907386944749409
26.900000400841236,-1.3045459985733032,0.0070017301477491856,9.809248924255371,1.013108339975588e-05,-0.0001360658061457798,0.001110001583583653,90.06880299998771,-1.7872628731652185e-05,0.0029112792422359597
27.000000402331352,-0.3863988518714905,-0.011745495721697807,9.809457778930664,-2.6552868803264573e-05,-0.001078341156244278,-0.00036701589124277234,90.06837269807,-1.7877349151262933e-05,0.0029151369975698614
27.10000040382147,0.25939053297042847,-0.002986158011481166,9.809908866882324,1.529852488602046e-05,-0.0004213311767671257,-8.628728210169356e-06,90.06792190558477,-1.7881827545807027e-05,0.0029190183292936663
27.200000405311584,-0.4659237861633301,0.0012009585043415427,9.810297966003418,4.765972335007973e-06,0.0007610984030179679,1.0625400364006055e-06,90.0679150753956,-1.7886364844343916e-05,0.002922857442830901
27.3000004068017,-1.2341413497924805,0.0001577747316332534,9.809941291809082,1.9035999230254674e-06,0.0005517507088370621,1.2407081158016808e-06,90.06792190558477,-1.7890785414920174e-05,0.0029265860763084735
27.400000408291817,-1.016757607460022,0.011559497565031052,9.809602737426758,1.729134783090558e-05,-0.00037271715700626373,0.0009173418511636555,90.07214979268102,-1.7896124802518898e-05,0.0029302236939552574
27.500000409781933,-0.12284285575151443,1.8682730197906494,9.807984352111816,0.007570055779069662,-0.0015626869862899184,0.20867407321929932,90.78910791966808,-1.8068372952484424e-05,0.002933847878542678
27.60000041127205,2.1233644485473633,3.2261831760406494,9.804577827453613,0.0014404926914721727,-0.0030313844326883554,0.3009437322616577,92.3591225230439,-1.8536853033879197e-05,0.002937650805062852
27.700000412762165,4.340364933013916,1.2589367628097534,9.80616283416748,-0.0010644749272614717,-0.0027850542683154345,0.2705400288105011,93.90916565328658,-1.9143750179750896e-05,0.002941834517694367
27.80000041425228,4.935534477233887,0.6509418487548828,9.836215019226074,0.0005672691622748971,-0.00014532978821080178,0.24890480935573578,95.29952579092355,-1.9849009348149593e-05,0.0029464538452509507
27.900000415742397,2.234229564666748,0.48174411058425903,9.780229568481445,0.0006973030394874513,0.0006694269250147045,0.19981035590171814,96.49958319790562,-2.0619367035124014e-05,0.0029512667185199945
28.000000417232513,2.966740608215332,0.4798649251461029,9.800739288330078,0.0010715031530708075,-0.004046261310577393,0.17796988785266876,97.51350428962651,-2.146675277003851e-05,0.0029563381096457658
28.10000041872263,5.25701379776001,0.5496205687522888,9.806076049804688,0.0010256317909806967,-0.0008140515419654548,0.1485770344734192,98.40571824052692,-2.2431467897376933e-05,0.002961868692086509
28.200000420212746,4.352846145629883,2.3665895462036133,9.804861068725586,0.008781367912888527,-0.0010910186683759093,0.3644060790538788,99.93540740704299,-2.3671738503594497e-05,0.0029677468892062874
28.300000421702862,3.9320640563964844,5.298321723937988,9.79405689239502,0.014324983581900597,0.005071410443633795,0.646621823310852,102.85768335286544,-2.5452154304161922e-05,0.002973863591665783
28.400000423192978,-0.6573116779327393,6.700954914093018,9.78951644897461,0.006716685835272074,0.00788786355406046,0.7815062403678894,107.01461161381606,-2.778795814606383e-05,0.0029797480940991403
28.500000424683094,-3.718837022781372,7.028348922729492,9.780363082885742,0.010284448973834515,0.009209240786731243,0.9650989770889282,111.96353445997552,-3.05810557250652e-05,0.0029850884205562473
28.60000042617321,-4.515231132507324,7.57118558883667,9.773650169372559,0.00445497315376997,0.005687432829290628,0.9919938445091248,117.45607206217629,-3.3787483303626686e-05,0.002989757368189255
28.700000427663326,-2.9726204872131348,7.811602592468262,9.768488883972168,0.00914542656391859,0.004884023685008287,1.115337610244751,123.4331842652328,-3.742909102300018e-05,0.002993819909142431
28.800000429153442,-1.0346581935882568,9.115058898925781,9.75838851928711,0.007929530926048756,0.004404799547046423,1.2328407764434814,130.13288950134162,-4.163339445995007e-05,0.0029972867350344526
28.90000043064356,2.390998601913452,6.8914008140563965,9.77608585357666,-0.0007700752466917038,0.0002715848386287689,1.0796598196029663,136.47732927796142,-4.6416827203188404e-05,0.0030004561146119994
29.000000432133675,3.5218467712402344,7.280363082885742,9.769121170043945,0.011392317712306976,0.005191049072891474,1.253673791885376,143.14106673790096,-5.1842643784993925e-05,0.0030032956988749722
29.10000043362379,3.0603301525115967,9.858566284179688,9.748251914978027,0.009442158043384552,0.007390839047729969,1.3935682773590088,150.7333957362604,-5.7938335672247376e-05,0.0030055017361953185
29.200000435113907,3.5459868907928467,7.664273262023926,9.767317771911621,-0.002361176535487175,0.007960410788655281,1.1732550859451294,157.8473109643955,-6.458651351692879e-05,0.0030071945758191705
29.300000436604023,0.584259033203125,5.575761795043945,9.78370475769043,0.0013843453489243984,0.00708181643858552,1.0302308797836304,163.9293075523467,-7.14224457851742e-05,0.003008424934399227
29.40000043809414,0.3271942138671875,5.6578240394592285,9.783894538879395,0.0009196961764246225,0.0038243571761995554,0.8784838914871216,169.16996143833575,-7.838193565135043e-05,0.0030091651233845546
29.500000439584255,1.4382264614105225,3.952195882797241,9.795454978942871,-0.004023489076644182,0.001544295810163021,0.6286892294883728,173.21198542687924,-8.55111720881041e-05,0.0030095716790383476
29.60000044107437,1.217516541481018,2.278369665145874,9.803825378417969,-0.00391757907345891,0.0015559745952486992,0.4370778203010559,176.035927139221,-9.276337928554312e-05,0.0030097835924034065
29.700000442564487,-0.37769365310668945,1.6826107501983643,9.807097434997559,-0.0036044372245669365,0.002912071766331792,0.3054799735546112,178.00236592202435,-9.998687845325094e-05,0.003009845000674782
29.800000444054604,-2.8397634029388428,0.7081203460693359,9.808670043945312,-0.004799141548573971,0.002814558567479253,0.15443211793899536,179.156285401163,-0.00010695649453396072,0.0030098403402256148
29.90000044554472,-4.109934329986572,0.36455726623535156,9.807045936584473,-0.0024869926273822784,0.0018605379154905677,0.09648250788450241,179.80819963668404,-0.00011355753244401967,0.0030098025083441426
30.000000447034836,-4.528213024139404,0.37387895584106445,9.806045532226562,-0.0017605110770091414,0.0009178424952551723,0.064638152718544,180.22900759144852,-0.00011975233168470822,0.003009732875750708
30.100000448524952,-4.41701602935791,0.24346590042114258,9.805810928344727,-0.0012541082687675953,-0.0003641444491222501,0.0440189391374588,180.5139767439998,-0.00012555093279331686,0.0030096456979368806
30.200000450015068,-3.5507752895355225,0.1315457820892334,9.806702613830566,-0.0008337158942595124,-0.0016076175961643457,0.030980555340647697,180.7105222675561,-0.00013103111555778924,0.0030095505699450622
30.300000451505184,-2.1641767024993896,0.08383297920227051,9.808212280273438,-0.0005033272318542004,-0.0026759288739413023,0.022743918001651764,180.85204378715875,-0.0001363173414006269,0.0030094513297922146
30.4000004529953,-0.15642760694026947,0.06625860929489136,9.809494018554688,-0.0002726316452026367,-0.004032888915389776,0.01732185110449791,180.95818492686075,-0.0001415897144028122,0.003009346058469857
30.500000454485416,1.9972846508026123,0.042076826095581055,9.80976676940918,-0.0001558272633701563,-0.0031303351279348135,0.013716530054807663,181.0406253101428,-0.000147041386171054,0.0030092339335457833
30.600000455975533,1.7336549758911133,-0.35226476192474365,9.810532569885254,-0.001216998090967536,-7.83292343840003e-05,-0.029087506234645844,180.9493603224531,-0.00015264915731449946,0.0030091508678929853
30.70000045746565,-0.52088862657547,-0.21571719646453857,9.81094741821289,0.00020125252194702625,0.0017700988100841641,-0.017628604546189308,180.83040574786816,-0.00015821042674701857,0.003009087814757198
30.800000458955765,-2.0871474742889404,0.0047702789306640625,9.809754371643066,0.00014226872008293867,0.0013229772448539734,-0.010018170811235905,180.76054657303726,-0.00016358440439034894,0.0030090266806298916
30.90000046044588,-2.3030858039855957,0.0010318756103515625,9.808918952941895,4.502804949879646e-05,0.000281325337709859,-0.006710379850119352,180.71710656991598,-0.00016875179734654466,0.0030089680137992026
31.000000461935997,-1.872064232826233,-0.01780390739440918,9.809041976928711,1.0543095413595438e-05,-0.0007693787920288742,-0.00503590377047658,180.68643902054262,-0.00017375136272335112,0.0030089129108414056
31.100000463426113,-0.787921130657196,-0.016049742698669434,9.80929183959961,2.4936161935329437e-07,-0.002156501403078437,-0.0038919909857213497,180.6626426414743,-0.00017868037028279105,0.003008860275180227
31.20000046491623,0.6987527012825012,-0.005462050437927246,9.809808731079102,8.09505581855774e-06,-0.0015391777269542217,-0.0027758998330682516,180.64529396098246,-0.00018367220820891816,0.0030088073653749795
31.300000466406345,-0.13045115768909454,-0.003634929656982422,9.810730934143066,6.505870260298252e-07,0.0008685876382514834,-0.0022669134195894003,180.63181116756084,-0.00018865241217724815,0.0030087547297138004
31.40000046789646,-2.789518117904663,-0.00732421875,9.809952735900879,3.9886683225631714e-05,0.013523563742637634,-0.0014617275446653366,180.62151124229248,-0.00019338244254640813,0.003008705657925514
31.500000469386578,-18.19738006591797,-0.06069183349609375,9.747370719909668,-0.0005216782446950674,0.002413127338513732,-0.009720663540065289,180.58984648530028,-0.00019647967083358253,0.0030086785176627186
31.600000470876694,-2.625854730606079,-0.09061717987060547,9.829642295837402,4.9221329391002655e-05,-0.011076840572059155,-0.00848440732806921,180.54177561392174,-0.0001993421289938624,0.0030086620690186004
31.70000047236681,5.291611671447754,-0.016201496124267578,9.815044403076172,2.0481646060943604e-05,-0.008214532397687435,-0.007946139201521873,180.49733840318163,-0.00020268007288848366,0.0030086428789337953
31.800000473856926,5.549612522125244,-0.026729583740234375,9.807644844055176,-1.0447576642036438e-05,-0.004721955396234989,-0.007578487507998943,180.45458141897737,-0.00020651618798694926,0.0030086217698405103
31.900000475347042,5.46115255355835,-0.004805088043212891,9.812101364135742,-1.683528535068035e-05,-0.003081803908571601,-0.0066671124659478664,180.41638700113865,-0.00021084216425037994,0.0030085979193065385
32.00000047683716,4.0100297927856445,-0.016872406005859375,9.82562255859375,5.1872339099645615e-05,0.004322139546275139,-0.005512451287358999,180.38309665912402,-0.00021552771472954646,0.0030085729721962924
32.100000478327274,-1.0477097034454346,0.0014505386352539062,9.782797813415527,4.4893473386764526e-05,0.004796331282705069,-0.00408175541087985,180.3566365062794,-0.00022011890824558122,0.0030085482992301144
32.20000047981739,-1.2452996969223022,-0.02775251865386963,9.777605056762695,-4.327273927628994e-06,0.0014528281753882766,-0.0031677689403295517,180.33630986330942,-0.00022459818247000385,0.003008526915992761
32.30000048130751,-1.2255926132202148,0.00926053524017334,9.839072227478027,-1.3782409951090813e-06,0.0018939587753266096,-0.0028677505906671286,180.31960322059956,-0.00022896742208899923,0.003008505532755407
32.40000048279762,-1.8835060596466064,0.002646803855895996,9.817099571228027,2.140924334526062e-05,0.0009662926895543933,-0.0014512855559587479,180.30901642738604,-0.0002331676861615506,0.0030084844236621215
32.50000048428774,-1.522050142288208,-0.012088537216186523,9.80937385559082,-1.4586476027034223e-05,-0.0002549908240325749,-0.0017943673301488161,180.299372200278,-0.00023723144363430038,0.0030084655077213854
32.600000485777855,-0.36352479457855225,-0.07611343264579773,9.808356285095215,-0.00010123022366315126,-0.00157689000479877,-0.007196830119937658,180.26393717886396,-0.0002412627150363278,0.0030084531712382965
32.70000048726797,0.7925507426261902,-0.020918071269989014,9.808940887451172,7.381604518741369e-05,-0.0011157237458974123,-0.0041604964062571526,180.2365754410489,-0.00024536521247853216,0.0030084427537636882
32.80000048875809,0.31312862038612366,-0.001262962818145752,9.809922218322754,2.6800378691405058e-05,0.0006101126200519502,-0.0029060894157737494,180.2167132509425,-0.0002494958096974642,0.00300843233628908
32.9000004902482,-1.0213249921798706,0.0035246610641479492,9.810090065002441,1.0054092854261398e-05,0.0011666081845760345,-0.0023356368765234947,180.20078524979803,-0.0002535347913976693,0.003008421644670403
33.00000049173832,-1.3567168712615967,0.004418611526489258,9.80949878692627,1.7726706573739648e-06,5.448831507237628e-05,-0.002064623637124896,180.18768494696994,-0.00025745205313398856,0.0030084112271957946
33.100000493228436,-0.21314533054828644,0.0031363368034362793,9.80937385559082,-3.4887343645095825e-06,-0.0014292801497504115,-0.0017699560848996043,180.1780543802402,-0.0002613502275750079,0.003008400261433049
33.20000049471855,0.4289161264896393,-0.003771871328353882,9.81006908416748,1.1599913705140352e-05,0.0006421905709430575,-0.000684982689563185,180.17360109690136,-0.0002652869706594174,0.0030083898439584407
33.30000049620867,-0.8455200791358948,0.002429783344268799,9.810260772705078,-2.2658321540802717e-05,-0.0003550283727236092,-0.0013048124965280294,180.16552781330242,-0.00026914786151621684,0.003008379152339764
33.400000497698784,-0.04950685799121857,-0.014896713197231293,9.80981159210205,-3.953464329242706e-06,0.0009085919009521604,-0.0014694335404783487,180.15703105797493,-0.0002730043489407308,0.0030083701055854985
33.5000004991889,-2.184957981109619,-0.019208431243896484,9.810158729553223,1.2215692549943924e-05,0.0022968915291130543,-0.0007814458222128451,180.15324713317474,-0.0002766648062220156,0.003008362977839714
33.600000500679016,-2.60071063041687,0.0067560672760009766,9.808634757995605,-1.41095370054245e-06,-0.0009633218869566917,-0.0005341184441931546,180.14804252902718,-0.00028009198402401125,0.003008356124237998
33.70000050216913,0.7050138115882874,-0.009266138076782227,9.808786392211914,-4.5772409066557884e-05,-0.003908177372068167,-0.0026529626920819283,180.1370595848418,-0.0002835825405043124,0.003008349818924419
33.80000050365925,3.7147159576416016,-0.0031156539916992188,9.808279991149902,1.3274140655994415e-05,-0.003978210501372814,-0.0020120395347476006,180.1251204141726,-0.00028740652473402406,0.003008342965322703
33.900000505149364,4.442336559295654,-0.008923530578613281,9.807909965515137,6.385729648172855e-06,-0.0011469878954812884,-0.0016063327202573419,180.1153532436595,-0.0002916290458756521,0.003008336385865056
34.00000050663948,2.843167543411255,-0.00027298927307128906,9.826828002929688,-7.890412234701216e-06,-0.00017500018293503672,-0.0015916721895337105,180.10468448817596,-0.00029610646960520626,0.0030083289839752028
34.1000005081296,2.1780378818511963,-0.0037720203399658203,9.806585311889648,1.234002411365509e-05,0.0023139629047363997,-0.001002485048957169,180.0969253932788,-0.0003007790839149038,0.0030083221303734867
34.20000050961971,1.2053149938583374,-0.004531979560852051,9.790057182312012,2.2095919121056795e-05,-0.00031304071308113635,0.0003273351467214525,180.0969253932788,-0.00030555957393119115,0.003008315002627702
34.30000051110983,3.2630319595336914,-0.00030875205993652344,9.806681632995605,-4.5879511162638664e-05,-0.0015690152067691088,-0.0015793227357789874,180.0906689399991,-0.00031063267844899656,0.003008307600737849
34.400000512599945,4.16544771194458,-0.011280536651611328,9.80892562866211,1.5326280845329165e-05,0.00043424489558674395,-0.0010154744377359748,180.0862429774169,-0.00031607933853194936,0.0030083007471361327
34.50000051409006,1.6188191175460815,-0.0022575855255126953,9.811999320983887,-4.2156316339969635e-06,0.003999701235443354,-0.0014365894021466374,180.0791395806801,-0.0003216709865654366,0.003008293619390348
34.60000051558018,-1.6654436588287354,-0.0002434253692626953,9.811553955078125,3.232667222619057e-05,0.004357879050076008,0.000190098347957246,180.07662607106553,-0.00032711295192200396,0.003008287039932701
34.70000051707029,-2.9646048545837402,0.011249303817749023,9.809441566467285,-1.8562190234661102e-05,0.00337722385302186,-0.0009657731279730797,180.07403059918093,-0.0003322888262289325,0.0030082796380428473
34.80000051856041,-3.2659494876861572,-0.0008876323699951172,9.808307647705078,2.25558178499341e-05,0.0018572708358988166,0.00013499901979230344,180.07403059918093,-0.0003371716747579967,0.0030082725102970626
34.900000520050526,-2.7759346961975098,-0.03173208236694336,9.808168411254883,-1.4737423043698072e-05,0.0005092002684250474,-0.0009371407213620842,180.06853912708823,-0.00034180563474706105,0.003008268672280102
35.00000052154064,-1.1031805276870728,0.0010901689529418945,9.80675220489502,4.73798718303442e-06,-0.0013713277876377106,-0.001540902885608375,180.05935935284376,-0.00034634080007833745,0.003008264834263141
35.10000052303076,0.22546494007110596,-0.0027070194482803345,9.814688682556152,4.098017234355211e-05,-0.0011178512359037995,0.0003316508955322206,180.05935935284376,-0.00035089635488816384,0.0030082612703902487
35.200000524520874,0.5830667614936829,-0.005584597587585449,9.80786418914795,-2.2524327505379915e-05,-0.000683295598719269,-0.0009929101215675473,180.0559579186371,-0.0003555043054603857,0.0030082582548054933
35.30000052601099,0.4278450906276703,0.007115989923477173,9.809980392456055,2.2006221115589142e-05,0.0006696200580336154,0.00017717709124553949,180.05235157875532,-0.0003601507047363839,0.0030082544167885326
35.400000527501106,-0.745926558971405,-0.006773710250854492,9.810457229614258,-5.476176738739014e-06,0.0017513118218630552,2.6824713131645694e-05,180.05235157875532,-0.00036473017861737844,0.003008251127059709
35.50000052899122,-0.9080176949501038,0.00588148832321167,9.796964645385742,-8.831375453155488e-07,-4.6234326873673126e-05,3.63405547432194e-06,180.05235157875532,-0.00036922819741391777,0.0030082475631868165
35.60000053048134,-0.6470345854759216,0.0006268620491027832,9.804224014282227,9.004725143313408e-07,0.0007232019561342895,1.6317153495037928e-06,180.05235157875532,-0.00037366816620476584,0.0030082439993139244
35.700000531971455,-1.4565601348876953,-0.0011008977890014648,9.830848693847656,2.5081681087613106e-07,0.0007907131221145391,1.85408998731873e-06,180.05235157875532,-0.0003779775396282048,0.0030082407095851004
35.80000053346157,-1.5062764883041382,0.0039463043212890625,9.81183910369873,6.300542736425996e-07,-0.00017252168618142605,9.243210570275551e-07,180.05235157875532,-0.0003821518285462844,0.0030082371457122083
35.90000053495169,-0.49235180020332336,0.0028925538063049316,9.80807876586914,-1.8256716430187225e-05,-0.0012518279254436493,-0.0010286793112754822,180.05235157875532,-0.0003862820145599244,0.0030082333076952472
36.0000005364418,0.3242662847042084,-0.002762913703918457,9.808462142944336,2.82138935290277e-05,-0.0006251038867048919,0.00029954969068057835,180.05235157875532,-0.0003904413969024745,0.003008229743822355
36.10000053793192,-0.3474580645561218,-0.0021794140338897705,9.809441566467285,-7.372989784926176e-06,0.0007412289851345122,0.00015899697609711438,180.04847203130674,-0.0003945696638965046,0.0030082261799494626
36.200000539422035,-1.2766953706741333,0.003645181655883789,9.8095064163208,-4.249915946274996e-06,0.0007703012088313699,0.0018324162811040878,180.04847203130674,-0.00039858340720400065,0.0030082226160765705
36.30000054091215,-1.2363860607147217,0.0011249780654907227,9.809297561645508,-7.034599548205733e-06,-0.00018044185708276927,0.004664742387831211,180.0559579186371,-0.00040248625923311465,0.0030082193263477465
36.40000054240227,-0.3363344371318817,-0.002187967300415039,9.809486389160156,-3.903987817466259e-06,-0.0010019807377830148,0.0041072736494243145,180.05235157875532,-0.0004063589896787789,0.0030082157624748544
36.500000543892384,0.2059270143508911,0.002297446131706238,9.80992603302002,-2.0132079953327775e-05,-0.00029381486820057034,0.003493731375783682,180.04847203130674,-0.00041025032767549874,0.003008212198601962
36.6000005453825,-0.5444374084472656,-0.002027571201324463,9.810345649719238,2.0653242245316505e-05,0.00080021598841995,0.005883905570954084,180.04847203130674,-0.00041409279947401956,0.0030082086347290697
36.700000546872616,-1.093017339706421,-0.02424752712249756,9.80984115600586,-3.4597222111187875e-05,-0.0002554879756644368,0.004285397008061409,180.03957912500738,-0.00041783723050059507,0.003008207538152795
36.80000054836273,0.35728442668914795,0.019774019718170166,9.8093843460083,3.238546196371317e-05,-0.0017746919766068459,0.003650152590125799,180.03957912500738,-0.00042161377065497163,0.0030082047967121086
36.90000054985285,2.0207529067993164,0.008584737777709961,9.809218406677246,-9.511364623904228e-06,-0.002783582080155611,5.711105404770933e-05,180.03957912500738,-0.0004255716913945662,0.003008200958695148
37.000000551342964,3.835535764694214,-0.024927139282226562,9.807811737060547,-2.580462023615837e-05,-0.0029277990106493235,-0.0011161640286445618,180.03427889821145,-0.00042987369717195634,0.0030081993138307357
37.10000055283308,4.578855991363525,0.014674663543701172,9.838282585144043,1.726672053337097e-05,0.0015347010921686888,0.00029792331042699516,180.03957912500738,-0.00043458637078686024,0.0030081957499578436
37.200000554323196,1.9519011974334717,0.0012799501419067383,9.778103828430176,-6.048590876162052e-06,0.0007725997129455209,4.170602551312186e-05,180.03957912500738,-0.0004394739140565207,0.003008192186084951
37.30000055581331,2.918790817260742,-0.0043337345123291016,9.802776336669922,-1.771491952240467e-06,-0.0009873829549178481,-5.906672595301643e-05,180.03427889821145,-0.00044462305929471313,0.003008188622212059
37.40000055730343,4.363776206970215,-0.00026607513427734375,9.807737350463867,5.793990567326546e-07,-0.001340070040896535,0.0003292952023912221,180.03957912500738,-0.00045016354516747015,0.003008185058339167
37.500000558793545,5.079928398132324,-0.003116607666015625,9.806865692138672,7.10715539753437e-07,-0.001061128219589591,-0.0015249656280502677,180.0279814637967,-0.0004561595214340741,0.003008181768610343
37.60000056028366,5.394777774810791,-0.006213188171386719,9.80549430847168,-1.169287133961916e-05,-0.0006761070690117776,0.0038108685985207558,180.03427889821145,-0.00046263919064415404,0.0030081782047374508
37.70000056177378,5.568060398101807,-0.0006461143493652344,9.804349899291992,1.7639598809182644e-05,-0.00033697806065902114,-0.00328684039413929,180.0279814637967,-0.0004696180419330176,0.003008174640864558
37.80000056326389,5.1301703453063965,-0.0032529830932617188,9.805100440979004,-1.109205186367035e-06,0.0020539171528071165,0.0004278413252905011,180.03957912500738,-0.00047705676989551193,0.003008171076991666
37.90000056475401,1.8808468580245972,-0.0036696195602416992,9.810037612915039,1.2596137821674347e-06,0.005200925748795271,8.503518529323628e-07,180.03957912500738,-0.0004846638223341415,0.0030081675131187736
38.000000566244125,-1.5777784585952759,0.003505706787109375,9.810855865478516,3.6833807826042175e-07,0.004994913470000029,5.7620850384410005e-06,180.03957912500738,-0.000492128902394029,0.00300816422338995
38.10000056773424,-2.7544476985931396,-0.00075531005859375,9.809150695800781,5.2852556109428406e-08,0.00311823352240026,6.934529210411711e-06,180.03957912500738,-0.0004993467044869249,0.003008160659517058
38.20000056922436,-2.663163900375366,0.004186153411865234,9.8085355758667,-1.2922100722789764e-07,0.001352874911390245,6.1220152929308824e-06,180.03957912500738,-0.00050632559005237,0.0030081570956441653
38.300000570714474,-1.6135817766189575,0.0010249614715576172,9.808752059936523,-7.852213457226753e-07,-0.0009263805113732815,2.5005533643707167e-06,180.03957912500738,-0.0005131596932699267,0.0030081535317712732
38.40000057220459,0.5849440693855286,-0.002858459949493408,9.80928897857666,7.548369467258453e-07,-0.002686183899641037,-2.688128915906418e-06,180.03957912500738,-0.0005200465006822697,0.0030081499678983807
38.500000573694706,2.5596442222595215,0.0008995532989501953,9.809255599975586,-5.050096660852432e-07,-0.002094890456646681,-5.400271675171098e-06,180.03957912500738,-0.0005271629722898297,0.003008146678169557
38.60000057518482,2.4995462894439697,-0.0015621185302734375,9.809746742248535,4.699395503848791e-07,0.0003287323925178498,-3.63520712198806e-06,180.03957912500738,-0.000534503728019331,0.0030081431142966646
38.70000057667494,0.48000508546829224,-0.002790689468383789,9.81086540222168,-5.294568836688995e-07,0.0025536681059747934,1.195460981762153e-06,180.03957912500738,-0.0005418874558387188,0.0030081395504237725
38.800000578165054,-1.456697940826416,0.031131982803344727,9.810282707214355,3.1878240406513214e-05,0.002652794122695923,0.0014202769380062819,180.03957912500738,-0.0005491403483830481,0.0030081335192542625
38.90000057965517,-2.149747610092163,0.011927366256713867,9.809309959411621,-4.84089832752943e-06,0.0015363565180450678,0.0012489529326558113,180.04847203130674,-0.0005562003120473946,0.0030081266656525464
39.00000058114529,-1.583138108253479,0.00642240047454834,9.809008598327637,-3.351812483742833e-05,-0.0002445578284095973,-0.00017549621406942606,180.04847203130674,-0.0005631182690848391,0.003008119263762693
39.1000005826354,0.01954743266105652,-0.0350615531206131,9.809367179870605,-3.117532469332218e-05,-0.0018536371644586325,-0.0014533273642882705,180.04847203130674,-0.0005700381108653119,0.003008114877457595
39.20000058412552,1.7243187427520752,0.0037233829498291016,9.809527397155762,3.832508809864521e-05,-0.0018090350786224008,0.00017649639630690217,180.0442509743997,-0.0005771127412401711,0.003008109942864359
39.300000585615635,2.0455825328826904,0.025963544845581055,9.809833526611328,-4.5166234485805035e-06,-0.00010192280024057254,2.7709693313227035e-05,180.0442509743997,-0.0005843709110564532,0.003008103089262643
39.40000058710575,0.7392521500587463,-0.0030487775802612305,9.810590744018555,8.206116035580635e-07,0.001759387319907546,5.680223694071174e-06,180.04847203130674,-0.0005916953551974302,0.0030080959615168584
39.50000058859587,-0.9225728511810303,0.0007100105285644531,9.810413360595703,-5.401670932769775e-07,0.002266055904328823,4.59532475360902e-06,180.04847203130674,-0.0005989368707730591,0.0030080891079151428
39.60000059008598,-1.7066295146942139,0.0013031959533691406,9.809618949890137,9.618233889341354e-07,0.0014328237157315016,4.529312718659639e-06,180.04847203130674,-0.000606025276880473,0.003008081980169358
39.7000005915761,-1.3244993686676025,-0.03667593002319336,9.809285163879395,-3.1864015909377486e-05,-1.8566293874755502e-05,-0.0013935142196714878,180.03957912500738,-0.0006129948415320996,0.0030080784162964656
39.800000593066216,-0.07841433584690094,5.915015935897827e-05,9.809455871582031,3.6082929000258446e-05,-0.0013122953241690993,0.000169297112734057,180.03957912500738,-0.0006199574840621835,0.0030080748524235735
39.90000059455633,1.2476625442504883,-0.0032814741134643555,9.80969524383545,-2.889428287744522e-06,-0.001340532791800797,2.5351821022923104e-05,180.03957912500738,-0.0006270321144228319,0.0030080715626947495
40.00000059604645,1.5474225282669067,0.001527547836303711,9.80997085571289,5.066904122941196e-07,-0.00010217016097158194,2.267120862597949e-06,180.03957912500738,-0.000634245530235944,0.0030080679988218574
40.100000597536564,0.632625162601471,-0.0003910064697265625,9.810439109802246,7.812632247805595e-07,0.0013112262822687626,1.010289906844264e-06,180.03957912500738,-0.0006415157623962386,0.0030080644349489653
40.20000059902668,-0.6143285036087036,-0.0020987987518310547,9.81030559539795,1.4718389138579369e-06,0.0017607677727937698,2.6538748443272198e-06,180.03957912500738,-0.0006487306859952469,0.0030080608710760727
40.300000600516796,-1.239251732826233,0.0032979249954223633,9.809828758239746,8.562346920371056e-07,0.0011667230864986777,3.0789992706559133e-06,180.03957912500738,-0.0006558345127274379,0.0030080573072031806
40.40000060200691,-0.9726568460464478,-0.0018718838691711426,9.80951976776123,-2.904780558310449e-07,8.218458970077336e-05,1.7422307792003267e-06,180.03957912500738,-0.0006628510245434427,0.0030080540174743566
40.50000060349703,-0.0656619518995285,0.0025517866015434265,9.809605598449707,-1.732376404106617e-06,-0.0008296510204672813,-5.401604425969708e-07,180.03957912500738,-0.0006698616422653458,0.0030080504536014645
40.600000604987144,0.8523941040039062,-0.0005313754081726074,9.809819221496582,-4.596658982336521e-07,-0.0008412925526499748,-2.0979171040380606e-06,180.03957912500738,-0.0006769488832816251,0.003008046889728572
40.70000060647726,1.0537123680114746,-0.003111600875854492,9.81005573272705,-3.398545231902972e-05,9.912109817378223e-06,-0.001454961602576077,180.03427889821145,-0.0006841306354345988,0.00300804332585568
40.80000060796738,0.4372018575668335,0.017305612564086914,9.810280799865723,7.103290408849716e-05,0.000968011561781168,0.0015982125187292695,180.03957912500738,-0.000691351521666661,0.003008038391262444
40.90000060945749,-0.40433022379875183,-0.012329548597335815,9.81027603149414,-6.941135507076979e-05,0.0012814425863325596,-0.0015467596240341663,180.0279814637967,-0.0006985361523419442,0.0030080345532454834
41.00000061094761,-0.8244879245758057,-0.002075672149658203,9.809860229492188,3.756827209144831e-05,0.0008727733511477709,0.0001315111730946228,180.0279814637967,-0.0007056467641319841,0.003008030989372591
41.100000612437725,-0.6315288543701172,0.00033080577850341797,9.809737205505371,-2.34217441175133e-06,0.00013011525152251124,2.3620432330062613e-05,180.03427889821145,-0.0007127007651632766,0.0030080276996437673
41.20000061392784,-0.01790359430015087,-0.002480641007423401,9.8097562789917,6.935733836144209e-07,-0.00044298332068137825,3.5900750390283065e-06,180.0279814637967,-0.0007197531898555098,0.0030080241357708748
41.30000061541796,0.5534825325012207,0.01473015546798706,9.809883117675781,3.370086778886616e-05,-0.00041339569725096226,0.0014401369262486696,180.03957912500738,-0.0007268552346317847,0.003008019475321708
41.40000061690807,0.6482774019241333,0.024590373039245605,9.810076713562012,-3.0456576496362686e-06,0.00014147612091619521,0.0012814524816349149,180.0442509743997,-0.0007340154664774445,0.003008012621719992
41.50000061839819,0.2461932897567749,-0.00017400085926055908,9.81019115447998,-3.308651503175497e-05,0.0007235292578116059,-0.0001842309720814228,180.0442509743997,-0.0007411978354667781,0.0030080054939742073
41.600000619888306,-0.2606085538864136,0.0002149045467376709,9.810136795043945,1.6096746549010277e-06,0.0008989459020085633,-3.064575867028907e-05,180.0442509743997,-0.0007483566966186572,0.0030079983662284226
41.70000062137842,-0.5061042308807373,-0.03721088171005249,9.80994701385498,-3.165629459545016e-05,0.0006254109321162105,-0.0014246443752199411,180.03427889821145,-0.0007554701869025848,0.003007995076499599
41.80000062286854,-0.3605276346206665,0.00023701786994934082,9.809844970703125,3.5676610423251987e-05,0.00016387584037147462,0.00015701896336395293,180.03957912500738,-0.0007625513281936946,0.003007991512626707
41.900000624358654,0.013539401814341545,-0.002498302608728409,9.809873580932617,-1.5851110219955444e-06,-0.00015312564210034907,2.6538413294474594e-05,180.03957912500738,-0.0007696337031433131,0.0030079879487538144
42.00000062584877,0.3383568823337555,0.00229489803314209,9.809914588928223,1.2929376680403948e-07,-0.000107983396446798,3.988774096796988e-06,180.03957912500738,-0.0007767464395413981,0.0030079843848809223
42.100000627338886,0.3717000186443329,-0.002749621868133545,9.810091018676758,-3.16811929224059e-05,0.00022474955767393112,-0.0014380025677382946,180.03427889821145,-0.0007838925529739527,0.0030079808210080297
42.200000628829,0.12720134854316711,0.002446696162223816,9.810123443603516,3.75647796317935e-05,0.0005556891555897892,0.00015739392256364226,180.0279814637967,-0.0007910500434036294,0.003007977531279206
42.30000063031912,-0.16625520586967468,9.515881538391113e-05,9.810029983520508,-2.7099158614873886e-06,0.0006453244714066386,2.831314122886397e-05,180.0279814637967,-0.0007981925929527733,0.0030079739674063136
42.400000631809235,-0.297767698764801,-0.0023377835750579834,9.810011863708496,4.2180181480944157e-07,0.00047255092067644,5.565577339439187e-06,180.03427889821145,-0.0008053084134616029,0.0030079704035334215
42.50000063329935,-0.20091630518436432,0.0026127994060516357,9.809916496276855,3.6873097997158766e-07,0.00019893021089956164,1.4521136790790479e-06,180.03427889821145,-0.0008124062090075768,0.0030079668396605294
42.60000063478947,0.02553183026611805,0.010052258148789406,9.809864044189453,3.301358810858801e-05,2.8967417165404186e-05,0.0014305298682302237,180.03957912500738,-0.0008195063347784526,0.0030079624533554308
42.70000063627958,0.20202860236167908,0.0023804306983947754,9.810026168823242,-3.791699418798089e-05,7.129400910343975e-05,-0.00016062970098573714,180.03957912500738,-0.0008266246225900886,0.003007957792906264
42.8000006377697,0.2058820277452469,-0.015120461583137512,9.810043334960938,2.6410853024572134e-06,0.00026678797439672053,-2.7592224796535447e-05,180.03957912500738,-0.0008337612780735526,0.003007954229033372
42.900000639259815,0.05141061916947365,0.002477869391441345,9.81005859375,-3.284658305346966e-07,0.0005048183957114816,-4.232404080539709e-06,180.03957912500738,-0.0008409026625031402,0.0030079506651604793
43.00000064074993,-0.30655980110168457,-0.0022948384284973145,9.810137748718262,-3.0954834073781967e-07,0.0010417718440294266,9.111710710385523e-07,180.03957912500738,-0.0008480164269428769,0.0030079473754316558
43.10000064224005,-1.026892900466919,0.0031625032424926758,9.810053825378418,3.2980460673570633e-07,0.0014602761948481202,3.6236624509911053e-06,180.03957912500738,-0.0008550381475203039,0.0030079438115587632
43.200000643730164,-1.6548194885253906,0.001061081886291504,9.809618949890137,-1.0370276868343353e-06,0.0012950861128047109,4.425112820172217e-06,180.03957912500738,-0.0008619114190651089,0.003007940247685871
43.30000064522028,-1.7779322862625122,-0.0013610124588012695,9.809322357177734,-5.140900611877441e-07,0.000683711317833513,4.500326213019434e-06,180.03957912500738,-0.0008686251387644006,0.003007936683812979
43.400000646710396,-1.4135020971298218,0.0034073591232299805,9.809350967407227,-9.532759577268735e-07,-2.3169295673142187e-06,3.233911911593168e-06,180.03957912500738,-0.0008752122724473566,0.0030079331199400865
43.50000064820051,-0.8310540318489075,0.0005373358726501465,9.809599876403809,-1.2170930858701468e-06,-0.00036438892129808664,1.7562530274517485e-06,180.03957912500738,-0.0008817248389618726,0.003007929830211263
43.60000064969063,-0.41667357087135315,-0.0022256672382354736,9.80990982055664,1.4955003280192614e-07,-0.00018564527272246778,1.1747088137781247e-06,180.03957912500738,-0.0008882001903742776,0.0030079262663383704
43.700000651180744,-0.4595549702644348,0.0028017163276672363,9.810080528259277,-7.976486813277006e-07,0.0003474114928394556,2.1028936316724867e-06,180.03957912500738,-0.0008946343516811339,0.0030079227024654783
43.80000065267086,-0.853554904460907,0.018183588981628418,9.810028076171875,2.6031862944364548e-05,0.000801785965450108,0.001290287938900292,180.03957912500738,-0.0009009920267715188,0.003007917493728174
43.900000654160976,-1.2690678834915161,-0.004030466079711914,9.809834480285645,-3.163109067827463e-05,0.0008725356310606003,-0.0001467795082135126,180.0442509743997,-0.0009072358635506816,0.003007912833279007
44.00000065565109,-1.413175344467163,-0.01392972469329834,9.80954647064209,2.3846514523029327e-06,0.0005786939291283488,-2.0351752027636394e-05,180.0442509743997,-0.0009133529772213933,0.0030079092694061146
44.10000065714121,-1.2162610292434692,0.0034215450286865234,9.809552192687988,4.9782101996243e-07,0.00015763440751470625,-8.015496746338613e-07,180.0442509743997,-0.000919361118619122,0.003007905979677291
44.200000658631325,-0.8440188765525818,-0.0018576383590698242,9.80971908569336,8.929127943702042e-07,-0.00010372977703809738,1.4267001233747578e-06,180.0442509743997,-0.0009252935962820175,0.003007902415804399
44.30000066012144,-0.5479512810707092,0.00292050838470459,9.809856414794922,-2.3919710656628013e-08,-2.337088699277956e-05,1.519228248980653e-06,180.0442509743997,-0.0009311770021156462,0.0030078988519315064
44.40000066161156,-0.5308693051338196,0.00040787458419799805,9.810007095336914,5.1280949264764786e-08,0.00032128466409631073,1.7118522919190582e-06,180.0442509743997,-0.0009370128439911696,0.0030078952880586143
44.50000066310167,-0.7816319465637207,-0.0019040107727050781,9.810007095336914,-1.032138243317604e-06,0.0006519717862829566,2.4498519906046567e-06,180.0442509743997,-0.0009427786420275197,0.0030078917241857218
44.60000066459179,-1.0694572925567627,0.003311753273010254,9.809836387634277,-4.028552211821079e-07,0.0007321895100176334,3.247323093091836e-06,180.0442509743997,-0.0009484484211128574,0.003007888434456898
44.700000666081905,-1.1847046613693237,0.0008980035781860352,9.809724807739258,1.2641539797186852e-06,0.0005407807184383273,2.7922205845243298e-06,180.0442509743997,-0.0009540120379085693,0.0030078848705840057
44.80000066757202,-1.0521907806396484,-0.00170135498046875,9.80966854095459,1.1934753274545074e-06,0.00023677211720496416,2.656153583302512e-06,180.0442509743997,-0.000959481212092328,0.0030078813067111135
44.90000066906214,-0.7844154238700867,0.003097832202911377,9.809768676757812,2.157132257707417e-06,4.0455455746268854e-05,1.48324943438638e-06,180.0442509743997,-0.0009648802739263829,0.003007877742838221
45.000000670552254,-0.5603453516960144,-0.002070128917694092,9.809831619262695,-7.445778464898467e-07,9.574043360771611e-05,1.7943998500413727e-06,180.0442509743997,-0.0009702290988400364,0.003007874178965329
45.10000067204237,-0.5451900959014893,0.0029186010360717773,9.810028076171875,1.2842356227338314e-06,0.00035590765764936805,2.09266386264062e-06,180.0442509743997,-0.0009755289890307495,0.0030078708892365053
45.200000673532486,-0.7390465140342712,0.0005640983581542969,9.809980392456055,1.012580469250679e-06,0.0006086843204684556,2.004946964007104e-06,180.0442509743997,-0.000980762742003094,0.003007867325363613
45.3000006750226,-0.9555490612983704,-0.0017735958099365234,9.809864044189453,3.4621916711330414e-07,0.0006673059542663395,2.810124669849756e-06,180.0442509743997,-0.0009859107563841008,0.0030078637614907207
45.40000067651272,-1.0344730615615845,0.003285527229309082,9.809772491455078,-7.788185030221939e-08,0.000507851131260395,2.53240659731091e-06,180.0442509743997,-0.000990965973016955,0.003007860197617828
45.500000678002834,-0.9231935143470764,0.0007019639015197754,9.809720993041992,-5.586189217865467e-07,0.00025987555272877216,3.024022589670494e-06,180.0442509743997,-0.000995938535197638,0.003007856633744936
45.60000067949295,-0.6917102336883545,-0.001971602439880371,9.80984115600586,-3.5564880818128586e-08,0.00010793562978506088,1.8433270270179491e-06,180.0442509743997,-0.0010008490037591855,0.003007853344016112
45.70000068098307,-0.517690122127533,0.002897977828979492,9.809885025024414,2.207234501838684e-07,0.00017584656598046422,1.5731467328805593e-06,180.0442509743997,-0.0010057132105032451,0.00300784978014322
45.80000068247318,-0.5263393521308899,-0.002095460891723633,9.80999755859375,-8.190108928829432e-07,0.0004126356216147542,1.2898972272523679e-06,180.0442509743997,-0.0010105301959413282,0.003007846216270328
45.9000006839633,-0.7039557099342346,0.0030378103256225586,9.80997371673584,-1.654669176787138e-06,0.0006219217320904136,2.071762992272852e-06,180.0442509743997,-0.0010152840597044133,0.0030078426523974353
46.000000685453415,-0.8941822052001953,0.000680387020111084,9.80988597869873,-1.6727135516703129e-06,0.0006429463974200189,3.170262061757967e-06,180.0442509743997,-0.0010199577363181334,0.003007839088524543
46.10000068694353,-0.9393148422241211,-0.0017857551574707031,9.809807777404785,1.0911899153143167e-06,0.00047483743401244283,2.2932399588171393e-06,180.0442509743997,-0.0010245472507079967,0.003007835798795719
46.20000068843365,-0.6438348293304443,0.0029927492141723633,9.804580688476562,2.078479155898094e-06,-0.0025710624177008867,9.834004686126718e-07,180.0442509743997,-0.0010290789892195562,0.003007832234922827
46.30000068992376,0.4854600727558136,-0.00035455822944641113,9.820058822631836,-1.8777791410684586e-07,0.0013465959345921874,1.5491382328036707e-06,180.0442509743997,-0.001033654522260008,0.0030078286710499345
46.40000069141388,-0.7734359502792358,-0.0019096732139587402,9.799516677856445,1.9630533643066883e-06,0.0003644196840468794,1.573170749225028e-07,180.0442509743997,-0.0010381605597871157,0.0030078251071770424
46.500000692903996,-0.40223902463912964,0.002811610698699951,9.792596817016602,-9.092036634683609e-07,0.0005152098019607365,1.186076019621396e-06,180.0442509743997,-0.0010426305473600905,0.00300782154330415
46.60000069439411,-1.3406786918640137,-0.001484513282775879,9.832647323608398,1.9345898181200027e-06,0.0010978968348354101,2.0769332422787556e-06,180.0442509743997,-0.0010469803913082387,0.0030078182535753263
46.70000069588423,-1.6249756813049316,0.0037283897399902344,9.814541816711426,1.9711351342266425e-06,1.570894346514251e-05,1.1016481948900037e-06,180.0442509743997,-0.0010511843220513128,0.003007814689702434
46.800000697374344,-0.6355939507484436,0.00048613548278808594,9.80854320526123,9.00006853044033e-07,-0.001128478441387415,-1.772697544311086e-07,180.0442509743997,-0.0010553315049861567,0.0030078111258295417
46.90000069886446,0.2391517162322998,-0.00266970694065094,9.808370590209961,-9.97271854430437e-07,-0.000731605279725045,1.84605241315694e-07,180.0442509743997,-0.0010595000711646207,0.0030078075619566495
47.000000700354576,-0.2183288037776947,0.002673730254173279,9.809307098388672,7.948256097733974e-07,0.000574248842895031,2.691796225917642e-06,180.0442509743997,-0.0010636491045517005,0.003007803998083757
47.10000070184469,-1.2141350507736206,0.0009205341339111328,9.80949592590332,2.5634653866291046e-07,0.000844721042085439,5.3520043366006576e-06,180.0442509743997,-0.0010676893713110758,0.0030078007083549334
47.20000070333481,-1.3370651006698608,-0.0014874935150146484,9.809279441833496,-1.688822521828115e-07,-0.00010192264016950503,8.111427973744867e-07,180.0442509743997,-0.001071609562956155,0.003007797144482041
47.300000704824924,-0.41141393780708313,0.0028182268142700195,9.809374809265137,7.862690836191177e-07,-0.0010833165142685175,-3.929638978661387e-07,180.0442509743997,-0.001075493019300211,0.003007793580609149
47.40000070631504,0.4947105646133423,-0.002861112356185913,9.809800148010254,6.757909432053566e-07,-0.0011247023940086365,-8.414909302700835e-07,180.0442509743997,-0.0010794208869526756,0.0030077900167362562
47.50000070780516,0.4250660538673401,0.0021914243698120117,9.81024169921875,-9.484647307544947e-07,0.0004148250154685229,5.552951733989175e-07,180.0442509743997,-0.0010833869977631139,0.003007786452863364
47.60000070929527,-1.0761178731918335,0.000817418098449707,9.810443878173828,1.8596183508634567e-06,0.0014563554432243109,1.9182637061021524e-06,180.0442509743997,-0.0010872564042045951,0.0030077831631345406
47.70000071078539,-1.468027949333191,-0.0013889074325561523,9.809520721435547,-1.0801013559103012e-06,-0.0003324138524476439,2.5964439487324853e-07,180.0442509743997,-0.0010909941529746447,0.003007779599261648
47.800000712275505,0.7263673543930054,0.001965343952178955,9.809063911437988,-3.685709089040756e-07,-0.0031449077650904655,-3.1353881695395103e-06,180.0442509743997,-0.0010947971480277374,0.003007776035388756
47.90000071376562,3.5748493671417236,-0.0026693344116210938,9.808103561401367,-6.612390279769897e-07,-0.003536537755280733,-5.163238256500335e-06,180.0442509743997,-0.0010989209601746097,0.0030077724715158634
48.00000071525574,4.765525817871094,-0.006061553955078125,9.83133602142334,-1.8486753106117249e-07,-0.002691640518605709,-4.82844779980951e-06,180.0442509743997,-0.0011034723685412473,0.0030077689076429713
48.10000071674585,3.221115827560425,9.846687316894531e-05,9.79245376586914,-1.955777406692505e-07,0.0017443966353312135,-4.6028258111618925e-06,180.0442509743997,-0.0011083125191362342,0.0030077656179141473
48.20000071823597,2.107186794281006,-0.004065275192260742,9.795902252197266,-3.3387914299964905e-07,-0.00044423429062590003,-3.229433559681638e-06,180.0442509743997,-0.0011133414179340662,0.003007762054041255
48.300000719726086,3.903498649597168,-0.012484073638916016,9.806940078735352,-3.502878826111555e-05,-0.001290717744268477,-0.0018122741021215916,180.03427889821145,-0.0011187202616440572,0.0030077595867446373
48.4000007212162,4.861296653747559,-0.0025343894958496094,9.807441711425781,1.4986610040068626e-05,-0.0011871680617332458,-0.00039822221151553094,180.01979889717103,-0.0011245350629423,0.0030077571194480194
48.50000072270632,5.31380558013916,0.01026773452758789,9.805968284606934,5.319580668583512e-05,-0.0008292882703244686,-0.0026746182702481747,180.0279814637967,-0.001130826258105344,0.0030077535555751273
48.600000724196434,5.584765911102295,-0.0031456947326660156,9.804574012756348,-3.2760610338300467e-05,-0.0004601694527082145,0.0023040520027279854,180.0279814637967,-0.0011376181773954386,0.003007749991702235
48.70000072568655,5.2308807373046875,0.0,9.805032730102539,2.33575701713562e-06,0.0013617596123367548,-0.0007857070886529982,180.0279814637967,-0.0011448790201171732,0.003007746153685274
48.800000727176666,2.95086669921875,-0.016205310821533203,9.808549880981445,-3.708619624376297e-05,0.0039349873550236225,-0.0015099848387762904,180.01979889717103,-0.0011524042062802664,0.003007743686388656
48.90000072866678,-0.33734068274497986,0.015125691890716553,9.81098461151123,3.641704097390175e-05,0.005072207190096378,0.00012557063018903136,180.00000500895632,-0.0011598987568106622,0.003007739848371695
49.0000007301569,-2.3200526237487793,-0.0016629695892333984,9.809802055358887,-1.5755649656057358e-06,0.0037198872305452824,2.8030051907990128e-05,180.01979889717103,-0.0011671849578789306,0.003007736284498803
49.100000731647015,-2.6199443340301514,-0.0368657112121582,9.808793067932129,-2.976146060973406e-05,0.0018881469732150435,-0.0013720750575885177,180.01979889717103,-0.0011742358062605263,0.0030077360103547344
49.20000073313713,-1.8616055250167847,0.010434269905090332,9.808765411376953,3.589452535379678e-05,-0.00020138606487307698,0.00015721471572760493,180.01979889717103,-0.0011811199750297874,0.0030077349137784598
49.30000073462725,-0.051245853304862976,-0.009977687150239944,9.809222221374512,-1.6700942069292068e-06,-0.0021589414682239294,2.3316322767641395e-05,180.00000500895632,-0.0011879994833492447,0.003007734639634391
49.40000073611736,2.0151500701904297,-0.0029685497283935547,9.809341430664062,2.1813903003931046e-06,-0.0022399239242076874,-1.0817024076459347e-06,180.01979889717103,-0.0011950597896941417,0.003007734639634391
49.50000073760748,2.499215602874756,-0.0005831718444824219,9.809636116027832,-1.1734664440155029e-07,-0.00025552991428412497,-3.3836699913081247e-06,180.01979889717103,-0.0012023444829623031,0.003007734639634391
49.600000739097595,0.9621946811676025,0.012282073497772217,9.810664176940918,2.5727786123752594e-07,0.0020327437669038773,2.6860345769819105e-07,180.01979889717103,-0.0012097153945376249,0.0030077335430581166
49.70000074058771,-1.0662528276443481,0.022930026054382324,9.810525894165039,3.254832699894905e-05,0.0027028974145650864,0.0014251666143536568,180.01979889717103,-0.001216990629828274,0.0030077305274733616
49.80000074207783,-2.0757029056549072,0.01365971565246582,9.809468269348145,7.569091394543648e-06,0.001765706343576312,0.0018292417516931891,180.0279814637967,-0.0012240794471551908,0.0030077261411682633
49.900000743567944,-1.7049974203109741,-0.00904238224029541,9.809060096740723,-4.8109730414580554e-05,5.4052572522778064e-05,-0.00023586188035551459,180.03427889821145,-0.0012310152920917972,0.003007722577295371
50.00000074505806,-0.24504433572292328,0.00264817476272583,9.809332847595215,2.7208589017391205e-06,-0.0016278121620416641,-4.000709668616764e-05,180.0279814637967,-0.0012379292055015867,0.0030077192875665472
50.100000746548176,1.4871279001235962,0.019121646881103516,9.809527397155762,3.350514452904463e-05,-0.001871480606496334,0.0014488011365756392,180.03957912500738,-0.0012449767641271592,0.0030077138046851744
50.20000074803829,2.0522987842559814,-0.011368036270141602,9.809752464294434,-4.053118755109608e-05,-0.00038011500146239996,-0.0001795672724256292,180.0442509743997,-0.0012522084105199838,0.003007709418380076
50.30000074952841,0.9593977332115173,-0.013123154640197754,9.810516357421875,3.7028221413493156e-06,0.001504767220467329,-3.1326966563938186e-05,180.03957912500738,-0.0012595261381420642,0.003007705854507184
50.400000751018524,-0.687288761138916,0.0029735565185546875,9.810483932495117,-8.209608495235443e-07,0.002233089180663228,-2.584501316960086e-06,180.03957912500738,-0.0012667820462723967,0.0030077022906342915
50.50000075250864,-1.6139103174209595,0.001084446907043457,9.809738159179688,-1.373467966914177e-06,0.001564848585985601,3.1117938306124415e-06,180.03957912500738,-0.0012738932063456332,0.0030076987267613994
50.600000753998756,-1.3894448280334473,-0.0015654563903808594,9.80931568145752,1.0446092346683145e-06,0.0001991331810131669,2.5034382815647405e-06,180.03957912500738,-0.0012808794937910761,0.003007695437032576
50.70000075548887,-0.2735850512981415,0.002691924571990967,9.80947208404541,-1.21269840747118e-06,-0.0011247615329921246,-5.041066515332204e-07,180.03957912500738,-0.0012878413824068957,0.0030076918731596833
50.80000075697899,1.0555377006530762,-0.0006921291351318359,9.809659004211426,-4.902249202132225e-07,-0.0013654648791998625,-2.501473773008911e-06,180.03957912500738,-0.0012948982619462868,0.003007688309286791
50.900000758469105,1.5266656875610352,-0.003505110740661621,9.809926986694336,4.048924893140793e-07,-0.000293095683446154,-2.854971626220504e-06,180.03957912500738,-0.0013020919393795793,0.0030076847454138986
51.00000075995922,0.7727017402648926,0.0019968152046203613,9.810355186462402,1.3706739991903305e-06,0.001117789768613875,4.9493785070353624e-08,180.03957912500738,-0.0013093549752625222,0.0030076811815410065
51.10000076144934,-0.4422653019428253,-0.0021948516368865967,9.810430526733398,8.323695510625839e-08,0.0017107704188674688,1.946333895830321e-06,180.03957912500738,-0.001316578123180534,0.0030076778918121825
51.20000076293945,-1.1559596061706543,0.0032796859741210938,9.809847831726074,-1.5171244740486145e-06,0.0012466547777876258,3.0671528747916454e-06,180.03957912500738,-0.0013236976446364679,0.0030076743279392904
51.30000076442957,-1.006368637084961,0.0006797313690185547,9.809557914733887,-8.327333489432931e-07,0.00023414484167005867,2.1278037820593454e-06,180.03957912500738,-0.001330726835632845,0.003007670764066398
51.400000765919685,-0.19574309885501862,0.03271728754043579,9.809622764587402,3.4165335819125175e-05,-0.0006992041599005461,0.001421733875758946,180.04847203130674,-0.0013377384814106108,0.0030076641846087508
51.5000007674098,0.7241095900535583,0.0069220662117004395,9.809799194335938,-4.879198968410492e-06,-0.0008410803275182843,0.0012709001312032342,180.05235157875532,-0.0013448152363793042,0.003007657056862966
51.60000076889992,1.0248456001281738,-0.023389458656311035,9.809981346130371,-6.932862743269652e-05,-0.00010726698383223265,-0.0016494032461196184,180.04847203130674,-0.0013519838296218722,0.003007651848125662
51.700000770390034,0.5159779191017151,0.0046086907386779785,9.810310363769531,4.0726736187934875e-05,0.0008362444932572544,0.00012268162390682846,180.04847203130674,-0.0013591987532350913,0.0030076460911002204
51.80000077188015,-0.28731855750083923,0.01523628830909729,9.810249328613281,-4.777219146490097e-06,0.0012355023063719273,2.308797775185667e-05,180.0442509743997,-0.0013663879072822738,0.0030076392374985043
51.900000773370266,-0.7656247615814209,0.003112196922302246,9.809932708740234,-8.509960025548935e-08,0.0009207814582623541,6.040214884706074e-06,180.04847203130674,-0.001373508388255118,0.0030076321097527196
52.00000077486038,-0.6471243500709534,-0.001981198787689209,9.809776306152344,7.616181392222643e-07,0.000229754121392034,2.203729764005402e-06,180.04847203130674,-0.001380570613619625,0.003007625256151004
52.1000007763505,-0.09921497106552124,8.811801671981812e-05,9.809712409973145,-1.4988472685217857e-08,-0.00035954825580120087,2.7793745971393946e-08,180.04847203130674,-0.0013876240663392991,0.0030076181284052193
52.200000777840614,0.4739697277545929,-0.03787451982498169,9.80990982055664,-3.258645301684737e-05,-0.00041026517283171415,-0.001439414918422699,180.0442509743997,-0.0013947200114188263,0.0030076145645323267
52.30000077933073,0.6256940364837646,-0.0028971433639526367,9.810033798217773,3.6154007830191404e-05,7.098868081811816e-05,0.00016179920930881053,180.03957912500738,-0.0014018722931012917,0.0030076110006594346
52.40000078082085,0.2968386709690094,0.002315133810043335,9.810188293457031,-1.7005950212478638e-06,0.0006430954090319574,2.850666169251781e-05,180.03957912500738,-0.0014090510296682623,0.0030076077109306106
52.50000078231096,-0.19491223990917206,0.00013916194438934326,9.810138702392578,-3.363238647580147e-07,0.0008675616700202227,6.138141543488018e-06,180.03957912500738,-0.0014162123580945263,0.0030076041470577185
52.60000078380108,-0.46538299322128296,-0.002182602882385254,9.809982299804688,1.2188684195280075e-06,0.0006536454893648624,2.2098879526311066e-06,180.03957912500738,-0.001423331879564671,0.003007600583184826
52.700000785291195,-0.4080677628517151,0.0027793943881988525,9.809849739074707,4.334724508225918e-07,0.00036323501262813807,1.4113429642748088e-06,180.03957912500738,-0.0014304146657053707,0.003007597019311934
52.80000078678131,-0.358196496963501,-0.0022535622119903564,9.809974670410156,-2.2782478481531143e-07,0.0005669641541317105,1.6992881910482538e-06,180.03957912500738,-0.0014374653770090617,0.0030075934554390413
52.90000078827143,-0.7224186062812805,0.0029865503311157227,9.810041427612305,-4.4587068259716034e-07,0.0009898411808535457,2.5620201995479874e-06,180.03957912500738,-0.0014444513903129064,0.0030075901657102178
53.00000078976154,-1.259412169456482,0.0008405447006225586,9.809843063354492,1.1638039723038673e-06,0.0011220453307032585,3.817436208919389e-06,180.03957912500738,-0.0014513244562550653,0.0030075866018373257
53.10000079125166,-1.5537904500961304,-0.0014656782150268555,9.809579849243164,-5.451729521155357e-07,0.0008349784766323864,3.88453054256388e-06,180.03957912500738,-0.001458057982858918,0.003007583037964433
53.200000792741776,-1.465246319770813,0.003475666046142578,9.80942440032959,-4.544854164123535e-07,0.0003387387259863317,3.499106696835952e-06,180.03957912500738,-0.0014646603315497941,0.003007579474091541
53.30000079423189,-1.0962473154067993,0.000732421875,9.80954647064209,-3.852255758829415e-07,-7.075291796354577e-05,2.4717066935409093e-06,180.03957912500738,-0.0014711643995610757,0.0030075759102186485
53.40000079572201,-0.6970235705375671,-0.002030789852142334,9.809779167175293,6.357731763273478e-07,-0.00014245416969060898,1.8762541458272608e-06,180.03957912500738,-0.0014776059627479299,0.003007572620489825
53.500000797212124,-0.5566702485084534,0.002876758575439453,9.80997371673584,-1.875610905699432e-06,0.0001343560143141076,1.8192961306340294e-06,180.03957912500738,-0.0014839976317091441,0.003007569056616933
53.60000079870224,-0.7191734910011292,-0.0020159482955932617,9.809966087341309,6.504124030470848e-07,0.0005182078457437456,2.4287301130243577e-06,180.03957912500738,-0.001490325013875804,0.0030075654927440403
53.700000800192356,-1.0282024145126343,0.003187894821166992,9.809922218322754,8.338247425854206e-07,0.0007246953318826854,2.8376098271110095e-06,180.03957912500738,-0.0014965600094996034,0.003007561928871148
53.80000080168247,-1.27593994140625,0.0008529424667358398,9.844171524047852,-6.984919309616089e-08,-0.00602699676528573,3.2838922834343975e-06,180.03957912500738,-0.0015026805499616103,0.0030075583649982556
53.90000080317259,-1.2130540609359741,-0.0016875267028808594,9.815935134887695,8.784845704212785e-07,0.00010956309415632859,2.848258191079367e-06,180.03957912500738,-0.0015086918440232466,0.003007555075269432
54.000000804662704,-0.9542326927185059,0.003141641616821289,9.772541046142578,-2.2452150005847216e-07,0.00019871542463079095,2.045526571237133e-06,180.03957912500738,-0.0015146171939335318,0.0030075515113965395
54.10000080615282,-0.7152895927429199,0.00048404932022094727,9.80457592010498,-3.16700607072562e-07,9.629747364670038e-05,1.999321511902963e-06,180.03957912500738,-0.0015204782570350517,0.0030075479475236474
54.20000080764294,-0.6076273918151855,-0.0020868778228759766,9.81074333190918,-3.8727011997252703e-07,0.0002270110126119107,1.5284049368347041e-06,180.03957912500738,-0.0015262843542700466,0.003007544383650755
54.30000080913305,-0.7317891120910645,0.0029923319816589355,9.860678672790527,-1.8867431208491325e-06,0.0019467482343316078,2.3190116280602524e-06,180.03957912500738,-0.0015320249310661893,0.0030075408197778627
54.40000081062317,-0.9346821904182434,-0.0018740296363830566,9.77123737335205,-8.459028322249651e-07,0.0004703186568804085,3.2389461921411566e-06,180.03957912500738,-0.0015376816197800736,0.003007537530049039
54.500000812113285,-1.0322214365005493,0.003190279006958008,9.798311233520508,8.810893632471561e-07,0.00041386624798178673,2.5264341729780426e-06,180.03957912500738,-0.0015432459219368866,0.0030075339661761466
54.6000008136034,-1.0184441804885864,0.0006812810897827148,9.80910873413086,1.8485006876289845e-06,0.0003034297551494092,3.100306685155374e-06,180.03957912500738,-0.001548719071209348,0.0030075304023032545
54.70000081509352,-0.8795341849327087,-0.0019102692604064941,9.810687065124512,-7.637427188456059e-07,0.00017268054943997413,2.727273113123374e-06,180.03957912500738,-0.0015541131298846267,0.003007526838430362
54.80000081658363,-0.7180458307266235,0.002983272075653076,9.810601234436035,9.218347258865833e-07,0.00014666277274955064,2.148516159650171e-06,180.03957912500738,-0.0015594430388574665,0.00300752327455747
54.90000081807375,-0.6328644752502441,0.0004271864891052246,9.81032657623291,-4.158937372267246e-08,0.0002634612610563636,2.084049583572778e-06,180.03957912500738,-0.0015647160629583823,0.003007519984828646
55.000000819563866,-0.6878347396850586,-0.002036571502685547,9.810192108154297,-1.958396751433611e-06,0.0004410175315570086,2.4825753826007713e-06,180.03957912500738,-0.0015699275416949376,0.0030075164209557538
55.10000082105398,-0.8304359316825867,0.003057539463043213,9.810052871704102,-1.1821393854916096e-06,0.0005479796091094613,2.4413147912127897e-06,180.03957912500738,-0.0015750645903267468,0.0030075128570828612
55.2000008225441,-0.9155697226524353,-0.0018864274024963379,9.809879302978516,9.832438081502914e-07,0.0005167130730114877,2.871061724363244e-06,180.03957912500738,-0.001580119532803792,0.003007509293209969
55.300000824034214,-0.9018582701683044,0.003104567527770996,9.80979061126709,1.8577848095446825e-06,0.00038150232285261154,2.189478436775971e-06,180.03957912500738,-0.0015850936027987927,0.0030075057293370766
55.40000082552433,-0.784260630607605,0.0005269050598144531,9.809869766235352,-9.96515154838562e-07,0.00024885457241907716,1.4073981446927064e-06,180.03957912500738,-0.001589997354813022,0.003007502439608253
55.500000827014446,-0.6440846920013428,-0.002065420150756836,9.80982780456543,1.085325493477285e-06,0.00022321123105939478,1.8808856339092017e-06,180.03957912500738,-0.001594843536594226,0.003007498875735361
55.60000082850456,-0.5877008438110352,0.0028974413871765137,9.809952735900879,-1.4639226719737053e-08,0.00032764262869022787,1.687797066551866e-06,180.03957912500738,-0.001599636808549576,0.0030074953118624684
55.70000082999468,-0.6489524841308594,0.00043785572052001953,9.809972763061523,-1.04482751339674e-08,0.00047931057633832097,1.8162984360969858e-06,180.03957912500738,-0.001604372099052398,0.0030074917479895763
55.800000831484795,-0.7703137993812561,-0.00198209285736084,9.809916496276855,6.638583727180958e-07,0.0005578179261647165,2.1018151983298594e-06,180.03957912500738,-0.001609038305247168,0.0030074881841166837
55.90000083297491,-0.8454201817512512,0.0030674338340759277,9.809865951538086,7.114140316843987e-07,0.0005070835468359292,2.657568074937444e-06,180.03957912500738,-0.001613628573522874,0.00300748489438786
56.00000083446503,-0.6550466418266296,-0.002058088779449463,9.804591178894043,-3.771856427192688e-08,-0.0023388033732771873,1.2774213473676355e-06,180.03957912500738,-0.0016181603120344334,0.0030074813305149676
56.10000083595514,0.3228467106819153,0.002296745777130127,9.820108413696289,-3.7765130400657654e-07,0.0014113719807937741,1.6899297179406858e-06,180.03957912500738,-0.0016227211098254202,0.0030074777666420755
56.20000083744526,-0.5245482325553894,0.000356137752532959,9.796548843383789,-9.97388269752264e-08,-0.00026628898922353983,-2.8700317216134863e-06,180.03957912500738,-0.0016272347548493826,0.003007474202769183
56.300000838935375,-0.6787019968032837,-0.0020423531532287598,9.799389839172363,7.931957952678204e-07,0.000807066448032856,1.3085043519822648e-06,180.03957912500738,-0.0016316875398985076,0.003007470638896291
56.40000084042549,-1.410773754119873,0.003440260887145996,9.827746391296387,-2.352171577513218e-07,0.0008480765973217785,1.8060874253933434e-06,180.03957912500738,-0.0016360138074418273,0.0030074673491674673
56.50000084191561,-1.5049567222595215,0.0010020732879638672,9.815366744995117,-1.8682476365938783e-07,-6.425825267797336e-05,9.397880944561621e-07,180.03957912500738,-0.0016402051960966446,0.0030074637852945747
56.600000843405724,-0.5692673921585083,-0.0021149516105651855,9.80872631072998,-7.749767974019051e-07,-0.0011589890345931053,-9.466781989431183e-07,180.03957912500738,-0.0016443455939594287,0.0030074602214216826
56.70000084489584,0.2692126929759979,0.0023322105407714844,9.808430671691895,-1.2295786291360855e-06,-0.0006640737410634756,-4.1887642510118894e-06,180.03957912500738,-0.0016485101165102378,0.00300745665754879
56.800000846385956,-0.284613698720932,-0.002302229404449463,9.809321403503418,-1.8717837519943714e-06,0.0006552251288667321,-2.084578591166064e-05,180.03957912500738,-0.0016526491436650304,0.003007453093675898
56.90000084787607,-1.0288043022155762,0.003188014030456543,9.809366226196289,2.054875949397683e-06,-0.00023059356317389756,-0.000190842489246279,180.03957912500738,-0.0016566960583901391,0.003007449803947074
57.00000084936619,0.65775465965271,-0.00042307376861572266,9.808958053588867,6.316695362329483e-07,-0.0024788258597254753,-9.456255611439701e-06,180.03427889821145,-0.001660801914113108,0.003007446240074182
57.100000850856304,2.3746962547302246,-0.004054069519042969,9.809137344360352,-8.905772119760513e-07,-0.0007816754514351487,-1.5067201957208454e-06,180.03427889821145,-0.0016651209168543346,0.0030074426762012893
57.20000085234642,0.14465218782424927,0.0024156570434570312,9.811139106750488,-1.427019014954567e-06,0.0028216640930622816,2.5889917196764145e-06,180.03427889821145,-0.0016694528043501577,0.0030074391123283972
57.300000853836536,-2.4980673789978027,0.0016562938690185547,9.81005573272705,-2.1094456315040588e-07,0.0024731147568672895,3.0331457310239784e-06,180.03427889821145,-0.0016735604419864103,0.003007435548455505
57.40000085532665,-2.125201940536499,-0.0010900497436523438,9.808664321899414,-1.1955853551626205e-07,-0.0005602778401225805,-4.2937153921229765e-07,180.03427889821145,-0.0016774774124428404,0.003007432258726681
57.50000085681677,0.6569945812225342,0.002076864242553711,9.808939933776855,6.943009793758392e-07,-0.003392267506569624,-3.211936927982606e-06,180.03427889821145,-0.0016814534609324028,0.003007428694853789
57.600000858306885,3.4994242191314697,-0.0047948360443115234,9.808300971984863,1.103617250919342e-07,-0.0037118245381861925,-5.264375431579538e-06,180.03427889821145,-0.0016857436785358004,0.0030074251309808965
57.700000859797,4.467170238494873,-0.00043010711669921875,9.83887767791748,1.4516990631818771e-06,0.0009855100652202964,-8.102196261461359e-06,180.03427889821145,-0.001690434557701792,0.0030074215671080044
57.80000086128712,1.9100220203399658,-0.006138205528259277,9.778346061706543,-1.9936647731810808e-05,0.00044619516120292246,-0.0010987907880917192,180.03427889821145,-0.001695296502759902,0.0030074185515232494
57.90000086277723,2.893416404724121,-0.0016117095947265625,9.802924156188965,3.094482235610485e-05,-0.0011850126320496202,0.00020285401842556894,180.0279814637967,-0.0017004179251642881,0.0030074152617944254
58.00000086426735,4.350118637084961,0.002528667449951172,9.807886123657227,-6.706803105771542e-06,-0.0014616681728512049,0.0001322688622167334,180.0279814637967,-0.0017059294546015735,0.0030074116979215333
58.100000865757465,5.0791707038879395,-0.01239776611328125,9.807002067565918,-2.9151211492717266e-05,-0.0011328510008752346,-0.002055155113339424,180.0279814637967,-0.0017118964743758625,0.003007408956480847
58.20000086724758,5.385324954986572,-0.0001430511474609375,9.805558204650879,2.512743230909109e-05,-0.0007122288225218654,0.0025283119175583124,180.01979889717103,-0.001718346261895931,0.0030074062150401604
58.3000008687377,5.542364120483398,0.0027937889099121094,9.804390907287598,1.3784010661765933e-05,-0.00036459832335822284,-0.002616501646116376,180.0279814637967,-0.0017252929355038304,0.0030074026511672683
58.400000870227814,5.142031669616699,0.005112648010253906,9.8051176071167,-3.059045411646366e-06,0.0019365655025467277,0.00043645844561979175,180.0279814637967,-0.0017327004453306927,0.003007398813150307
58.50000087171793,2.025998830795288,-0.02326643466949463,9.809842109680176,-3.3626798540353775e-05,0.005015047732740641,-0.0014818310737609863,180.01979889717103,-0.0017402894384872525,0.003007396619997758
58.600000873208046,-1.4012945890426636,0.005449414253234863,9.81087875366211,3.77860851585865e-05,0.004974290728569031,0.00012657868501264602,180.01979889717103,-0.0017477523254001426,0.0030073941527011404
58.70000087469816,-2.668614149093628,0.013364553451538086,9.809267044067383,-2.0687002688646317e-06,0.0031827124767005444,2.8029937311657704e-05,180.01979889717103,-0.0017549756103676373,0.003007390588828248
58.80000087618828,-2.6405415534973145,-0.00164031982421875,9.808606147766113,6.903428584337234e-07,0.0014321354683488607,9.621951903682202e-06,180.01979889717103,-0.001761961897827291,0.0030073872990994243
58.900000877678394,-1.639164686203003,0.0030405521392822266,9.80874252319336,1.595646608620882e-06,-0.0008352023432962596,3.0746923584956676e-06,180.01979889717103,-0.0017688012440544298,0.0030073837352265318
59.00000087916851,0.5242834091186523,-0.0026596784591674805,9.809287071228027,8.414499461650848e-07,-0.002629174618050456,-2.9039870241831522e-06,180.01979889717103,-0.001775687743048593,0.0030073801713536396
59.10000088065863,2.5058395862579346,0.008920669555664062,9.809253692626953,5.0504691898822784e-05,-0.0021054104436188936,0.002092359121888876,180.0279814637967,-0.001782799040199734,0.00300737605919261
59.20000088214874,2.5032670497894287,-0.008782386779785156,9.809751510620117,-5.462873377837241e-05,0.000280022737570107,-0.00024758363724686205,180.0279814637967,-0.0017901351354510098,0.003007372495319718
59.30000088363886,0.518155038356781,-0.0027511119842529297,9.810837745666504,2.6959460228681564e-06,0.002512568375095725,-4.3118023313581944e-05,180.0279814637967,-0.0017975174240092429,0.0030073689314468253
59.400000885128975,-1.4266823530197144,0.0032300949096679688,9.810317993164062,-4.966277629137039e-07,0.002654304960742593,-3.2540797292313073e-06,180.0279814637967,-0.0018047716872757746,0.0030073653675739332
59.50000088661909,-2.142230749130249,0.0010902881622314453,9.809268951416016,-1.4244578778743744e-06,0.001552567002363503,3.5837344967148965e-06,180.0279814637967,-0.0018118336384844724,0.0030073620778451092
59.60000088810921,-1.591264247894287,-0.0016878843307495117,9.809065818786621,3.38201061822474e-07,-0.00022196270583663136,2.6722002530732425e-06,180.0279814637967,-0.0018187528976909562,0.003007358513972217
59.70000088959932,0.001435406506061554,0.002509187674149871,9.809355735778809,-4.904577508568764e-07,-0.0018349651945754886,-1.5904523706922191e-06,180.0279814637967,-0.0018256724310390382,0.0030073549500993246
59.80000089108944,1.7099157571792603,-0.0008518695831298828,9.809534072875977,2.30385921895504e-07,-0.00180878397077322,-4.1155226426781155e-06,180.0279814637967,-0.0018327454851032599,0.0030073513862264325
59.900000892579556,2.0436742305755615,-0.0035195350646972656,9.809818267822266,2.1303276298567653e-07,-0.00012023701128782704,-3.3195783544215374e-06,180.0279814637967,-0.0018400018044388844,0.00300734782235354
60.00000089406967,0.7492636442184448,0.0021332502365112305,9.810588836669922,-8.187489584088326e-07,0.0017399361822754145,4.4251046915633196e-07,180.0279814637967,-0.0018473252890913727,0.0030073445326247164
60.10000089555979,-0.908803403377533,-0.0020310282707214355,9.81043529510498,-3.189779818058014e-08,0.002259592991322279,3.336279178256518e-06,180.0279814637967,-0.0018545670788086,0.0030073409687518243
60.200000897049904,-1.6941131353378296,0.0033644437789916992,9.809595108032227,2.4121254682540894e-07,0.0014390982687473297,4.315988462622045e-06,180.0279814637967,-0.0018616569927161208,0.0030073374048789317
60.30000089854002,-1.3282195329666138,0.0006797313690185547,9.809313774108887,-6.487628070317442e-07,-3.410639465073473e-06,2.610372348499368e-06,180.0279814637967,-0.0018686276539483515,0.0030073338410060396
60.400000900030136,-0.08092082291841507,-0.0024491846561431885,9.80947494506836,-1.9511207938194275e-07,-0.0012962775072082877,-1.0287263876307406e-06,180.0279814637967,-0.001875591187413761,0.003007330277133147
60.50000090152025,1.2257717847824097,0.0018923282623291016,9.809659957885742,-8.925562724471092e-07,-0.0013376979622989893,-2.6481552595214453e-06,180.0279814637967,-0.0018826647897327575,0.0030073269874043235
60.60000090301037,1.5417832136154175,-0.0007666349411010742,9.80997371673584,1.6863341443240643e-06,-0.00011379323404980823,-2.1812056729686446e-06,180.0279814637967,-0.0018898766977599735,0.003007323423531431
60.700000904500484,0.6363751292228699,-0.0028099417686462402,9.810439109802246,-2.094893716275692e-06,0.001295702182687819,1.7669987073531956e-07,180.0279814637967,-0.001897145627737018,0.003007319859658539
60.8000009059906,-0.5924227237701416,0.02547776699066162,9.810336112976074,4.5165070332586765e-05,0.0017527107847854495,0.002016916638240218,180.03427889821145,-0.001904361373775032,0.0030073141026330974
60.90000090748072,-1.2361177206039429,-0.00662541389465332,9.809802055358887,-5.1966519095003605e-05,0.0011693770065903664,-0.00020587093604262918,180.0442509743997,-0.0019114660914425485,0.0030073094421839306
61.00000090897083,-0.9739102721214294,-0.014316141605377197,9.80951976776123,3.779081453103572e-06,9.276194032281637e-05,-3.368181933183223e-05,180.03957912500738,-0.0019184834942365114,0.003007305878311038
61.10000091046095,-0.07314322888851166,0.03263011947274208,9.809633255004883,3.2414915040135384e-05,-0.0008181479061022401,0.00141812430229038,180.04847203130674,-0.0019254945917168698,0.003007299024709322
61.200000911951065,0.8455132842063904,0.00682520866394043,9.80980110168457,-3.9348844438791275e-05,-0.0008369702845811844,-0.00017414579633623362,180.04847203130674,-0.0019325812158825784,0.0030072921711076063
61.30000091344118,1.0412009954452515,-0.003325939178466797,9.810038566589355,1.9611277366493596e-06,3.5216708056395873e-06,-3.0791805329499766e-05,180.04847203130674,-0.001939761460249656,0.0030072850433618217
61.4000009149313,0.44593894481658936,-0.000344008207321167,9.810328483581543,-2.391170710325241e-07,0.0009570826659910381,-4.987788543076022e-06,180.0442509743997,-0.0019469815925816647,0.0030072781897601056
61.50000091642141,-0.39994141459465027,0.0003337860107421875,9.810216903686523,-7.055932655930519e-07,0.001275161630474031,9.578456001690938e-07,180.0442509743997,-0.001954166086193254,0.003007271062014321
61.60000091791153,-0.8107239603996277,0.003165125846862793,9.809910774230957,7.669441401958466e-07,0.0008731672423891723,2.1236353404674446e-06,180.0442509743997,-0.001961277520393878,0.0030072639342685363
61.700000919401646,-0.6334004998207092,-0.001978278160095215,9.809727668762207,3.9517180994153023e-07,0.00013727952318731695,1.454154698876664e-06,180.0442509743997,-0.001968332206786272,0.00300725708066682
61.80000092089176,-0.022927286103367805,-0.03755884990096092,9.809736251831055,-4.6874687541276217e-05,-0.0004347225185483694,-0.00201803189702332,180.03957912500738,-0.0019753849741590557,0.003007253516793928
61.90000092238188,0.547839879989624,-0.0028290748596191406,9.809873580932617,5.3215568186715245e-05,-0.00040961260674521327,0.0002339675702387467,180.03427889821145,-0.00198248667625478,0.0030072499529210355
62.000000923871994,0.6432521939277649,0.0021057724952697754,9.810097694396973,-5.178895662538707e-06,0.00013920682249590755,3.9477010432165116e-05,180.03957912500738,-0.001989646359831454,0.0030072463890481434
62.10000092536211,0.2505669891834259,-0.002684652805328369,9.810200691223145,-3.320287214592099e-05,0.0007164434064179659,-0.001430464326404035,180.03427889821145,-0.0019968283861118152,0.00300724309931932
62.200000926852226,-0.2599808871746063,-0.0049506425857543945,9.810137748718262,3.6017736420035362e-06,0.0008937098318710923,-0.0012719871010631323,180.01979889717103,-0.002003986973107885,0.0030072400837345644
62.30000092834234,-0.5004413723945618,0.007689744234085083,9.809958457946777,3.624649252742529e-05,0.0006251349113881588,0.00018174851720687002,180.01979889717103,-0.0020111006004697174,0.003007236794005741
62.40000092983246,-0.36052361130714417,-0.0022602975368499756,9.809805870056152,3.0159062589518726e-05,0.00016787312051746994,0.0014537239912897348,180.03427889821145,-0.00201818215298033,0.0030072332301328488
62.500000931322575,0.012298647314310074,0.012560269795358181,9.809873580932617,-3.699460648931563e-06,-0.00014808913692831993,0.001273245899938047,180.03427889821145,-0.002025264802071547,0.0030072285696836815
62.60000093281269,0.33272403478622437,-0.0027016103267669678,9.80997371673584,-3.321570693515241e-05,-0.00010534207103773952,-0.00018976673891302198,180.03427889821145,-0.0020323771957890813,0.0030072244575226523
62.70000093430281,0.37294191122055054,-0.007723987102508545,9.810022354125977,1.4995603123679757e-06,0.00022308697225525975,-3.293975169071928e-05,180.03957912500738,-0.0020395230350658267,0.0030072208936497598
62.80000093579292,0.1253223419189453,-0.0025680959224700928,9.81014347076416,-8.744536899030209e-07,0.0005511029157787561,-5.157549821888097e-06,180.03957912500738,-0.002046680114247579,0.0030072173297768677
62.90000093728304,-0.1624983847141266,0.002612560987472534,9.81006908416748,2.0297011360526085e-07,0.0006419963901862502,6.233203464489634e-08,180.03957912500738,-0.00205382252674724,0.003007213765903975
63.000000938773155,-0.2927612066268921,0.00019425153732299805,9.809983253479004,-3.6900746636092663e-07,0.00047257018741220236,6.117397788329981e-07,180.03957912500738,-0.0020609387584613614,0.0030072104761751516
63.10000094026327,-0.2027941197156906,-0.0023623108863830566,9.809886932373047,3.847817424684763e-07,0.000202014489332214,5.476885007738019e-07,180.03957912500738,-0.0020680368967020968,0.003007206912302259
63.20000094175339,0.022402038797736168,0.0024390332400798798,9.809922218322754,-3.365403608768247e-05,3.2151761843124405e-05,-0.001429952448233962,180.0279814637967,-0.002075137090983503,0.003007203348429367
63.300000943243504,0.2051585614681244,0.014945894479751587,9.809988021850586,6.971480615902692e-05,7.268420449690893e-05,0.0015944327460601926,180.03427889821145,-0.0020822552417314455,0.003007198413836131
63.40000094473362,0.19775372743606567,-0.01765429973602295,9.81002426147461,-7.217726670205593e-05,0.00026523054111748934,-0.001566385617479682,180.03427889821145,-0.0020893916230591003,0.003007194849963239
63.500000946223736,0.07268482446670532,0.0024745911359786987,9.810086250305176,3.868926432915032e-05,0.0004489616840146482,0.00013472765567712486,180.03427889821145,-0.002096534309686149,0.0030071912860903465
63.60000094771385,-0.1100052073597908,6.549805402755737e-05,9.81005859375,-2.4101464077830315e-06,0.0004914052551612258,2.4274379029520787e-05,180.03427889821145,-0.002103667264194087,0.003007187996361523
63.70000094920397,-0.16515277326107025,-0.002406761050224304,9.809979438781738,5.621113814413548e-07,0.0003867845516651869,4.693725713877939e-06,180.0279814637967,-0.0021107852778641245,0.003007184432488631
63.800000950694084,-0.11265026032924652,0.002566896378993988,9.809940338134766,-7.042253855615854e-07,0.00023051326570566744,1.121692662309215e-06,180.0279814637967,-0.0021178931481955487,0.0030071808686157383
63.9000009521842,0.02495819702744484,-2.0954757928848267e-06,9.80991268157959,7.756461855024099e-07,0.0001395404542563483,2.6764405447465833e-07,180.0279814637967,-0.0021250033487660858,0.003007177304742846
64.00000095367432,0.11759813129901886,-0.00254850834608078,9.810037612915039,1.8342689145356417e-07,0.00017083795682992786,1.5312848233861587e-07,180.0279814637967,-0.0021321241038805283,0.0030071737408699536
64.10000095516443,0.12016028165817261,0.0024502500891685486,9.810017585754395,-2.2951280698180199e-07,0.00028505377122201025,5.7825527477461947e-08,180.0279814637967,-0.0021392555505883593,0.00300717045114113
64.20000095665455,0.02760399505496025,-0.0025033485144376755,9.810039520263672,3.9182486943900585e-07,0.00038612319622188807,5.169530368220876e-07,180.0279814637967,-0.0021463896016769013,0.0030071668872682375
64.30000095814466,-0.06500396132469177,0.002543065696954727,9.810009956359863,-1.497188350185752e-06,0.0004052471194881946,4.834839160139381e-07,180.0279814637967,-0.002153517621593437,0.0030071633233953454
64.40000095963478,-0.0975835919380188,5.9373676776885986e-05,9.810029983520508,4.796311259269714e-07,0.0003408430202398449,5.710236337108654e-07,180.0279814637967,-0.002160637005985677,0.003007159759522453
64.5000009611249,-0.06008484214544296,-0.002459447830915451,9.809922218322754,8.029164746403694e-07,0.0002513194631319493,3.730109199295839e-07,180.0279814637967,-0.0021677510445670123,0.0030071561956495608
64.60000096261501,0.02000564895570278,0.02508115954697132,9.809990882873535,4.5264154323376715e-05,0.000202602575882338,0.0020231367088854313,180.03427889821145,-0.0021748667279979372,0.003007150712768188
64.70000096410513,0.07256262749433517,-0.007534444332122803,9.8100004196167,-5.216582212597132e-05,0.00022584297403227538,-0.0002246671065222472,180.03957912500738,-0.002181988990898276,0.0030071457781749526
64.80000096559525,0.06011269986629486,0.020026180893182755,9.810018539428711,3.533743438310921e-05,0.000291844189632684,0.0013933905865997076,180.0442509743997,-0.0021891167366874242,0.003007139198717305
64.90000096708536,0.017566349357366562,0.0025014299899339676,9.810019493103027,-3.803157596848905e-05,0.0003492955875117332,-0.00016388780204579234,180.04847203130674,-0.0021962461273261624,0.0030071320709715204
65.00000096857548,-0.04249998927116394,4.9971044063568115e-05,9.810019493103027,2.373591996729374e-06,0.0003561948542483151,-2.7827192752738483e-05,180.0442509743997,-0.0022033714057982934,0.0030071252173698043
65.1000009700656,-0.057568155229091644,-0.030005797743797302,9.809990882873535,-3.4638651413843036e-05,0.00031737127574160695,-0.0014338657492771745,180.03957912500738,-0.002210491749707444,0.003007120831064706
65.20000097155571,-0.032550182193517685,-0.012467727065086365,9.809981346130371,3.601823118515313e-05,0.00026516077923588455,0.00015787249139975756,180.03957912500738,-0.0022176090780021696,0.003007117815479951
65.30000097304583,0.01750572770833969,0.004998575896024704,9.80997085571289,-2.1285231923684478e-06,0.00024042456061579287,2.7235044399276376e-05,180.03957912500738,-0.002224728051174907,0.003007114251607059
65.40000097453594,0.042549390345811844,0.00242474302649498,9.810029983520508,-3.2419076887890697e-05,0.0002557190600782633,-0.0014259619638323784,180.03427889821145,-0.0022318507252947484,0.003007110413590098
65.50000097602606,0.03257005661725998,0.012546908110380173,9.809981346130371,7.099259528331459e-05,0.00029515090864151716,0.0015904189785942435,180.03957912500738,-0.0022389764149863822,0.0030071054789968625
65.60000097751617,0.002539760898798704,8.734175935387611e-06,9.810019493103027,-3.7206977140158415e-05,0.0003258736105635762,-0.000130066808196716,180.03957912500738,-0.0022461023788196144,0.0030071005444036267
65.70000097900629,-0.02000722661614418,-0.017475932836532593,9.810029983520508,2.0952720660716295e-06,0.0003283112891949713,-2.2377802451956086e-05,180.03957912500738,-0.0022532264236616584,0.0030070969805307346
65.8000009804964,-0.03251919522881508,0.0025325454771518707,9.80997085571289,1.706794137135148e-06,0.00030486570904031396,-3.3257035738643026e-06,180.03957912500738,-0.002260347589967182,0.003007093416657842
65.90000098198652,-0.020020894706249237,2.4046748876571655e-05,9.809990882873535,-1.1884840205311775e-06,0.00027483777375891805,-3.104803454334615e-07,180.03957912500738,-0.0022674668373099394,0.0030070901269290185
66.00000098347664,0.017507651820778847,-0.0025014467537403107,9.810009956359863,9.023933671414852e-07,0.00026226506452076137,-1.7465182633458198e-09,180.03957912500738,-0.002274587729473865,0.003007086563056126
66.10000098496675,0.02003677748143673,0.002496853470802307,9.809981346130371,-2.7776695787906647e-07,0.00027176368166692555,1.641900269078178e-07,180.03957912500738,-0.0022817105406574,0.003007082999183234
66.20000098645687,0.017535079270601273,-1.4454126358032227e-06,9.810009956359863,-1.4201505109667778e-06,0.00029471490415744483,6.516889925478608e-07,180.03957912500738,-0.0022888348596410424,0.0030070794353103418
66.30000098794699,-0.0024666155222803354,-0.0024878494441509247,9.810049057006836,-7.911003194749355e-07,0.0003119876200798899,3.056393893530185e-07,180.03957912500738,-0.0022959590415325692,0.0030070758714374492
66.4000009894371,-0.007491282187402248,0.0025155479088425636,9.809951782226562,-8.349015843123198e-07,0.0003121333138551563,3.982383987022331e-07,180.03957912500738,-0.002303082401013512,0.0030070725817086257
66.50000099092722,-0.01999467983841896,-0.0024759527295827866,9.810049057006836,-9.684008546173573e-07,0.00029775401344522834,3.3651352282504376e-07,180.03957912500738,-0.002310204115630654,0.003007069017835733
66.60000099241734,0.01880369894206524,0.03755517303943634,9.755378723144531,3.1782547011971474e-05,0.0030805058777332306,0.0014299803879112005,180.0442509743997,-0.0023173277492389843,0.003007062164234017
66.70000099390745,-0.029349347576498985,0.0025308001786470413,9.842879295349121,-3.7228805013000965e-05,0.0002558490668889135,-0.00016065606905613095,180.0442509743997,-0.0023244491897003172,0.0030070553106323014
66.80000099539757,0.010817576199769974,0.002498387359082699,9.832467079162598,1.5303667169064283e-06,0.00016649157623760402,-2.7451447749626823e-05,180.04847203130674,-0.002331571726756465,0.0030070481828865167
66.90000099688768,0.010947506874799728,-0.0025016097351908684,9.812447547912598,-8.223869372159243e-07,0.00024137481523212045,-4.072392130183289e-06,180.0442509743997,-0.0023386959086764136,0.0030070413292848006
67.0000009983778,0.0026209948118776083,8.38632695376873e-06,9.759482383728027,-4.601897671818733e-07,-0.001188455382362008,-4.5347192667577474e-07,180.04847203130674,-0.0023458200905537296,0.003007034201539016
67.10000099986792,0.002830907702445984,-0.03757539391517639,9.848310470581055,-4.6332512283697724e-05,0.00043357189861126244,-0.0020223199389874935,180.03957912500738,-0.0023529448207710857,0.003007030637666124
67.20000100135803,-0.03731068596243858,-0.0024664849042892456,9.821249961853027,5.131005309522152e-05,0.00043220206862315536,0.00022362673189491034,180.03957912500738,-0.0023600659870766094,0.0030070270737932313
67.30000100284815,-0.02489902265369892,0.0025260504335165024,9.810479164123535,-4.004425136372447e-06,0.0003462962922640145,3.909426959580742e-05,180.03427889821145,-0.002367184960235136,0.0030070237840644077
67.40000100433826,0.01007483433932066,4.187226295471191e-06,9.808984756469727,7.127528078854084e-07,0.00029595204978249967,6.939515515114181e-06,180.03957912500738,-0.002374304755846879,0.003007020220191515
67.50000100582838,0.030073268339037895,-0.002508336678147316,9.809228897094727,1.498061465099454e-06,0.00028863700572401285,1.5394435877169599e-06,180.03957912500738,-0.0023814272929030267,0.003007016656318623
67.6000010073185,0.025076398625969887,0.002494795247912407,9.809551239013672,1.1092342901974916e-06,0.00030578134465031326,6.801613494644698e-07,180.03957912500738,-0.002388552023091961,0.0030070130924457305
67.70000100880861,0.010044039227068424,-0.0024958113208413124,9.809765815734863,7.553026080131531e-07,0.0003229099966119975,2.5694208716231515e-07,180.03957912500738,-0.0023956775757056903,0.0030070095285728384
67.80000101029873,-0.02248465083539486,0.002461884170770645,9.809853553771973,-3.3734802855178714e-05,0.0003218167112208903,-0.0014297449961304665,180.0279814637967,-0.0024028014834698297,0.003007006238844015
67.90000101178885,-0.022496331483125687,0.01508126500993967,9.80997085571289,7.021066267043352e-05,0.00030324090039357543,0.0015879995189607143,180.03427889821145,-0.0024099229239311626,0.003007001304250779
68.00000101327896,-0.010013192892074585,-0.015043791383504868,9.809942245483398,-7.169097079895437e-05,0.0002811362501233816,-0.0015605315566062927,180.03427889821145,-0.0024170435419677005,0.003006997740377887
68.10000101476908,0.00251163262873888,-0.0024907803162932396,9.809990882873535,3.947729419451207e-05,0.0002711242705117911,0.0001357311848551035,180.03427889821145,-0.0024241647082732243,0.0030069941765049945
68.2000010162592,0.02003047987818718,0.0025004781782627106,9.809990882873535,-7.61647243052721e-07,0.0002781493531074375,2.3636408513993956e-05,180.0279814637967,-0.0024312872453151613,0.0030069906126321023
68.30000101774931,0.017544087022542953,0.015057414770126343,9.8100004196167,3.15643846988678e-05,0.0002943944127764553,0.00143506471067667,180.03427889821145,-0.00243841142723511,0.0030069856780388666
68.40000101923943,-0.0024625826627016068,0.017574984580278397,9.810019493103027,-3.712950274348259e-06,0.000306903850287199,0.0012737051583826542,180.0442509743997,-0.002445535883282446,0.0030069790985812195
68.50000102072954,-0.009988738223910332,0.002523288130760193,9.809981346130371,-3.407977055758238e-05,0.0003065069322474301,-0.00018459143757354468,180.04847203130674,-0.0024526589686217903,0.003006972519123572
68.60000102221966,-0.010008244775235653,-0.0124767841771245,9.810009956359863,9.872019290924072e-07,0.000296559592243284,-3.141590423183516e-05,180.04847203130674,-0.002459781231507918,0.0030069667620981305
68.70000102370977,-0.017512308433651924,-0.02253509685397148,9.809981346130371,-3.413466038182378e-05,0.00028461561305448413,-0.0014354491140693426,180.03957912500738,-0.0024669018495302453,0.0030069631982252384
68.80000102519989,0.017511317506432533,-0.002500358037650585,9.809990882873535,3.6714758607558906e-05,0.0002800016663968563,0.00015738504589535296,180.03427889821145,-0.002474024386586393,0.0030069599084964144
68.90000102669,0.0025249486789107323,0.0025088891852647066,9.810019493103027,-4.877976607531309e-06,0.00028408580692484975,2.7350888558430597e-05,180.03957912500738,-0.002481146649486732,0.0030069563446235223
69.00000102818012,0.012523384764790535,2.648681402206421e-06,9.8100004196167,5.424371920526028e-07,0.00029310144600458443,5.191000582271954e-06,180.03957912500738,-0.0024882705572224495,0.0030069527807506297
69.10000102967024,0.005021827295422554,-0.002492669504135847,9.810019493103027,1.1696538422256708e-06,0.0003006306942552328,1.2766475947501021e-06,180.03957912500738,-0.0024953944650007998,0.0030069492168777376
69.20000103116035,-0.019975043833255768,0.0025229323655366898,9.810009956359863,-4.151661414653063e-07,0.00030004687141627073,3.607714518238936e-07,180.03957912500738,-0.0025025167278869276,0.003006945653004845
69.30000103265047,0.002521827816963196,-0.002491109538823366,9.809981346130371,4.7404319047927856e-07,0.0002942158898804337,7.351043791459233e-07,180.03957912500738,-0.0025096392649430754,0.0030069423632760215
69.40000103414059,2.4949200451374054e-05,0.002510449616238475,9.809981346130371,2.5029294192790985e-09,0.00028688684687949717,3.221927897811838e-07,180.03957912500738,-0.0025167618019850124,0.0030069387994031294
69.5000010356307,2.3388838599203154e-05,1.0450234185555018e-05,9.809990882873535,-3.9959559217095375e-07,0.00028469349490478635,4.752664324314537e-07,180.03957912500738,-0.0025238843390269494,0.003006935235530237
69.60000103712082,2.182857133448124e-05,-0.0024895488750189543,9.809990882873535,-3.38477548211813e-08,0.0002877787919715047,1.9226941105898732e-07,180.03957912500738,-0.0025310068760688864,0.0030069316716573448
69.70000103861094,2.4949200451374054e-05,0.002510449616238475,9.810029983520508,7.910712156444788e-07,0.0002932364586740732,5.370101803237048e-07,180.03957912500738,-0.0025381291389550142,0.0030069281077844522
69.80000104010105,-0.0024766104761511087,1.2010568752884865e-05,9.810019493103027,-1.0305375326424837e-06,0.0002968771441373974,5.717308226849127e-07,180.03957912500738,-0.0025452516759969512,0.0030069248180556287
69.90000104159117,0.002531033009290695,0.02507132850587368,9.809981346130371,3.392339567653835e-05,0.0002962701837532222,0.0014307871460914612,180.03957912500738,-0.0025523742130388882,0.0030069187868861187
70.00000104308128,6.416812539100647e-07,-0.015047297812998295,9.8100004196167,-6.952387047931552e-05,0.00029270839877426624,-0.0015877189580351114,180.03957912500738,-0.0025594967500666144,0.0030069141264369515
70.1000010445714,5.5031850934028625e-06,-0.009989546611905098,9.8100004196167,3.948816447518766e-05,0.00028912414563819766,0.00013089529238641262,180.03957912500738,-0.0025666192871085514,0.0030069105625640594
70.20000104606152,1.5202759641397279e-05,1.0450243280502036e-05,9.8100004196167,-2.3785396479070187e-06,0.00028805018519051373,2.289241092512384e-05,180.03957912500738,-0.002573741550023101,0.003006907272835236
70.30000104755163,1.3640616089105606e-05,-0.002489549107849598,9.809981346130371,-2.627784851938486e-07,0.0002901048574130982,4.214659384160768e-06,180.03957912500738,-0.002580864087050827,0.0030069037089623433
70.40000104904175,-0.0024832342751324177,0.002512012142688036,9.810019493103027,6.07105903327465e-08,0.0002927830209955573,1.0605415354802972e-06,180.03957912500738,-0.002587986624092764,0.003006900145089451
70.50000105053186,0.0025152021553367376,8.88807699084282e-06,9.8100004196167,-2.587039489299059e-07,0.0002944674633909017,4.1994152866209333e-07,180.03957912500738,-0.002595109161134701,0.0030068965812165586
70.60000105202198,1.3640616089105606e-05,-0.002489549107849598,9.810019493103027,1.3418321032077074e-06,0.00029485204140655696,5.57589260097302e-07,180.03957912500738,-0.002602231698176638,0.0030068930173436665
70.7000010535121,-0.10264992713928223,0.002574540674686432,9.810017585754395,-1.977605279535055e-06,0.0006532284314744174,9.560023954691133e-07,180.03427889821145,-0.0026093449143189673,0.0030068897276148425
70.80000105500221,-0.6057851314544678,-0.002111196517944336,9.810127258300781,9.534414857625961e-08,0.001195298507809639,2.6946204343403224e-06,180.03427889821145,-0.002616403849927451,0.0030068861637419504
70.90000105649233,-1.3042643070220947,0.0033249855041503906,9.809931755065918,-5.005858838558197e-07,0.0013813658151775599,4.104262188775465e-06,180.03427889821145,-0.0026233457260360638,0.003006882599869058
71.00000105798244,-1.7176170349121094,0.001082777976989746,9.809473991394043,-4.7474168241024017e-07,0.0010220934636890888,4.666720087698195e-06,180.03427889821145,-0.002630133533159551,0.0030068790359961657
71.10000105947256,-1.632932186126709,-0.0014702081680297852,9.809317588806152,-1.438922481611371e-06,0.00037740101106464863,3.8723237594240345e-06,180.03427889821145,-0.00263677522150374,0.003006875472123273
71.20000106096268,-1.1576366424560547,0.003232598304748535,9.809463500976562,1.1744705261662602e-06,-0.00017743598436936736,2.9069635729683796e-06,180.03427889821145,-0.002643312735102654,0.0030068721823944496
71.3000010624528,-0.6370218992233276,0.0004075765609741211,9.809752464294434,-4.016910679638386e-07,-0.0003031282394658774,1.4881784409226384e-06,180.03427889821145,-0.002649793500893338,0.0030068686185215575
71.40000106394291,-0.4165532886981964,-0.002230018377304077,9.809992790222168,-1.5018194972071797e-06,4.375063508632593e-05,1.5881403214734746e-06,180.03427889821145,-0.0026562367089297823,0.003006865054648665
71.50000106543303,-0.6315128207206726,0.025515615940093994,9.810067176818848,2.4957756977528334e-05,0.0005563516169786453,0.001299806754104793,180.03957912500738,-0.002662623717426982,0.003006859571767292
71.60000106692314,-1.03691828250885,-0.014216065406799316,9.809935569763184,-3.370561171323061e-05,0.0008443079423159361,-0.00014888086298014969,180.0442509743997,-0.0026689175169281043,0.003006855185462194
71.70000106841326,-1.3373512029647827,-0.006499648094177246,9.809710502624512,2.5402987375855446e-06,0.0007483223453164101,-2.0505858628894202e-05,180.0442509743997,-0.0026750915155133725,0.003006851621589302
71.80000106990337,-1.3275302648544312,-0.0015076398849487305,9.809550285339355,-3.2750540412962437e-07,0.0003946948563680053,-4.23193000642641e-07,180.0442509743997,-0.002681146261394929,0.0030068483318604782
71.90000107139349,-1.0523490905761719,0.0032885074615478516,9.809630393981934,-1.1914125934708863e-06,3.583737270673737e-05,1.6223953025473747e-06,180.0442509743997,-0.0026871067017282257,0.0030068447679875857
72.0000010728836,-0.7094453573226929,-0.0019652843475341797,9.809752464294434,-1.1463707778602839e-06,-7.695324893575162e-05,1.6173877384062507e-06,180.0442509743997,-0.0026930038147980895,0.0030068412041146936
72.10000107437372,-0.5265969038009644,0.002899467945098877,9.809972763061523,-7.468770490959287e-07,0.00012622059148270637,2.288675659656292e-06,180.0442509743997,-0.002698853500930909,0.003006837640241801
72.20000107586384,-0.6440464854240417,0.00048655271530151367,9.809976577758789,-1.2398813851177692e-06,0.0004735413531307131,1.8664053413885995e-06,180.0442509743997,-0.0027046458909438797,0.003006834076368909
72.30000107735395,-0.9042729139328003,-0.0018207430839538574,9.809954643249512,1.171603798866272e-06,0.0006951845716685057,2.2110159534349805e-06,180.0442509743997,-0.0027103568601773986,0.003006830786640085
72.40000107884407,-1.1245670318603516,0.003342270851135254,9.809782028198242,-3.259629011154175e-08,0.0006525422213599086,2.8233255306986393e-06,180.0442509743997,-0.0027159669443790335,0.003006827222767193
72.50000108033419,-1.127199411392212,0.000844120979309082,9.80968952178955,1.7276033759117126e-07,0.00040652681491337717,3.037099531866261e-06,180.0442509743997,-0.002721476143577206,0.0030068236588943003
72.6000010818243,-0.9370707273483276,-0.0017966628074645996,9.80970573425293,1.9160652300342917e-06,0.00014495181676466018,2.2476333469967358e-06,180.0442509743997,-0.002726901180537311,0.003006820095021408
72.70000108331442,-0.6817693114280701,0.00301438570022583,9.809799194335938,3.87190084438771e-08,5.7374702009838074e-05,2.2424869712267537e-06,180.0442509743997,-0.0027322653575367895,0.0030068165311485156
72.80000108480453,-0.5440170168876648,-0.002087533473968506,9.809955596923828,1.8758582882583141e-06,0.0002075573429465294,2.0494435375439934e-06,180.0442509743997,-0.002737580736877021,0.003006813241419692
72.90000108629465,-0.6239767074584961,0.0029717087745666504,9.8099946975708,3.003515303134918e-08,0.0004725286562461406,1.8356040527578443e-06,180.0442509743997,-0.0027428401908196065,0.0030068096775468
73.00000108778477,-0.8291508555412292,0.0006235837936401367,9.809918403625488,-1.0360963642597198e-08,0.0006423488957807422,2.4811749881337164e-06,180.0442509743997,-0.002748025077579541,0.0030068061136739074
73.10000108927488,-1.0043824911117554,-0.0017466545104980469,9.809826850891113,-2.6030465960502625e-07,0.0006022545276209712,2.488926156729576e-06,180.0442509743997,-0.0027531203192410203,0.0030068025498010153
73.200001090765,-0.9869624376296997,0.003240346908569336,9.809754371643066,-7.538474164903164e-07,0.00039866339648142457,2.7772441626439104e-06,180.0442509743997,-0.002758126738228839,0.0030067989859281228
73.30000109225512,-0.8168390393257141,0.000614464282989502,9.809768676757812,-1.0613875929266214e-06,0.00018762805848382413,2.0982511159672868e-06,180.0442509743997,-0.0027630599607277873,0.003006795696199299
73.40000109374523,-0.6140848994255066,-0.0020356178283691406,9.809852600097656,3.776222001761198e-08,0.0001297337148571387,1.0229560984953423e-06,180.0442509743997,-0.0027679383544239045,0.0030067921323264067
73.50000109523535,-0.5063774585723877,0.00288468599319458,9.809978485107422,-2.3347092792391777e-07,0.0002773397427517921,9.919283456838457e-07,180.0442509743997,-0.0027727712402025873,0.0030067885684535146
73.60000109672546,-0.6038811206817627,-0.0020430684089660645,9.809964179992676,-1.0405201464891434e-06,0.0005105773452669382,1.8277878552908078e-06,180.0442509743997,-0.0027775501196032337,0.003006785004580622
73.70000109821558,-0.7890498042106628,0.0030940771102905273,9.80993366241455,7.969792932271957e-07,0.0006396102835424244,2.3654192773392424e-06,180.0442509743997,-0.0027822582698320275,0.00300678144070773
73.8000010997057,-0.9192396998405457,0.0006903409957885742,9.809837341308594,2.4971086531877518e-08,0.0005741178174503148,1.99499049813312e-06,180.0442509743997,-0.0027868839026865544,0.0030067781509789063
73.90000110119581,-0.8817886710166931,-0.0018373727798461914,9.80980110168457,-1.7510319594293833e-06,0.00037219838122837245,2.5842466584435897e-06,180.0442509743997,-0.0027914305820786467,0.003006774587106014
74.00000110268593,0.044516030699014664,0.0024770982563495636,9.807385444641113,-1.2271339073777199e-06,-0.00030209228862077,-5.990339104755549e-06,180.0442509743997,-0.002795981099467326,0.0030067710232331217
74.10000110417604,-0.12825238704681396,0.0001049339771270752,9.810029983520508,1.0333897080272436e-06,-0.00024486012989655137,1.067121047526598e-06,180.0442509743997,-0.002800520376936788,0.003006767459360229
74.20000110566616,-3.896280288696289,0.00039267539978027344,9.79210376739502,-5.122274160385132e-07,0.01181450579315424,5.087840690976009e-06,180.0442509743997,-0.0028047101207420155,0.003006763895487337
74.30000110715628,-6.3471360206604,0.007209300994873047,9.817605018615723,2.42842361330986e-07,-0.003459472907707095,-8.920379173105175e-07,180.0442509743997,-0.0028083301931616234,0.003006760605758513
74.40000110864639,1.6774978637695312,-0.0037344694137573242,9.818768501281738,9.578652679920197e-07,-0.005318361334502697,-3.5674797800311353e-06,180.0442509743997,-0.0028121013189661426,0.003006757041885621
74.50000111013651,3.9124128818511963,-0.020104408264160156,9.808963775634766,-2.1396204829216003e-05,-0.004529826808720827,-0.0010809620143845677,180.03957912500738,-0.002816223897468717,0.0030067551228771406
74.60000111162663,4.220196723937988,0.01725912094116211,9.831604957580566,2.8282171115279198e-05,-0.0009361277334392071,0.000290588999632746,180.03957912500738,-0.002820724794773355,0.0030067518331483166
74.70000111311674,-1.213109016418457,0.0008214712142944336,9.778937339782715,-5.386769771575928e-06,0.017471211031079292,4.371861359686591e-05,180.03957912500738,-0.0028251168568971252,0.0030067482692754245
74.80000111460686,-20.037944793701172,-0.32144927978515625,9.763306617736816,-0.0021307524293661118,0.0038055535405874252,-0.035486847162246704,179.92867051326473,-0.0028277105339356012,0.0030067710232331217
74.90000111609697,-2.882150173187256,-0.35681796073913574,9.816603660583496,0.00026716291904449463,-0.010443576611578465,-0.03313283994793892,179.74055344314422,-0.0028300459672436773,0.003006824755470575
75.00000111758709,5.121488094329834,-0.07150888442993164,9.813423156738281,4.9688853323459625e-05,-0.008391107432544231,-0.0335361547768116,179.55765463754963,-0.002832841962600696,0.0030068883568944993
75.1000011190772,5.911012649536133,-0.09123611450195312,9.807990074157715,-7.916195318102837e-05,-0.004931323695927858,-0.03365544602274895,179.37192813363865,-0.002836168152569485,0.003006965665521856
75.20000112056732,5.709867000579834,-0.08556079864501953,9.805598258972168,-0.00010688602924346924,-0.0025437925942242146,-0.03184039145708084,179.19350993213956,-0.002840006443676657,0.003007058052072988
75.30000112205744,5.509395599365234,-0.07246828079223633,9.811616897583008,-0.00013688602484762669,-0.0015413890359923244,-0.028889382258057594,179.0282330146036,-0.0028443384682503847,0.003007164968259757
75.40000112354755,4.729119777679443,-0.06604194641113281,9.824128150939941,0.00015351525507867336,0.0032869449350982904,-0.023828623816370964,178.88214892863536,-0.0028490943195436103,0.003007286414082165
75.50000112503767,1.901219367980957,-0.04450249671936035,9.780784606933594,4.1362131014466286e-05,0.0011695101857185364,-0.019956087693572044,178.75950605189863,-0.0028540204142899483,0.0030074152617944254
75.60000112652779,3.3596699237823486,-0.049279212951660156,9.804174423217773,2.1171290427446365e-06,-0.0006136266165412962,-0.01856359653174877,178.65492219532737,-0.0028592472451265394,0.003007555623557569
75.7000011280179,4.517797946929932,-1.8743462562561035,9.805585861206055,-0.007202887441962957,-0.0006377268582582474,-0.22601483762264252,177.82210356944938,-0.0028648724072724008,0.0030078788394144957
75.80000112950802,5.397747039794922,-2.0036635398864746,9.804173469543457,0.0011441323440521955,-0.0004026973037980497,-0.1950460970401764,176.663935712647,-0.0028709704678959724,0.0030084090340432453
75.90000113099813,5.373840808868408,-0.5317535400390625,9.804949760437012,0.0010648444294929504,-0.00035253935493528843,-0.132638618350029,175.78898847996837,-0.0028775452651075284,0.003009021746036656
76.00000113248825,5.336309909820557,-0.4811573028564453,9.804424285888672,0.0005352968582883477,0.000652081856969744,-0.11668817698955536,175.0866947691293,-0.002884593509094202,0.003009717797826933
76.10000113397837,3.8969292640686035,-3.0046944618225098,9.801698684692383,-0.011903759092092514,0.00388370081782341,-0.4178493618965149,173.46781699243124,-0.00289195784120011,0.003010720342685949
76.20000113546848,0.10889482498168945,-7.27507209777832,9.78609561920166,-0.011833878234028816,0.00849275290966034,-0.7548721432685852,169.89617447164818,-0.0028992171761359486,0.0030123652070977894
76.3000011369586,-2.313978672027588,-7.040020942687988,9.784553527832031,0.0017574132652953267,0.006395472213625908,-0.7081716656684875,165.65330194037128,-0.0029061195754849223,0.003014567680545243
76.40000113844872,-2.569554567337036,-5.880539894104004,9.786330223083496,0.0012162707280367613,0.00500447116792202,-0.7239731550216675,161.44697092115393,-0.0029126359799818147,0.0030171945290109513
76.50000113993883,-1.9949843883514404,-6.059477806091309,9.784760475158691,0.0019769808277487755,0.0028434081468731165,-0.7260393500328064,157.21799099464883,-0.0029187784519706383,0.0030202509612322188
76.60000114142895,-0.15215802192687988,-5.976707458496094,9.785053253173828,0.0012833871878683567,0.0009092729887925088,-0.7401535511016846,152.9620728020572,-0.0029246659699708744,0.0030237761798108604
76.70000114291906,2.232988119125366,-4.328106880187988,9.794900894165039,0.005738167557865381,-0.0005054565845057368,-0.5791547894477844,149.30957450187955,-0.002930529363311507,0.003027735368450159
76.80000114440918,2.430209159851074,-4.820801734924316,9.792054176330566,-0.0005723825888708234,0.002519867615774274,-0.6682504415512085,145.6244961993609,-0.0029363302517992906,0.0030321726643451658
76.9000011458993,0.39075911045074463,-6.299571990966797,9.785706520080566,0.00042165652848780155,0.005389601457864046,-0.7344040870666504,141.4657579382802,-0.0029418076502736312,0.0030370716188517625
77.00000114738941,-1.6797513961791992,-6.4596357345581055,9.78327465057373,0.0016874826978892088,0.005808677524328232,-0.7587873935699463,137.07710184935857,-0.002946782542693427,0.003042290225342393
77.10000114887953,-2.3672666549682617,-6.458223342895508,9.781620025634766,0.002552958205342293,0.0046539087779819965,-0.7657058835029602,132.61473435891412,-0.0029511891344498054,0.0030477426767235743
77.20000115036964,-1.6647746562957764,-6.359813213348389,9.781594276428223,0.002492012456059456,0.0028081019409000874,-0.7709115147590637,128.13575584840822,-0.002955057307246989,0.0030534284247071674
77.30000115185976,0.10640794038772583,-6.364762783050537,9.781702041625977,0.0016066650860011578,0.0012952238321304321,-0.7879584431648254,123.61117899500333,-0.00295845779025683,0.0030594365661154813
77.40000115334988,1.8562302589416504,-6.407668590545654,9.781279563903809,0.0014136547688394785,0.0018121986649930477,-0.8079400658607483,118.98521481355874,-0.002961439107011188,0.0030658674376776384
77.50000115483999,1.2573974132537842,-8.271358489990234,9.765373229980469,-0.007596610579639673,0.00706948759034276,-1.0618102550506592,113.50107834403708,-0.0029637885216828863,0.0030726963664274606
77.60000115633011,-0.006510242819786072,-8.040321350097656,9.770912170410156,0.007620819844305515,0.005647359881550074,-0.8881018161773682,107.93372967985717,-0.0029654544951682738,0.0030797462552966067
77.70000115782022,-0.39023882150650024,-4.127892017364502,9.794355392456055,0.008951532654464245,0.0037645872216671705,-0.6367252469062805,103.72597798129247,-0.0029667555829178127,0.0030868487798269314
77.80000115931034,-0.9829421043395996,-2.716141939163208,9.801522254943848,0.007019109092652798,0.0022479186300188303,-0.4521588981151581,100.75288542804513,-0.0029678030874009664,0.0030939101827469604
77.90000116080046,-0.9592593908309937,-2.2123401165008545,9.804203033447266,0.005282859783619642,0.0009108178201131523,-0.3387945592403412,98.57625440372381,-0.002968643064832577,0.003100915386132918
78.00000116229057,-0.523796021938324,-3.403287172317505,9.800741195678711,-4.047143011121079e-05,0.0006238877540454268,-0.4285869896411896,96.27059427579178,-0.0029691765492145805,0.0031079077047476496
78.10000116378069,0.44687309861183167,-2.5549097061157227,9.80479621887207,0.004960253834724426,-0.0004381807229947299,-0.3043881952762604,94.27281858507641,-0.002969485783708592,0.003114956497040521
78.2000011652708,1.0294890403747559,-1.0452302694320679,9.808497428894043,0.003985940478742123,-0.00018475230899639428,-0.20283503830432892,92.91686894047797,-0.0029697070179679486,0.0031221028846218283
78.30000116676092,0.6974252462387085,-0.7698830366134644,9.809392929077148,0.002820628462359309,0.0006929837982170284,-0.141213521361351,91.98674743968397,-0.0029698624576610655,0.0031293139702033347
78.40000116825104,-0.12029397487640381,-0.6929041147232056,9.809698104858398,0.001899008289910853,0.0012471406953409314,-0.10891129821538925,91.29457606919487,-0.0029699562149261283,0.0031365154607424384
78.50000116974115,-0.7244228720664978,-0.44795864820480347,9.80981731414795,0.001781134749762714,0.00104429735802114,-0.0716911032795906,90.81026784571678,-0.0029700091247235605,0.003143652527425412
78.60000117123127,-0.7307548522949219,-0.26768410205841064,9.80960750579834,0.0012918077409267426,0.0003866423503495753,-0.047034215182065964,90.49240450212272,-0.0029700379098613894,0.0031507243478200494
78.70000117272139,-0.2589627206325531,-0.16651076078414917,9.809673309326172,0.0008990717469714582,-0.00027692009462043643,-0.03181246668100357,90.28039543028554,-0.0029700521653523992,0.0031577728659688523
78.8000011742115,0.37473446130752563,-0.14034263789653778,9.809823989868164,0.0006283188704401255,-0.00047623380669392645,-0.022173114120960236,90.13457772169492,-0.0029700535360746017,0.0031648551038380977
78.90000117570162,0.6455842852592468,-0.08925162255764008,9.810033798217773,0.00044815478031523526,-8.384631655644625e-05,-0.015590807422995567,90.03239126152236,-0.0029700472307467862,0.003171995460249895
79.00000117719173,0.4181702136993408,-0.018115367740392685,9.81014633178711,0.00045347880222834647,0.0005260386387817562,-0.005077029578387737,89.98425208825212,-0.002970039280583592,0.003179173100255027
79.10000117868185,-0.08978994190692902,0.014480897225439548,9.810178756713867,0.0001928013371070847,0.0008648453513160348,-0.0031541401986032724,89.96246378479978,-0.002970032701128389,0.0031863427900821685
79.20000118017197,-0.4427938163280487,-0.010701057501137257,9.810015678405762,0.0001263448066310957,0.0007423402857966721,-0.0021217605099081993,89.9482433309478,-0.0029700252992341802,0.0031934727290193576
79.30000118166208,-0.43549612164497375,-0.0282310638576746,9.809859275817871,6.314281927188858e-05,0.00033189007081091404,-0.002404032973572612,89.93475370733704,-0.002970015430051376,0.003200563465354731
79.4000011831522,-0.12282955646514893,-0.007820472121238708,9.809859275817871,6.206861871760339e-05,-5.827099084854126e-05,-0.001621774397790432,89.9239210273134,-0.002970005012571164,0.0032076435100714274
79.50000118464231,0.2375769168138504,0.00024143255723174661,9.809890747070312,4.080064900335856e-05,-0.00014749052934348583,-0.0011372813023626804,89.91647612111808,-0.002969994595105163,0.003214744663881409
79.60000118613243,0.3678913414478302,0.0005166215123608708,9.810044288635254,5.175602564122528e-05,9.62794802035205e-05,0.00021215654851403087,89.91531498895918,-0.002969983903483353,0.003221878989123696
79.70000118762255,0.23034602403640747,0.032886240631341934,9.810098648071289,6.595120794372633e-05,0.0004469468258321285,0.0025240653194487095,89.9259017821727,-0.002969976227447546,0.0032290338751711314
79.80000118911266,-0.05988457798957825,0.002518151421099901,9.81010913848877,-1.0586461030470673e-05,0.000630206021014601,0.0017605781322345138,89.93749944338337,-0.0029699688255533374,0.0032361832783371937
79.90000119060278,-0.2677055895328522,0.02484983205795288,9.809956550598145,2.718607674978557e-06,0.0005453428020700812,0.001752182375639677,89.94769008562504,-0.002969963616806126,0.0032433085568252156
80.0000011920929,-0.2503146231174469,0.01487900223582983,9.80997371673584,-1.4390023352461867e-05,0.0002963365404866636,0.0011581680737435818,89.95550382203554,-0.002969959778781117,0.003250411629643678
80.10000119358301,-0.04767927899956703,0.0025472817942500114,9.809921264648438,-1.5261333601301885e-06,7.921074575278908e-05,0.0012231814907863736,89.96249110555645,-0.0029699562149261283,0.0032575105903011104
80.20000119507313,0.14256663620471954,0.00010554096661508083,9.809941291809082,-3.64295337931253e-05,4.271080979378894e-05,-0.00019580160733312368,89.96386397357963,-0.0029699526510569285,0.0032646218874416316
80.30000119656324,0.20773576200008392,0.0026483002584427595,9.81003475189209,3.3986177072620194e-07,0.00019256342784501612,-3.377498433110304e-05,89.96337903014856,-0.0029699490871877288,0.0032717518263788207
80.40000119805336,0.1302211731672287,-0.0023567748721688986,9.809988021850586,3.0151086320984177e-05,0.0003916654095519334,0.001428065705113113,89.96911638905136,-0.0029699457974317056,0.0032788938276550298
80.50000119954348,-0.049944404512643814,0.010058109648525715,9.810117721557617,-6.126708285592031e-06,0.00048736168537288904,0.0012732802424579859,89.97677303111095,-0.0029699427818599133,0.0032860311684820716
80.60000120103359,-0.15760591626167297,-0.010043969377875328,9.809998512268066,-3.657164052128792e-05,0.0004316651320550591,-0.0001831222471082583,89.97830299348503,-0.002969939492132312,0.0032931542538175446
80.70000120252371,-0.13517504930496216,0.02753453701734543,9.809958457946777,3.4436168789397925e-05,0.0002747774706222117,0.0013962945668026805,89.98361005047013,-0.0029699383955659187,0.003300265276813997
80.80000120401382,-0.027588190510869026,-0.002491311402991414,9.809903144836426,-3.920910239685327e-05,0.00016308409976772964,-0.00016364105977118015,89.9854405411677,-0.0029699370248437162,0.003307374106657901
80.90000120550394,0.09256032854318619,-0.02496013231575489,9.810029983520508,3.447662493272219e-07,0.00015136407455429435,-2.8123113224864937e-05,89.98501706943915,-0.0029699334609745165,0.003314490886679795
81.00000120699406,0.1201455146074295,0.0025471856351941824,9.81000804901123,-2.5546660253894515e-06,0.0002417930809315294,-4.68858615931822e-06,89.98495559773663,-0.002969929897091106,0.0033216186324644347
81.10000120848417,0.06764683127403259,-0.002466599689796567,9.810096740722656,-8.709681651453138e-07,0.00035457240301184356,-3.2419899298474775e-07,89.98495559773663,-0.002969926333221906,0.003328752409418585
81.20000120997429,-0.03747138753533363,0.04006708040833473,9.809922218322754,3.2266594644170254e-05,0.0004059263155795634,0.0014304068172350526,89.99072027739612,-0.002969926333221906,0.0033358828966439107
81.3000012114644,-0.0900627002120018,4.074714979651617e-06,9.81004810333252,-3.735246355063282e-05,0.00036739587085321546,-0.0001567195577081293,89.99261223979622,-0.002969926333221906,0.003343005159547178
81.40000121295452,-0.07258173078298569,-0.030064621940255165,9.809989929199219,-3.190022107446566e-05,0.000282008113572374,-0.0014555822126567364,89.98645140916486,-0.0029699235917775013,0.0033501208429927974
81.50000121444464,-0.010041123256087303,-0.0024922555312514305,9.809961318969727,3.6289977288106456e-05,0.00021546179777942598,0.0001541648234706372,89.98449797506224,-0.0029699208503473074,0.003357235704006211
81.60000121593475,0.05254143849015236,0.0025242918636649847,9.809990882873535,-2.7212288387090666e-06,0.00021337579528335482,2.6612002329784445e-05,89.98489412603409,-0.0029699181089029025,0.0033643552254687915
81.70000121742487,0.06759501248598099,-0.00997182447463274,9.810029029846191,-4.664052539737895e-07,0.0002676375152077526,4.888146122539183e-06,89.98495559773663,-0.0029699145450337028,0.003371481052244951
81.80000121891499,0.03509238362312317,1.9640865502879024e-05,9.810049057006836,9.779563470146968e-07,0.00033145054476335645,1.4432516763918102e-06,89.98495559773663,-0.002969910981164503,0.0033786096204617964
81.9000012204051,-0.022483065724372864,0.04006429389119148,9.809931755065918,3.279700467828661e-05,0.00035730787203647196,0.0014306835364550352,89.99075442834197,-0.002969910981164503,0.0033857365438142305
82.00000122189522,-0.05003134906291962,4.0320678635907825e-06,9.810039520263672,-3.487207504804246e-05,0.0003330922045279294,-0.00015703466488048434,89.99264639074207,-0.002969910981164503,0.0033928588067174974
82.10000122338533,-0.042546968907117844,0.007599599659442902,9.809981346130371,4.86187418573536e-05,0.000283177214441821,0.0019948279950767756,90.00043280639588,-0.002969911803603509,0.003399977231603803
82.20000122487545,-0.02172870934009552,-0.6979547142982483,9.80978012084961,-0.0016098525375127792,0.0002756163594312966,-0.06831253319978714,89.72775116416146,-0.0029698498470338563,0.003407093737481629
82.30000122636557,0.034848716109991074,-0.4819718599319458,9.8098783493042,0.0005610387306660414,0.00024273669987451285,-0.04521498084068298,89.4238282366634,-0.0029697451239911743,0.0034142124365120034
82.40000122785568,0.05395951122045517,-0.10582085698843002,9.810032844543457,0.0004926989204250276,0.0002696104347705841,-0.026122605428099632,89.23804026104989,-0.0029696305317798988,0.0034213360701356135
82.5000012293458,0.036094795912504196,-0.06804871559143066,9.809953689575195,0.0002983444428537041,0.00031614385079592466,-0.016796397045254707,89.12377802642474,-0.0029695101825382153,0.0034284629934880476
82.60000123083591,-0.01642942614853382,-0.0635988637804985,9.810014724731445,0.0002097052347380668,0.0003418035921640694,-0.011742650531232357,89.04648077558771,-0.002969384350407722,0.003435587997832001
82.70000123232603,-0.03904056176543236,-0.05631742998957634,9.810026168823242,0.000156272086314857,0.00032893719617277384,-0.008668581023812294,88.99060299798784,-0.0029692533095300178,0.0034427097124471308
82.80000123381615,-0.3195314407348633,-2.2893149852752686,9.807244300842285,-0.010722991079092026,0.001313940272666514,-0.2981858551502228,88.02126938116879,-0.002968918853767377,0.0034497955141892683
82.90000123530626,-0.7026640772819519,-4.203083038330078,9.802713394165039,-0.001150624011643231,0.0011390194995328784,-0.36147335171699524,86.02819969079157,-0.0029682137552242693,0.003456792493253167
83.00000123679638,-0.300506591796875,-2.1553151607513428,9.80665111541748,0.0022759446874260902,0.0003370233753230423,-0.27975982427597046,84.25567680871404,-0.0029673197714146227,0.0034637436902576024
83.1000012382865,0.19282770156860352,-1.2043424844741821,9.80850887298584,0.0023069875314831734,-5.8884914324153215e-05,-0.20285485684871674,82.94063999724398,-0.0029663177748489034,0.0034706984511349306
83.20000123977661,0.35073554515838623,-2.906235456466675,9.80448055267334,-0.004658462945371866,0.0005058021633885801,-0.3754730224609375,81.15759179365547,-0.002965053970712006,0.0034776447135461304
83.30000124126673,0.4162691831588745,-5.039296627044678,9.796794891357422,-0.0031175611075013876,0.0014380825450643897,-0.5235118865966797,78.40805133194264,-0.002963341940997566,0.003484537243719877
83.40000124275684,0.33815106749534607,-5.1175713539123535,9.794958114624023,-0.00043424757313914597,0.002153955399990082,-0.5775989294052124,75.14987351292814,-0.002961180040870204,0.0034913414995035217
83.50000124424696,0.2641245126724243,-3.2052290439605713,9.802589416503906,0.005043394397944212,0.0015274164034053683,-0.41867226362228394,72.40805116497744,-0.0029587387879530525,0.0034980824280073106
83.60000124573708,-0.293832927942276,-3.795464277267456,9.799452781677246,-0.0014805927639827132,0.002455558395013213,-0.5168652534484863,69.615419039791,-0.0029559891229524737,0.003504680527451338
83.70000124722719,-0.8300062417984009,-5.5358662605285645,9.791756629943848,-0.0008981766877695918,0.0027791366446763277,-0.6152088046073914,66.22186004123768,-0.0029528172760677762,0.003511011062284372
83.80000124871731,-0.6711364984512329,-5.907227516174316,9.788424491882324,8.674204582348466e-05,0.0025757865514606237,-0.6800957322120667,62.385226671225624,-0.0029492059762503686,0.003517043876658864
83.90000125020742,-0.09777581691741943,-6.050482749938965,9.786383628845215,0.0005573741509579122,0.002422115532681346,-0.7246319055557251,58.26065984656251,-0.0029451395972870387,0.00352278555003246
84.00000125169754,0.415321946144104,-6.207408905029297,9.784666061401367,0.0009334475034847856,0.002784840762615204,-0.7569528222084045,53.929442233466084,-0.002940603609545178,0.003528230873667856
84.10000125318766,0.4173322916030884,-6.306495666503906,9.783687591552734,0.0014266085345298052,0.0035239518620073795,-0.7768032550811768,49.45614985544422,-0.0029356155582149768,0.003533339000098825
84.20000125467777,0.3585335612297058,-4.489931583404541,9.79477596282959,0.00687412079423666,0.002428745850920677,-0.5889574885368347,45.659742884548955,-0.0029303185465181514,0.0035381902535374784
84.30000125616789,-0.4651198387145996,-5.149788856506348,9.790103912353516,-0.0011424331460148096,0.003908159211277962,-0.6989023685455322,41.84926913905805,-0.0029247462942123548,0.003542671412483468
84.400001257658,-1.1916897296905518,-7.101001262664795,9.779122352600098,-3.993278369307518e-05,0.004301488399505615,-0.796176552772522,37.401156253411436,-0.0029188735799721144,0.003546584544919235
84.50000125914812,-0.8763508796691895,-7.156559467315674,9.777077674865723,0.0012640032218769193,0.0037645744159817696,-0.8409055471420288,32.595974738334895,-0.0029127231577916746,0.0035499167660735537
84.60000126063824,0.41028499603271484,-5.079214572906494,9.790617942810059,0.007110179401934147,0.0012839853297919035,-0.6518738269805908,28.435709929974717,-0.002906324361092061,0.0035528684752606007
84.70000126212835,0.816117525100708,-5.415919780731201,9.78758716583252,-0.0005672990810126066,0.0029267549980431795,-0.7472125291824341,24.314921907469916,-0.0028996601929378585,0.003555410064920962
84.80000126361847,0.1638031005859375,-6.936169624328613,9.779708862304688,0.0008973446674644947,0.004259546287357807,-0.8065187335014343,19.736405342642126,-0.0028927728715189005,0.003557374033028699
84.90000126510859,-0.8597297668457031,-8.041765213012695,9.769131660461426,-0.0024409149773418903,0.006388855632394552,-0.9669676423072815,14.477998087452926,-0.0028857805529014513,0.00355862358169356
85.0000012665987,-0.5782694816589355,-6.2891035079956055,9.7833890914917,0.009403979405760765,0.002917556557804346,-0.7285345196723938,9.705066164316246,-0.0028787446453861776,0.0035593114091617777
85.10000126808882,0.40593576431274414,-2.4640841484069824,9.802550315856934,0.009261802770197392,0.0008628163486719131,-0.4605448246002197,6.503578061639204,-0.002871647603754468,0.0035597859525445938
85.20000126957893,0.46796977519989014,-1.4120275974273682,9.806742668151855,0.0060444725677371025,0.0005904813297092915,-0.3037751615047455,4.459839039791056,-0.002864499297189127,0.0035601393242490707
85.30000127106905,0.11668181419372559,-1.251373291015625,9.808035850524902,0.00425165519118309,0.0007792254909873009,-0.21482321619987488,3.051590423274416,-0.0028573342678157587,0.003560381941749817
85.40000127255917,-0.26876282691955566,-1.1086840629577637,9.808599472045898,0.0029511747416108847,0.0008009476587176323,-0.16694693267345428,1.9939014793520913,-0.002850189799247005,0.003560525867385853
85.50000127404928,-0.4010462164878845,-0.7127736806869507,9.809298515319824,0.0027540249284356833,0.0004794849082827568,-0.11128561198711395,1.2469399321667436,-0.0028430801469738753,0.0035606056433098274
85.6000012755394,-0.23838821053504944,-0.4130980372428894,9.809612274169922,0.0019998971838504076,0.00010415073484182358,-0.07375211268663406,0.7512135533870923,-0.0028359913296611694,0.003560648409784535
85.70000127702951,0.06274877488613129,-0.28731656074523926,9.809778213500977,0.0014035736676305532,-9.180023334920406e-05,-0.0500771664083004,0.4182465804648779,-0.0028288967553180555,0.003560665955004928
85.80000127851963,0.27953100204467773,-0.1964910924434662,9.809905052185059,0.0009942275937646627,5.493639037013054e-07,-0.03450998663902283,0.18974563001050287,-0.0028217769597063125,0.0035606662291489967
85.90000128000975,0.2627466917037964,-0.13230443000793457,9.810030937194824,0.0007043525110930204,0.0002783750824164599,-0.02407139539718628,0.03426402083239251,-0.0028146335877323736,0.003560654715098114
86.00000128149986,0.0603567473590374,-0.11644239723682404,9.810128211975098,0.000496491848025471,0.0005133014055900276,-0.016962340101599693,359.9184575592227,-0.0028074847328554142,0.0035606327835726224
86.10000128298998,-0.16013386845588684,0.03902058303356171,9.810002326965332,0.0005821890663355589,0.0005466688890010118,-0.001828505890443921,359.8829678962953,-0.002800350407625274,0.0035606146900640924
86.2000012844801,-0.22776266932487488,0.016597509384155273,9.809996604919434,0.000172950210981071,0.0003918263828381896,-0.001388775766827166,359.87335098994396,-0.0027932360949165513,0.0035605982414199737
86.30000128597021,-0.12524744868278503,0.0170276015996933,9.809919357299805,0.00015284950495697558,0.00018554522830527276,0.00045982151641510427,359.8717937068132,-0.0027861335703818213,0.0035605831634961988
86.40000128746033,0.05001002550125122,-0.020086117088794708,9.809921264648438,1.4675075362902135e-05,8.261558832600713e-05,-0.0019441100303083658,359.86583778185695,-0.0027790263854114983,0.003560566166563943
86.50000128895044,0.16771385073661804,-0.02723310887813568,9.80999755859375,4.812859697267413e-05,0.00014275501598604023,-0.0017876712372526526,359.8546362716181,-0.0027719041225111596,0.0035605469764791384
86.60000129044056,0.14516811072826385,0.015330299735069275,9.810066223144531,7.539184298366308e-05,0.0003014025860466063,0.0002660991158336401,359.8532975545408,-0.002764768700714626,0.0035605291571146765
86.70000129193068,0.02253105863928795,0.040197111666202545,9.81004810333252,0.00010560793452896178,0.00042884628055617213,0.004094323143362999,359.8702910651958,-0.0027576313598842717,0.0035605146274790386
86.80000129342079,-0.09760841727256775,0.04244130104780197,9.809989929199219,-2.156168920919299e-05,0.0004386663204059005,0.0027603772468864918,359.8898800477354,-0.00275050279169875,0.0035605042100044304
86.90000129491091,-0.125078022480011,-0.02523038536310196,9.809998512268066,-6.974602001719177e-05,0.00034353957744315267,-0.00042591645615175366,359.8898800477354,-0.0027433854633756027,0.003560491051089136
87.00000129640102,-0.07260960340499878,-5.7600438594818115e-05,9.80996036529541,4.021295171696693e-05,0.00022533786250278354,0.0013557716738432646,359.8953441990714,-0.002736274714550291,0.0035604784404619783
87.10000129789114,0.037452906370162964,0.025141052901744843,9.809990882873535,-4.106172127649188e-06,0.00017107813619077206,0.0012594950385391712,359.9031032939685,-0.0027291604018131466,0.00356046802298737
87.20000129938126,0.09759073704481125,0.002729080617427826,9.809980392456055,-2.391519956290722e-06,0.0002110591740347445,0.0012438243720680475,359.9115454077827,-0.002722037316488013,0.003560457331368693
87.30000130087137,0.26292288303375244,0.025486916303634644,9.809900283813477,3.268750151619315e-05,-0.0006679390207864344,0.0027027353644371033,359.9259980880664,-0.00271489092891386,0.0035604493811907025
87.40000130236149,1.7422975301742554,-0.005280852317810059,9.809037208557129,-7.72716011852026e-05,-0.0021444065496325493,-0.00042111315997317433,359.9259980880664,-0.002707588005065986,0.003560440608580506
87.5000013038516,3.5323336124420166,0.011718511581420898,9.80797290802002,4.7060661017894745e-05,-0.0023380848579108715,0.0015105529455468059,359.9314895601591,-0.0026999681707025047,0.0035604326584025153
87.60000130534172,4.542168617248535,-0.012305736541748047,9.806808471679688,-4.647171590477228e-05,-0.0018668584525585175,-0.00022867230291012675,359.9344128811239,-0.00269194123238492,0.003560423063360113
87.70000130683184,5.056380271911621,0.0008311271667480469,9.80560302734375,1.1281808838248253e-06,-0.0012802198762074113,-4.99587258673273e-05,359.93744548511535,-0.002683460585615194,0.003560412920029573
87.80000130832195,5.282554626464844,0.025531291961669922,9.804791450500488,5.4153555538505316e-05,-0.0008621872402727604,0.0017995445523411036,359.9440571082319,-0.0026745062179287515,0.0035604044215634453
87.90000130981207,5.52346134185791,0.01458120346069336,9.803954124450684,3.648787969723344e-05,-0.0005754704470746219,0.0024855926167219877,359.9557777128477,-0.002665057020166728,0.003560397019673592
88.00000131130219,5.4262895584106445,0.015963077545166016,9.803959846496582,-7.365910278167576e-06,-2.4462588044116274e-05,0.0016502776416018605,359.9657497890359,-0.00265512121670497,0.0035603907143600135
88.1000013127923,5.093690872192383,-0.00699615478515625,9.804344177246094,-5.26972726220265e-05,0.00024167707306332886,-0.00025042166817002,359.9657497890359,-0.002644728963360876,0.0035603838607582974
88.20000131428242,4.840897560119629,0.03233003616333008,9.804707527160645,6.256319466046989e-05,0.0003041596501134336,0.002008157316595316,359.9720335630723,-0.0026339027399444603,0.0035603792003091306
88.30000131577253,4.69561767578125,0.014429092407226562,9.804920196533203,-6.037161801941693e-05,0.00027843035059049726,-0.00016242964193224907,359.9802297900763,-0.0026226554312671624,0.003560375636436238
88.40000131726265,4.605378150939941,0.0013589859008789062,9.805131912231445,6.677352939732373e-05,0.00023108722234610468,0.0020874259062111378,359.9802297900763,-0.0026109955357469516,0.003560372620851483
88.50000131875277,4.527676105499268,-0.004015922546386719,9.805278778076172,-5.8717268984764814e-05,0.00018860814452636987,-0.00011369847925379872,359.9802297900763,-0.0025989296328816636,0.0035603687828345224
88.60000132024288,4.477510452270508,-0.005956172943115234,9.80541706085205,-8.467266889056191e-05,0.0001570575695950538,-0.002229380188509822,0.0,-0.0025864626572200677,0.003560364122385355
88.700001321733,4.422369480133057,-0.005593299865722656,9.805556297302246,3.9023361750878394e-05,0.0001352624676655978,2.5570447178324685e-05,359.9720335630723,-0.0025735992692546006,0.0035603589136480513
88.80000132322311,4.3722453117370605,-0.0031232833862304688,9.805631637573242,-8.37616971693933e-06,0.00012044476170558482,-4.094770247320412e-06,359.9720335630723,-0.0025603438552366242,0.00356035315662261
88.90000132471323,4.32963752746582,-0.015638351440429688,9.80577278137207,2.233216946478933e-06,0.0001111748642870225,-1.1483067282824777e-05,359.9720335630723,-0.0025467005273895893,0.003560346303020894
89.00000132620335,4.2820234298706055,0.0043506622314453125,9.805827140808105,3.1693634809926152e-06,0.00010484740778338164,-1.3527894225262571e-05,359.9720335630723,-0.0025326733978516813,0.003560339175275109
89.10000132769346,4.2394232749938965,0.0018434524536132812,9.805950164794922,1.56550231622532e-06,0.00010116497287526727,-1.4181075130181853e-05,359.9720335630723,-0.0025182663046194875,0.003560332321673393
89.20000132918358,4.1918253898620605,0.0018301010131835938,9.806009292602539,1.9943254301324487e-06,9.846426110016182e-05,-1.4493716662400402e-05,359.9720335630723,-0.002503483359888037,0.0035603251939276084
89.3000013306737,4.14423131942749,-0.0006818771362304688,9.806085586547852,1.3286335160955787e-06,9.594611765351146e-05,-1.4737336641701404e-05,359.9720335630723,-0.002488328949922902,0.0035603180661818237
89.40000133216381,4.10913610458374,0.0043087005615234375,9.806205749511719,2.897919330280274e-06,9.494584082858637e-05,-1.491899456596002e-05,359.9720335630723,-0.0024728063644943177,0.0035603112125801076
89.50000133365393,4.0665459632873535,0.0018019676208496094,9.806214332580566,1.1932279448956251e-06,9.345272701466456e-05,-1.5076297131599858e-05,359.9720335630723,-0.0024569191674288504,0.0035603040848343234
89.60000133514404,4.016454696655273,0.0017871856689453125,9.806376457214355,-6.189147825352848e-07,9.222693915944546e-05,-1.5230325516313314e-05,359.9802297900763,-0.0024406720192331477,0.0035602972312326073
89.70000133663416,3.9788684844970703,-0.0007216930389404297,9.806407928466797,7.433627615682781e-07,9.056633280124515e-05,-1.5411302229040302e-05,359.9802297900763,-0.0024240682095779675,0.0035602901034868227
89.80000133812428,3.9362754821777344,0.004011631011962891,9.806462287902832,4.729946522274986e-05,8.968515612650663e-05,0.0011927620507776737,359.9802297900763,-0.002407111850658339,0.003560282975741038
89.90000133961439,3.8936915397644043,-0.0037229061126708984,9.806554794311523,-2.125273022102192e-05,8.867475116858259e-05,8.939646795624867e-05,359.9802297900763,-0.002389805958046054,0.003560275573851185
90.00000134110451,3.856095552444458,0.033501625061035156,9.806621551513672,4.953495226800442e-05,8.769195119384676e-05,0.0012468871427699924,359.9802297900763,-0.0023721549180635293,0.0035602711875460866
90.10000134259462,3.8135173320770264,0.008258342742919922,9.806692123413086,-2.348637644900009e-05,8.701592741999775e-05,0.0001241966092493385,359.9802297900763,-0.002354161746282557,0.0035602673495291255
90.20000134408474,3.7759335041046143,0.003225564956665039,9.806756973266602,-2.905449946410954e-06,8.529511251254007e-05,4.096608972758986e-05,359.9802297900763,-0.0023358302806997244,0.003560263785656233
90.30000134557486,3.725855588912964,0.0006988048553466797,9.806899070739746,-9.571485861670226e-06,8.356744365300983e-05,7.5431657933222596e-06,359.9802297900763,-0.0023171649076658696,0.003560260221783341
90.40000134706497,3.7057671546936035,0.005684852600097656,9.806821823120117,-8.682160114403814e-06,8.723334758542478e-05,-6.14082546235295e-06,359.9802297900763,-0.0022981672720163715,0.003560257206198586
90.50000134855509,3.6556873321533203,-0.0018258094787597656,9.806982040405273,-7.120004738681018e-06,8.298848115373403e-05,-1.1939305295527447e-05,359.9802297900763,-0.0022788421712647278,0.0035602536423256933
90.6000013500452,3.62060546875,-0.0018367767333984375,9.8069429397583,-5.977475666441023e-06,8.13160149846226e-05,-1.449285900889663e-05,359.9802297900763,-0.002259192346883765,0.003560250078452801
90.70000135153532,3.583028554916382,-0.006613016128540039,9.807110786437988,-5.444091584649868e-05,8.071059710346162e-05,-0.0012717678910121322,0.0,-0.0022392214997779547,0.0035602459662917715
90.80000135302544,3.532958984375,-0.028673410415649414,9.807130813598633,-3.6450783227337524e-05,8.046365837799385e-05,-0.0014573615044355392,359.9802297900763,-0.0022189340162981352,0.003560238838545987
90.90000135451555,3.515368700027466,0.0040895938873291016,9.807182312011719,1.0976225894410163e-05,7.867631211411208e-05,-0.00028563570231199265,359.9802297900763,-0.0021983312671238764,0.0035602322590883393
91.00000135600567,3.465298652648926,-0.010869741439819336,9.807259559631348,-7.183480192907155e-07,7.777042628731579e-05,-0.0001378856977680698,359.9802297900763,-0.002177417912704982,0.0035602240347662804
91.10000135749578,3.4427316188812256,-0.028342247009277344,9.807265281677246,1.024386438075453e-05,7.717664266237989e-05,-7.225869921967387e-05,359.9802297900763,-0.0021561962833089865,0.003560213617291672
91.2000013589859,3.1246893405914307,0.0015287399291992188,9.80789852142334,1.2977398000657558e-05,0.0011366027174517512,-3.942855983041227e-05,359.9720335630723,-0.0021346944786557742,0.003560202925672995
91.30000136047602,1.5376592874526978,0.003176093101501465,9.809749603271484,6.498349830508232e-05,0.002867890289053321,0.001258236588910222,359.9802297900763,-0.00211305491659175,0.0035601927823424554
91.40000136196613,-0.7905982732772827,-0.0002747178077697754,9.81064224243164,-3.6025885492563248e-06,0.003473324468359351,0.00020358893380034715,359.9802297900763,-0.002091486494947503,0.003560182364867847
91.50000136345625,-2.23852801322937,0.026741504669189453,9.80962085723877,1.1381460353732109e-05,0.002353306859731674,9.993727871915326e-05,359.9802297900763,-0.0020701191579632905,0.003560174688833925
91.60000136494637,-2.11230731010437,0.009305953979492188,9.80889892578125,2.788990968838334e-06,0.00034639917430467904,4.8779183998703957e-05,359.9802297900763,-0.0020489415286704116,0.0035601675610881403
91.70000136643648,-0.7415987253189087,-0.00021725893020629883,9.809146881103516,-3.942172043025494e-06,-0.0015129161765798926,1.9957431504735723e-05,359.9720335630723,-0.0020278299680995815,0.0035601607074864246
91.8000013679266,0.9602826237678528,-0.0021402835845947266,9.80953311920166,-5.918089300394058e-06,-0.0020439978688955307,4.28406792707392e-06,359.9802297900763,-0.0020066324633774,0.00356015357974064
91.90000136941671,1.7818892002105713,0.003046870231628418,9.809744834899902,4.648242611438036e-05,-0.0011513971257954836,0.001271098735742271,359.9802297900763,-0.0019852751326538964,0.0035601464519948553
92.00000137090683,1.3547240495681763,-0.0046727657318115234,9.810163497924805,-1.946536940522492e-05,0.0003602285869419575,0.00018843232828658074,0.0,-0.001963796081938085,0.0035601393242490707
92.10000137239695,0.1412208527326584,0.0250842422246933,9.810490608215332,3.403984010219574e-07,0.0014406174886971712,8.277087908936664e-05,0.0,-0.0019423046947935063,0.0035601338413676978
92.20000137388706,-0.9677435755729675,0.01737302541732788,9.810123443603516,-5.21272886544466e-06,0.0013997545465826988,4.0005790651775897e-05,359.9802297900763,-0.0019208999371045365,0.0035601305516388742
92.30000137537718,-1.2536863088607788,0.0023131370544433594,9.809662818908691,-8.426140993833542e-06,0.0005228880327194929,2.0427260096766986e-05,359.9802297900763,-0.0018996079897704021,0.0035601269877659817
92.4000013768673,-0.7261228561401367,-0.0025948286056518555,9.809565544128418,-7.413327693939209e-06,-0.0005367621197365224,9.059763215191197e-06,359.9802297900763,-0.0018783808774713862,0.0035601234238930896
92.50000137835741,0.1759982705116272,0.005063280463218689,9.809712409973145,-7.641385309398174e-06,-0.001084373565390706,2.049237536994042e-06,359.9802297900763,-0.001857138138944947,0.0035601201341642656
92.60000137984753,0.8119829297065735,-0.004832088947296143,9.809861183166504,-4.102650564163923e-06,-0.0008439668454229832,-1.787991436685843e-06,359.9802297900763,-0.0018358224781280796,0.003560116844435442
92.70000138133764,0.8236818313598633,0.0026699304580688477,9.810126304626465,-3.009496140293777e-06,-0.00011122332216473296,-2.571017830632627e-06,359.9802297900763,-0.0018144329354754518,0.00356011328056255
92.80000138282776,0.3009079396724701,-0.002429962158203125,9.810216903686523,-3.352295607328415e-06,0.0005630288505926728,-1.180591880256543e-06,359.9802297900763,-0.0017930163896267004,0.0035601097166896574
92.90000138431787,-0.3060340881347656,0.002460181713104248,9.810182571411133,2.479064278304577e-07,0.0007512806332670152,7.240939225994225e-07,359.9802297900763,-0.0017716273952572692,0.0035601061528167653
93.00000138580799,-0.6153757572174072,-0.002601027488708496,9.809907913208008,-1.283071469515562e-06,0.0004294089158065617,1.7054737782018492e-06,359.9802297900763,-0.0017502936409101721,0.0035601025889438727
93.10000138729811,-0.4642620086669922,-7.355213165283203e-05,9.809859275817871,3.5179255064576864e-07,-0.00010178330558119342,1.2291220627957955e-06,359.9802297900763,-0.0017290015564697114,0.003560099299215049
93.20000138878822,-0.06019357591867447,0.0025566034018993378,9.809784889221191,5.1770388381555676e-05,-0.0004685330204665661,0.0012770568719133735,359.9802297900763,-0.0017077148178401558,0.0035600957353421566
93.30000139027834,0.3127901554107666,-0.002439826726913452,9.809961318969727,-1.5171273844316602e-05,-0.0004692068905569613,0.00018579536117613316,0.0,-0.0016864001165259879,0.0035600921714692645
93.40000139176846,0.41185516119003296,0.020059287548065186,9.810013771057129,1.6729027265682817e-06,-0.00017326686065644026,7.840702892281115e-05,359.9802297900763,-0.0016650484057407766,0.0035600905266048527
93.50000139325857,0.2418319284915924,0.020052969455718994,9.810132026672363,-3.44491854775697e-06,0.00017725407087709755,3.262841346440837e-05,0.0,-0.0016436750375845577,0.0035600905266048527
93.60000139474869,-0.06844782829284668,-0.02751763164997101,9.810091018676758,-5.966520984657109e-05,0.000349456153344363,-0.0012623214861378074,359.9802297900763,-0.0016223077005861342,0.003560088059308235
93.7000013962388,-0.25876444578170776,-0.007541835308074951,9.809981346130371,9.138369932770729e-06,0.0002666552900336683,-0.00018013051885645837,359.9802297900763,-0.0016009638029146345,0.0035600847695794113
93.80000139772892,-0.2539063096046448,-0.002554774284362793,9.809967041015625,-8.506511221639812e-06,3.060939343413338e-05,-7.65345394029282e-05,359.9802297900763,-0.0015796426591947466,0.0035600812057065188
93.90000139921904,-0.0950622409582138,-0.002531692385673523,9.809931755065918,-1.2606906238943338e-06,-0.0001802275946829468,-3.247634958825074e-05,359.9802297900763,-0.0015583300139496714,0.003560077915977695
94.00000140070915,0.10640435665845871,6.9141387939453125e-06,9.809910774230957,4.270201316103339e-06,-0.00023699786106590182,-1.4280039067671169e-05,359.9802297900763,-0.0015370077736633903,0.003560074352104803
94.10000140219927,0.18908867239952087,0.002526417374610901,9.810032844543457,3.802284481935203e-06,-0.00013250808115117252,-6.554348146892153e-06,359.9802297900763,-0.0015156685364416944,0.0035600707882319105
94.20000140368938,0.14412935078144073,-0.002476796507835388,9.810043334960938,5.000372766517103e-06,3.637516783783212e-05,-3.1044633033161517e-06,359.9802297900763,-0.0014943165515148848,0.0035600672243590184
94.3000014051795,0.0152785899117589,-0.010046947747468948,9.810049057006836,-4.838055610889569e-05,0.00014941301196813583,-0.0012785694561898708,359.9802297900763,-0.0014729631958800837,0.0035600625639098512
94.40000140666962,-0.09986956417560577,-0.027561597526073456,9.809991836547852,1.7093145288527012e-05,0.00014716798614244908,-0.0001854480942711234,359.9802297900763,-0.0014516187499111766,0.0035600557103081356
94.50000140815973,-0.12747341394424438,-0.002573736011981964,9.810019493103027,-1.6098783817142248e-06,5.185848567634821e-05,-7.858486060285941e-05,359.9720335630723,-0.0014302856809393916,0.003560048582562351
94.60000140964985,-0.07121458649635315,0.0024472400546073914,9.80997085571289,4.951383743900806e-06,-5.904313002247363e-05,-3.310851752758026e-05,359.9802297900763,-0.0014089591914085986,0.003560041728960635
94.70000141113997,0.01887551322579384,0.007536234334111214,9.809951782226562,6.0723661590600386e-05,-0.00011089100735262036,0.00126326410099864,359.9802297900763,-0.0013876309199361003,0.003560035423647056
94.80000141263008,0.08397568762302399,3.771483898162842e-05,9.809979438781738,-7.969880243763328e-06,-8.233721018768847e-05,0.0001792171533452347,359.9802297900763,-0.0013662951095199105,0.0035600291183334773
94.9000014141202,0.08026260137557983,0.027546480298042297,9.810028076171875,9.957586371456273e-06,-7.584537343063857e-06,7.603605627082288e-05,0.0,-0.001344952308414804,0.003560025280316516
95.00000141561031,0.027735766023397446,0.0025416426360607147,9.810019493103027,-1.5007753972895443e-07,5.8325196732766926e-05,3.188930350006558e-05,359.9802297900763,-0.0013236069029431974,0.003560021716443624
95.10000141710043,-0.03358276188373566,2.520158886909485e-05,9.810049057006836,-4.975263436790556e-06,7.469961565220729e-05,1.323141077591572e-05,359.9802297900763,-0.0013022643759939,0.0035600181525707315
95.20000141859055,-0.062389813363552094,0.005014769732952118,9.80997085571289,-4.018849722342566e-06,4.0121027268469334e-05,5.404465355240973e-06,0.0,-0.0012809276060750108,0.003560014862841908
95.30000142008066,-0.04238845035433769,-0.0024815984070301056,9.810019493103027,-5.087291356176138e-06,-1.2660540960496292e-05,2.0934248823323287e-06,0.0,-0.001259594537089015,0.0035600115731130844
95.40000142157078,-0.002366230823099613,-0.002479553921148181,9.809883117675781,-2.795524778775871e-06,-4.778942820848897e-05,6.003630232953583e-07,0.0,-0.0012382618793083111,0.003560008009240192
95.5000014230609,0.03143126517534256,2.1357089281082153e-05,9.810078620910645,-4.31280568591319e-06,-4.598690429702401e-05,-8.547841900963249e-08,0.0,-0.0012169263430337196,0.0035600044453672998
95.60000142455101,0.04021427035331726,-0.010026972740888596,9.809969902038574,-5.4117517720442265e-05,-1.5161480405367911e-05,-0.0012777629308402538,0.0,-0.0011955871058120238,0.003559999784918133
95.70000142604113,0.02270638570189476,0.0025368034839630127,9.81005859375,6.61120138829574e-05,1.9349827198311687e-05,0.0010918641928583384,359.9802297900763,-0.0011742460866628335,0.0035599956727571033
95.80000142753124,-0.190121129155159,0.004973620176315308,9.810076713562012,-2.0265404600650072e-05,0.0006814630469307303,0.00011098568211309612,359.9802297900763,-0.0011529219273569424,0.0035599918347401422
95.90000142902136,-1.1400628089904785,0.007298707962036133,9.81017017364502,8.484930731356144e-06,0.00165627954993397,5.417301144916564e-05,359.9802297900763,-0.0011317000923156684,0.0035599885450113187
96.00000143051147,-2.4719414710998535,-0.0054340362548828125,9.809470176696777,3.3134128898382187e-06,0.0020208191126585007,3.3115818951046094e-05,359.9802297900763,-0.001110700176909063,0.0035599852552824947
96.10000143200159,-3.339911460876465,0.0019240379333496094,9.808270454406738,7.3225237429142e-08,0.0014233231777325273,2.4740809749346226e-05,359.9802297900763,-0.0010899996953668278,0.0035599816914096026
96.2000014334917,-3.329470157623291,-0.003068208694458008,9.807698249816895,-4.867324605584145e-07,0.00028708434547297657,1.916181281558238e-05,359.9802297900763,-0.001069597756696794,0.0035599781275367105
96.30000143498182,-2.5829124450683594,0.002063274383544922,9.808185577392578,-1.735868863761425e-06,-0.0007615385693497956,1.3577400750364177e-05,0.0,-0.0010494275383194918,0.003559974563663818
96.40000143647194,-1.6506595611572266,-0.0027701854705810547,9.809015274047852,-8.185161277651787e-07,-0.0011318257311359048,8.796001566224732e-06,359.9802297900763,-0.0010294050835994994,0.003559970999790926
96.50000143796206,-1.1372398138046265,-0.002820134162902832,9.809615135192871,-5.119183333590627e-05,-0.0006981070036999881,-0.001241471036337316,0.0,-0.0010094844048467166,0.0035599671617739647
96.60000143945217,-1.3044791221618652,-0.00041663646697998047,9.809816360473633,1.6581958334427327e-05,0.00010061287321150303,-0.00015327897563111037,359.9802297900763,-0.0009896807856080159,0.0035599633237570036
96.70000144094229,-1.906154990196228,-0.025623679161071777,9.809514999389648,-3.4148688428103924e-06,0.0006627075490541756,-5.998921551508829e-05,359.9802297900763,-0.0009700479581482568,0.0035599572925874936
96.8000014424324,-2.450599193572998,-0.010803699493408203,9.809050559997559,3.281689714640379e-06,0.0006700640078634024,-1.9959195924457163e-05,359.9802297900763,-0.0009506349256866997,0.0035599504389857775
96.90000144392252,-2.588545799255371,-0.0008442401885986328,9.808619499206543,8.156828698702157e-06,0.00023004646936897188,-2.877390897992882e-06,359.9802297900763,-0.000931453956170003,0.003559943311239993
97.00000144541264,-2.306609630584717,0.024477243423461914,9.808693885803223,5.424005212262273e-05,-0.0002976905379910022,0.0012268370483070612,359.9802297900763,-0.0009124797598190071,0.0035599389249348946
97.10000144690275,-2.043344259262085,0.014847278594970703,9.80904483795166,3.3333650208078325e-05,0.00013809064694214612,0.0013631280744448304,0.0,-0.0008936887602430943,0.0035599353610620025
97.20000144839287,-2.6846461296081543,-0.0028197765350341797,9.808822631835938,-5.74581790715456e-05,0.0011764458613470197,-0.0009892854141071439,0.0,-0.0008751384591505484,0.00355993179718911
97.30000144988298,-3.916161060333252,-0.0006062984466552734,9.807634353637695,1.8303748220205307e-05,0.0017443787073716521,-3.788913454627618e-05,0.0,-0.0008569393366428812,0.003559928233316218
97.4000014513731,-4.803317070007324,0.0017342567443847656,9.805931091308594,-1.049041748046875e-05,0.0013009750982746482,-2.4127066353685223e-06,0.0,-0.0008391709629762545,0.0035599246694433253
97.50000145286322,-4.8215484619140625,0.009624481201171875,9.805244445800781,3.7414225516840816e-05,0.00022650163737125695,0.0011768308468163013,0.0,-0.0008218348459791969,0.003559922202146708
97.60000145435333,-4.069302558898926,0.038153648376464844,9.806001663208008,7.427122909575701e-05,-0.0008320177439600229,0.0027261662762612104,0.0,-0.0008048635461790354,0.003559923298722982
97.70000145584345,-3.0869650840759277,0.03130912780761719,9.807384490966797,2.9958318918943405e-05,-0.0012090480886399746,0.002265973947942257,0.01978234059262607,-0.000788168857766891,0.0035599268625958747
97.80000145733356,-2.547232151031494,0.03922700881958008,9.80829906463623,3.502838080748916e-05,-0.0007271353388205171,0.002256067469716072,0.027976454840372228,-0.000771702394288809,0.0035599339903416593
97.90000145882368,-2.743842124938965,0.034903764724731445,9.808464050292969,8.332746801897883e-06,0.00011062942212447524,0.0018678513588383794,0.04423465961263638,-0.0007554818380413053,0.0035599438595281304
98.0000014603138,-3.3499090671539307,0.010596036911010742,9.807966232299805,-5.469564348459244e-05,0.0006199240451678634,0.00020035463967360556,0.048456643664523236,-0.0007395616066077082,0.0035599542770027386
98.10000146180391,-3.801725387573242,0.026012897491455078,9.807146072387695,-3.161630593240261e-05,0.000494298292323947,8.83382381289266e-05,0.048456643664523236,-0.0007239822048035194,0.003559966887629896
98.20000146329403,-3.7650556564331055,0.021420717239379883,9.806987762451172,2.4898481569834985e-05,-4.925601388094947e-05,0.0016437660669907928,0.05934702678045817,-0.000708740411411668,0.0035599808689773965
98.30000146478415,-3.3034474849700928,0.026389360427856445,9.807344436645508,-1.8126622308045626e-05,-0.0005682072369381785,0.0012050040531903505,0.06255725571100383,-0.0006937946936176331,0.0035599970434774465
98.40000146627426,-2.9612367153167725,0.013516426086425781,9.807897567749023,-5.4771389841334894e-05,-4.805638673133217e-05,-0.0002553545928094536,0.06561060373405075,-0.000679114347263976,0.003560014314553771
98.50000146776438,-3.3708040714263916,0.00950312614440918,9.807819366455078,6.106507498770952e-05,0.0003018085262738168,0.002157961716875434,0.07132625143984156,-0.0006647362447580463,0.0035600318597741637
98.6000014692545,-3.573457717895508,0.04556775093078613,9.807372093200684,1.3133161701261997e-05,9.432504157302901e-05,0.0022299059201031923,0.08622923062092014,-0.0006506784110626995,0.003560052968867449
98.70000147074461,-3.3652725219726562,0.005449533462524414,9.807412147521973,-6.057307473383844e-05,-0.0003004792670253664,2.5103794541792013e-05,0.09065408596539092,-0.000636922341456625,0.0035600738038166655
98.80000147223473,-2.960484504699707,-0.023221254348754883,9.807903289794922,-9.562628110870719e-05,-0.0005638073780573905,-0.0021763399709016085,0.08156468499537084,-0.0006234315062272344,0.003560092445613333
98.90000147372484,-2.5861430168151855,-0.008912086486816406,9.808308601379395,2.4824345018714666e-05,-0.00056511937873438,4.1957522626034915e-05,0.07912936904061088,-0.0006101724598153169,0.003560109990833726
99.00000147521496,-2.4044179916381836,0.005827665328979492,9.808670043945312,-1.5375931980088353e-05,-0.00036162632750347257,1.4869257938698865e-05,0.07661667984915939,-0.0005971289591855111,0.0035601280843422563
99.10000147670507,-2.4198319911956787,0.0033440589904785156,9.808723449707031,-5.067944584880024e-06,-0.0001097647545975633,8.71292741067009e-06,0.07661667984915939,-0.0005843023065068564,0.003560145629562649
99.20000147819519,-2.534210681915283,0.0010018348693847656,9.808650016784668,-2.0458173821680248e-07,5.0386366638122126e-05,7.640183866897132e-06,0.07661667984915939,-0.0005717028507064015,0.003560163174783042
99.3000014796853,-2.6292648315429688,0.003633260726928711,9.808601379394531,1.2278469512239099e-06,6.970197864575312e-05,7.4898230195685755e-06,0.07661667984915939,-0.0005593390217626393,0.0035601807200034354
99.40000148117542,-2.6361656188964844,0.003642559051513672,9.808492660522461,9.813284123083577e-07,-1.3378758922044653e-05,7.2332504714722745e-06,0.07661667984915939,-0.0005472115392421983,0.0035601982652238282
99.50000148266554,-2.5504727363586426,0.003524303436279297,9.808520317077637,3.193708835169673e-07,-0.00011667673970805481,6.8714903136424255e-06,0.07661667984915939,-0.0005353126929037444,0.003560215810444221
99.60000148415565,-2.4346964359283447,0.0033648014068603516,9.80864143371582,-8.112838258966804e-07,-0.00017560255946591496,6.41380302113248e-06,0.07661667984915939,-0.0005236320309620623,0.003560233355664614
99.70000148564577,-2.3289589881896973,-0.04736137390136719,9.80878734588623,-9.582910570316017e-05,-0.0001685414754319936,-0.002903667511418462,0.06561060373405075,-0.0005121601982693846,0.00356024624043584
99.80000148713589,-2.2743892669677734,0.0024852752685546875,9.808838844299316,6.974112329771742e-05,-0.00012068906653439626,0.000276269915048033,0.06255725571100383,-0.0005008921574045644,0.003560259125207066
99.900001488626,-2.2574093341827393,0.012502193450927734,9.80889892578125,7.3705450631678104e-09,-6.81527380947955e-05,0.0007518351194448769,0.06255725571100383,-0.0004898265034114502,0.003560273106554567
100.00000149011612,-2.2486422061920166,-0.027390003204345703,9.808887481689453,-2.518696419429034e-05,-5.92707765463274e-05,0.009259290061891079,0.06852804166478502,-0.0004789623453262948,0.0035602843464613812
100.10000149160624,-2.2173032760620117,-0.00473332405090332,9.808907508850098,-6.686594861093909e-05,-6.725291314069182e-05,0.024202801287174225,0.06852804166478502,-0.0004682970102010131,0.003560295038080058
100.20000149309635,-2.187544584274292,0.0027365684509277344,9.808956146240234,-7.784401532262564e-05,-5.9613565099425614e-05,0.026276100426912308,0.07401874669521497,-0.0004578277223714622,0.003560305455554666
100.30000149458647,-2.160919189453125,0.002721071243286133,9.809001922607422,-8.393979078391567e-05,-6.698355718981475e-05,0.02777710184454918,0.07132625143984156,-0.0004475521515843184,0.0035603161471733434
100.40000149607658,-2.1214659214019775,0.0026862621307373047,9.808999061584473,-8.71442025527358e-05,-8.470420289086178e-05,0.02924436330795288,0.07401874669521497,-0.00043746673397038194,0.0035603265646479516
100.5000014975667,-2.5265142917633057,0.003229856491088867,9.808871269226074,-0.00010372686665505171,0.001644259667955339,0.031057458370923996,0.07401874669521497,-0.00042760779365380586,0.00356033698212256
100.60000149905682,-4.283382892608643,0.005469799041748047,9.80733585357666,-0.00014433334581553936,0.0018356457585468888,0.03234175220131874,0.07132625143984156,-0.00041813303194260243,0.003560347673741237
100.70000150054693,-4.619763374328613,0.003422260284423828,9.805877685546875,-0.00017529528122395277,0.0005298569449223578,0.034820619970560074,0.07401874669521497,-0.0004090725019665342,0.0035603580912158452
100.80000150203705,-3.9153196811676025,-0.022945165634155273,9.806339263916016,-0.00023946474539116025,-0.0006920773885212839,0.037443868815898895,0.06852804166478502,-0.00040036297914980423,0.003560365767249767
100.90000150352716,-2.663951873779297,-0.001958608627319336,9.807707786560059,-0.00012748013250529766,-0.0019445574143901467,0.041807785630226135,0.06561060373405075,-0.0003918921330523517,0.0035603731691396206
101.00000150501728,-0.9712733030319214,0.026281535625457764,9.809210777282715,-7.225270383059978e-05,-0.002599413273856044,0.04281606897711754,0.07132625143984156,-0.00038350815633236834,0.0035603830383260913
101.1000015065074,0.28568291664123535,0.009630829095840454,9.810081481933594,-0.00010288250632584095,-0.0019431826658546925,0.040485892444849014,0.07661667984915939,-0.00037509834155002864,0.0035603937299447685
101.20000150799751,0.3380432724952698,-0.00042948126792907715,9.810426712036133,-2.959099947474897e-05,-0.0004032844735775143,0.04128516465425491,0.07401874669521497,-0.0003666580625036886,0.0035604041474193767
101.30000150948763,-0.661722719669342,0.0008686184883117676,9.810471534729004,-3.934610867872834e-05,0.0009870125213637948,0.04205498471856117,0.07661667984915939,-0.00035827706710733764,0.003560414564893985
101.40000151097775,-1.8501631021499634,0.0024192333221435547,9.809850692749023,-7.035851012915373e-05,0.0013718486297875643,0.04301338642835617,0.07661667984915939,-0.00035006206594800915,0.003560425256512662
101.50000151246786,-2.419416904449463,-0.029321670532226562,9.808948516845703,-0.00010054779704660177,0.0007824124186299741,0.04481139034032822,0.07401874669521497,-0.0003420640498177363,0.003560432932546584
101.60000151395798,-2.1693437099456787,-0.004632234573364258,9.808857917785645,-0.00010900794586632401,-0.00017239805310964584,0.046411674469709396,0.07401874669521497,-0.0003342605388922948,0.0035604397861483
101.7000015154481,-1.4046677350997925,0.004362225532531738,9.809179306030273,-9.462604066357017e-05,-0.0009134127758443356,0.0468977652490139,0.07401874669521497,-0.0003265829286362987,0.0035604469138940846
101.80000151693821,-0.6343074440956116,-0.0016526579856872559,9.80971622467041,-7.047096733003855e-05,-0.0010026161326095462,0.04688548669219017,0.07661667984915939,-0.0003189620662311654,0.0035604540416398693
101.90000151842833,-0.3392031490802765,0.00045746564865112305,9.810029029846191,-5.105629679746926e-05,-0.0004575133207254112,0.04726541414856911,0.07661667984915939,-0.0003113715309837062,0.0035604608952415854
102.00000151991844,-0.9543654918670654,0.001287996768951416,9.81022834777832,-6.0132937505841255e-05,0.0014209143118932843,0.050265535712242126,0.07661667984915939,-0.000303866528696517,0.00356046802298737
102.10000152140856,-2.481693744659424,0.04121088981628418,9.80943489074707,-5.1136245019733906e-05,0.0013844515196979046,0.051859889179468155,0.08622923062092014,-0.0002965841313908868,0.0035604781663179097
102.20000152289867,-2.714510202407837,-0.0059430599212646484,9.808541297912598,-0.00018415246449876577,0.0003292206674814224,0.051300544291734695,0.08622923062092014,-0.0002895451739988175,0.003560487761360312
102.30000152438879,-1.9006463289260864,-0.019923806190490723,9.808746337890625,-0.0001493553863838315,-0.0012147006345912814,0.050469525158405304,0.08156468499537084,-0.0002826766143044779,0.0035604948891060965
102.4000015258789,-0.0828891396522522,-0.00988699495792389,9.809349060058594,-2.7684494853019714e-05,-0.002895487006753683,0.04805512726306915,0.07661667984915939,-0.00027581530228815154,0.0035605017427078126
102.50000152736902,2.043882369995117,0.004808664321899414,9.80949592590332,3.85381281375885e-06,-0.0028491888660937548,0.044997647404670715,0.07661667984915939,-0.000268770485092773,0.0035605085963095287
102.60000152885914,2.605064630508423,-0.0059545040130615234,9.809606552124023,6.757338996976614e-05,-0.0007021244964562356,0.04666798934340477,0.07661667984915939,-0.0002614919429362317,0.0035605157240553133
102.70000153034925,1.0456504821777344,-0.001391291618347168,9.810731887817383,6.376986857503653e-05,0.001709321397356689,0.04892902448773384,0.07661667984915939,-0.000254119609238046,0.003560522851801098
102.80000153183937,-1.037101149559021,0.03913545608520508,9.81054973602295,6.006844341754913e-05,0.002404110739007592,0.051827672868967056,0.08392937119122329,-0.0002468405016458064,0.0035605329951316376
102.90000153332949,-2.095392942428589,0.0007441043853759766,9.809505462646484,-0.00010381964966654778,0.0014813726302236319,0.051041241735219955,0.08846932589537937,-0.00023974942263293997,0.0035605431384621773
103.0000015348196,-1.7802741527557373,-0.0325772762298584,9.809026718139648,-0.00012035643158014864,-0.00017895357450470328,0.04973914101719856,0.08156468499537084,-0.00023281803254349143,0.0035605499920638934
103.10000153630972,-0.3809938132762909,0.0005195140838623047,9.80928897857666,3.334484063088894e-06,-0.0018772957846522331,0.049306295812129974,0.07661667984915939,-0.00022592073912619526,0.003560557119809678
103.20000153779984,1.3961913585662842,0.0006470680236816406,9.809536933898926,-2.2740568965673447e-06,-0.0022672659251838923,0.04636111855506897,0.07661667984915939,-0.00021889809330843946,0.0035605642475554627
103.30000153928995,2.1213736534118652,-0.005324602127075195,9.809714317321777,5.0789385568350554e-05,-0.0008217806462198496,0.04704044759273529,0.07661667984915939,-0.00021168507157653949,0.0035605711011571783
103.40000154078007,1.1232073307037354,0.030950069427490234,9.81042766571045,9.705708362162113e-05,0.0011286382796242833,0.05037258565425873,0.08392937119122329,-0.00020437135333395418,0.0035605809703436494
103.50000154227018,-0.5689781904220581,-0.0016370415687561035,9.810551643371582,-2.324138768017292e-05,0.00196848064661026,0.04977138340473175,0.08622923062092014,-0.0001971087971810448,0.0035605908395301205
103.6000015437603,-1.608694314956665,-0.025096654891967773,9.809795379638672,-2.9203016310930252e-05,0.0013660774566233158,0.050985172390937805,0.08392937119122329,-0.00018999061218494262,0.0035605976931318366
103.70000154525042,-1.4933990240097046,-0.0002683401107788086,9.809326171875,-5.42218258487992e-05,3.6949841160094365e-05,0.05139949545264244,0.08622923062092014,-0.00018300639794688323,0.0035606048208776213
103.80000154674053,-0.4426754117012024,0.0006638467311859131,9.809435844421387,-4.2904750443995e-05,-0.0013414991553872824,0.04962317645549774,0.08392937119122329,-0.00017606184893281807,0.003560611948623406
103.90000154823065,0.9438087344169617,0.0036244988441467285,9.809603691101074,-1.8526334315538406e-06,-0.001759479520842433,0.04750535264611244,0.08392937119122329,-0.00016903253801103801,0.003560619350513259
104.00000154972076,1.5912315845489502,0.02517521381378174,9.809877395629883,3.79447010345757e-05,-0.0007672955980524421,0.04769894480705261,0.08392937119122329,-0.00016186044942401168,0.0035606289455556617
104.10000155121088,0.9525718688964844,0.006107985973358154,9.810311317443848,4.580477252602577e-05,0.0007088493439368904,0.04904347285628319,0.08392937119122329,-0.00015460293069224917,0.0035606396371743385
104.200001552701,-0.2981409728527069,-0.0020482242107391357,9.810453414916992,1.5537720173597336e-05,0.00144725083373487,0.05000842735171318,0.08392937119122329,-0.00014737224381633496,0.0035606500546489467
104.30000155419111,-1.1399321556091309,-0.018302440643310547,9.809941291809082,-1.9956030882894993e-05,0.001077718217857182,0.05079169571399689,0.08392937119122329,-0.00014024386405253608,0.0035606585531150745
104.40000155568123,-1.1167479753494263,-0.01583564281463623,9.809566497802734,-3.6238503525964916e-05,9.574749856255949e-05,0.050985801964998245,0.08392937119122329,-0.0001332156754187963,0.003560665680860859
104.50000155717134,-0.36845049262046814,0.0005532503128051758,9.809593200683594,-2.9929797165095806e-05,-0.0009142921771854162,0.04981590434908867,0.08392937119122329,-0.00012622052111055382,0.0035606725344625753
104.60000155866146,0.6122154593467712,0.0016112923622131348,9.809735298156738,-4.657427780330181e-06,-0.0012268306454643607,0.048433009535074234,0.08392937119122329,-0.00011917036668762648,0.00356067966220836
104.70000156015158,1.0799518823623657,0.015926837921142578,9.809957504272461,2.425379352644086e-05,-0.0005777259357273579,0.04840385168790817,0.08392937119122329,-0.00011202331086224149,0.0035606884348185564
104.8000015616417,0.41998910903930664,-2.0924413204193115,9.808147430419922,-0.010195638053119183,0.0015305876731872559,-0.2186954915523529,359.2206581128575,-0.00010484113033726317,0.0035605096928858033
104.90000156313181,-1.0832774639129639,-2.6831514835357666,9.807488441467285,0.0005135186947882175,0.0018474602838978171,-0.17430271208286285,357.85216141075375,-9.776512068526699e-05,0.0035600946387658824
105.00000156462193,-1.75,-0.8169260025024414,9.808918952941895,0.0016336033586412668,0.0009773250203579664,-0.09352617710828781,356.87181069880353,-9.084987081564577e-05,0.003559615709077968
105.10000156611204,-1.3638542890548706,-0.4638237953186035,9.808991432189941,0.001123764319345355,-0.0004289528587833047,-0.0445040762424469,356.2288440110952,-8.405935651012442e-05,0.0035591036079577485
105.20000156760216,-0.10384052991867065,-0.3980739414691925,9.809330940246582,0.0007571821333840489,-0.0017248326912522316,-0.019487351179122925,355.78272337526664,-7.72806561002426e-05,0.0035585569646848806
105.30000156909227,1.1645135879516602,-2.093708038330078,9.807150840759277,-0.006199697032570839,-0.0012924815528094769,-0.20974357426166534,354.7341527338863,-7.041500059301598e-05,0.0035578145825470035
105.40000157058239,1.5547363758087158,-4.240417957305908,9.801214218139648,-0.005686646327376366,-0.00031137699261307716,-0.3840961158275604,352.62059167636085,-6.345969143239927e-05,0.0035566782553824905
105.5000015720725,1.8560377359390259,-2.7605655193328857,9.8050537109375,0.002067874651402235,0.0003069448284804821,-0.2769203782081604,350.57563303885905,-5.638048628497927e-05,0.0035552713480222304
105.60000157356262,0.6381833553314209,-3.5454037189483643,9.801872253417969,-0.005976174492388964,0.0028095711022615433,-0.4429818093776703,348.1493039588604,-4.9310280772374426e-05,0.0035535431438135237
105.70000157505274,-1.1497197151184082,-5.848916530609131,9.79188060760498,-0.005004283040761948,0.004030687268823385,-0.5910147428512573,344.7851352643056,-4.247685434677351e-05,0.0035513379289253836
105.80000157654285,-1.8607311248779297,-6.2881903648376465,9.78665542602539,-0.003041301155462861,0.003623953554779291,-0.6695788502693176,340.82048365868,-3.598563255025056e-05,0.0035486567999340845
105.90000157803297,-1.3161072731018066,-6.294637680053711,9.784525871276855,-0.002114423317834735,0.002458292292430997,-0.7100679278373718,336.56106840923337,-2.9826204311689253e-05,0.00354550715872948
106.00000157952309,0.0594482421875,-6.371770858764648,9.783153533935547,-0.0019588270224630833,0.0015446282923221588,-0.7416889667510986,332.1255982037404,-2.392783189009151e-05,0.0035418522700063713
106.1000015810132,1.336904525756836,-6.468727111816406,9.78182315826416,-0.001502067781984806,0.0020662492606788874,-0.7675096988677979,327.54581976146346,-1.8237894636286e-05,0.0035376455292730905
106.20000158250332,1.344975471496582,-6.473457336425781,9.781689643859863,-0.0007847906090319157,0.0036492859944701195,-0.7803929448127747,322.8611842550485,-1.2800420535086232e-05,0.003532905578326305
106.30000158399343,0.15558528900146484,-6.418552398681641,9.782115936279297,-0.0002081785351037979,0.004918502643704414,-0.7771844863891602,318.148244444713,-7.734609198450926e-06,0.0035277297383103823
106.40000158548355,-1.1415162086486816,-6.659356117248535,9.779932975769043,-0.0006128603126853704,0.005212367512285709,-0.7905024290084839,313.37981617756026,-3.1710099932524827e-06,0.003522219990818856
106.50000158697367,-1.588305950164795,-6.764808654785156,9.778536796569824,-0.0001684690359979868,0.004355508368462324,-0.788911759853363,308.5905694938174,8.319150026636635e-07,0.0035164451460129543
106.60000158846378,-1.0294132232666016,-6.668613433837891,9.77892780303955,-0.00013127696001902223,0.003090460319072008,-0.7842578291893005,303.8299003215618,4.289220882469635e-06,0.0035104156213672864
106.7000015899539,0.5132746696472168,-4.7310686111450195,9.792109489440918,0.005571563728153706,0.0003553200513124466,-0.5803373456001282,299.84631543155695,7.403777274817003e-06,0.0035041363514750875
106.80000159144402,1.5438685417175293,-2.8467488288879395,9.801351547241211,0.0045222630724310875,0.0001576961949467659,-0.4280301630496979,296.8650198211164,1.0355213916568573e-05,0.0034976188503872403
106.90000159293413,0.6644163131713867,-4.737369537353516,9.793582916259766,-0.005183700006455183,0.0030568200163543224,-0.5993382930755615,293.5805457737973,1.2943323469016832e-05,0.003490877647739383
107.00000159442425,-0.8249444961547852,-6.953311443328857,9.781938552856445,-0.0034287706948816776,0.004499752074480057,-0.7256672978401184,289.40590683232887,1.492108981437923e-05,0.0034839999213453427
107.10000159591436,-1.7769148349761963,-8.081711769104004,9.769932746887207,-0.006916203536093235,0.006057117134332657,-0.919825553894043,284.3326882036535,1.6160187797709114e-05,0.0034770980702732626
107.20000159740448,-0.8523832559585571,-6.37555456161499,9.783172607421875,0.006428414490073919,0.0017630538204684854,-0.687414824962616,279.61409299668526,1.682547440395865e-05,0.0034701762066841712
107.3000015988946,0.9587733745574951,-2.501836061477661,9.802335739135742,0.0074549331329762936,-0.0004884679801762104,-0.42024871706962585,276.42332914477873,1.727969365106219e-05,0.003463143863035418
107.40000160038471,1.4741811752319336,-1.4468202590942383,9.806628227233887,0.004890957847237587,-0.00020346623205114156,-0.2654156982898712,274.359409902141,1.7616287948385434e-05,0.0034559700610472467
107.50000160187483,0.7307637333869934,-1.2642565965652466,9.80838680267334,0.003523800289258361,0.000897122488822788,-0.17485411465168,272.91747500608125,1.7844224842633594e-05,0.0034487249816012294
107.60000160336494,-0.4216023087501526,-1.0538874864578247,9.809032440185547,0.0025829419028013945,0.0013668102910742164,-0.11666157096624374,271.85797606202885,1.797740208075993e-05,0.00344151444430786
107.70000160485506,-1.1071240901947021,-0.684428870677948,9.809197425842285,0.0023889632429927588,0.0008683868800289929,-0.05855388194322586,271.1265720849472,1.80479256499666e-05,0.003434402324735133
107.80000160634518,-0.9685008525848389,-0.4027118980884552,9.80932903289795,0.001735965139232576,-9.135616710409522e-05,-0.020252471789717674,270.6495789940702,1.8081833843552886e-05,0.003427376560544027
107.90000160783529,-0.21243421733379364,-0.277030348777771,9.809521675109863,0.0012170375557616353,-0.0009688889258541167,0.002193918451666832,270.33495316014273,1.8091124758257138e-05,0.0034203697122936576
108.00000160932541,0.6598566174507141,-0.1947389394044876,9.809699058532715,0.0008804448880255222,-0.0011153629748150706,0.015982341021299362,270.12185125803836,1.80833159362237e-05,0.003413303648924462
108.10000161081553,0.9861021637916565,-0.13667163252830505,9.810003280639648,0.0006479920702986419,-0.00042213982669636607,0.02577766589820385,269.9738547191025,1.8063380508692717e-05,0.0034061490370210956
108.20000161230564,0.5434219241142273,0.027172137051820755,9.81025218963623,0.0008045514696277678,0.0004854703729506582,0.045774996280670166,269.9186667906088,1.8045901697405498e-05,0.003398945627473511
108.30000161379576,-0.2473306655883789,0.02836492285132408,9.81025218963623,0.0002621019084472209,0.0008902442059479654,0.04775960370898247,269.9030119970312,1.8031061500778378e-05,0.0033917644235954866
108.40000161528587,-0.7130013108253479,-0.027886496856808662,9.809978485107422,0.00012374272046145052,0.0006170588312670588,0.047669727355241776,269.88754844875024,1.8013882524314795e-05,0.0033846473694295236
108.50000161677599,-0.633303701877594,-0.013372035697102547,9.809741020202637,0.0001073987950803712,-2.478803799021989e-05,0.04890410602092743,269.87618301397134,1.7995647667135017e-05,0.0033775870630857693
108.6000016182661,-0.1580008566379547,0.008917681872844696,9.80978775024414,9.291824972024187e-05,-0.0005972812068648636,0.05002979561686516,269.8743525232738,1.797825451888002e-05,0.0033705410122335843
108.70000161975622,0.29497554898262024,0.004269268363714218,9.809932708740234,3.346519224578515e-05,-0.00021080186706967652,0.05006321519613266,269.8751721459742,1.796119438779442e-05,0.0033634680952626724
108.80000162124634,-0.15027379989624023,-0.015435957349836826,9.810288429260254,-1.9162434909958392e-05,0.0007543521351180971,0.04960234463214874,269.8698992399349,1.7942784964475322e-05,0.0033564088854951928
108.90000162273645,-1.1390256881713867,0.05992560833692551,9.810148239135742,0.00017035433847922832,0.0013370421947911382,0.058036427944898605,269.89148263771216,1.7929933392224484e-05,0.0033494519314653157
109.00000162422657,-1.915213704109192,0.053392115980386734,9.809494018554688,-9.05633787624538e-05,0.0010760031873360276,0.057737238705158234,269.9209890549266,1.7922095665312554e-05,0.003342666865766476
109.10000162571669,-2.0083060264587402,0.00852952990680933,9.809160232543945,-0.000135057169245556,0.0002804570540320128,0.056733280420303345,269.93918467887556,1.7915204580276622e-05,0.0033360619127207327
109.2000016272068,-1.4881021976470947,-0.001671050675213337,9.809207916259766,-0.00012127950321882963,-0.0005773348384536803,0.05552355572581291,269.94721698133947,1.7908280298684076e-05,0.0033295901936923485
109.30000162869692,-0.6847608089447021,-0.007538936100900173,9.809578895568848,-9.510009840596467e-05,-0.0010055919410660863,0.053972277790308,269.94787267949977,1.790073170582218e-05,0.0033231798829353397
109.40000163018703,-0.15640822052955627,0.016612090170383453,9.809959411621094,1.0062642104458064e-05,-0.0006971511174924672,0.056118033826351166,269.9547028686698,1.7894678052243762e-05,0.003316783005237694
109.50000163167715,-0.24111364781856537,0.0314519889652729,9.810226440429688,3.3653259379207157e-06,5.723688445868902e-05,0.058077551424503326,269.97008445468066,1.7891447228635116e-05,0.0033104083332096083
109.60000163316727,-0.8240087032318115,0.013492777943611145,9.810117721557617,-6.102783663664013e-05,0.0006700426456518471,0.05784197896718979,269.98297985183365,1.7889443597596255e-05,0.003304107405935987
109.70000163465738,-1.4297313690185547,0.0008786373073235154,9.809792518615723,-7.592135079903528e-05,0.0007201767293736339,0.05785408243536949,269.99043841840734,1.788753102971441e-05,0.0032979347780864887
109.8000016361475,-1.6027377843856812,0.005769445560872555,9.809494972229004,-6.858778942842036e-05,0.0002898066013585776,0.058741580694913864,269.9966402301737,1.788614318343207e-05,0.0032919055275848893
109.90000163763762,-1.350205421447754,0.013498428277671337,9.809423446655273,-5.62605018785689e-05,-0.00029798809555359185,0.05953941121697426,270.00486377793436,1.7885948267348795e-05,0.003285997448761629
110.00000163912773,-0.8096809983253479,0.012027936056256294,9.809615135192871,-5.670941391144879e-05,-0.0006860401481389999,0.05924613028764725,270.013606420072,1.788680924619257e-05,0.0032801620181165583
110.10000164061785,-0.35652419924736023,0.004556344822049141,9.809896469116211,-4.6430781367234886e-05,-0.0005828329012729228,0.05872437730431557,270.0199994771351,1.788806324043435e-05,0.0032743583881834496
110.20000164210796,-0.3237047493457794,0.005280731711536646,9.810096740722656,-1.9547798729036003e-05,-7.661154813831672e-05,0.05939240753650665,270.0257914775513,1.7889773459955904e-05,0.0032685838175216166
110.30000164359808,-0.6989184617996216,-0.005234322510659695,9.810113906860352,-5.100818088976666e-05,0.0004189794126432389,0.05901418626308441,270.0268569870618,1.7890985660073966e-05,0.003262872025851503
110.4000016450882,-1.136924147605896,-0.003393956460058689,9.809856414794922,-2.9219499992905185e-05,0.0005405669216997921,0.05994823947548866,270.026583779495,1.789184344147543e-05,0.003257261941630854
110.50000164657831,-1.3673349618911743,0.0009005938190966845,9.809636116027832,-4.36015470768325e-05,0.00027272020815871656,0.06058008223772049,270.0267203832784,1.7892723704449054e-05,0.0032517746739529558
110.60000164806843,-1.184871792793274,0.0005239700549282134,9.809587478637695,-4.7045636165421456e-05,-0.0001709065691102296,0.060797978192567825,270.0267750247918,1.7893600755769512e-05,0.003246393500029621
110.70000164955854,-0.8020064234733582,0.0002668165834620595,9.809679985046387,-3.80116980522871e-05,-0.0005127621116116643,0.06062708795070648,270.0267750247918,1.7894467092105515e-05,0.0032410841518522708
110.80000165104866,-0.43397751450538635,0.011797411367297173,9.80988597869873,3.7671288737328723e-06,-0.0004872061253990978,0.06176038458943367,270.031282949644,1.7896367893399656e-05,0.0032358137321326667
110.90000165253878,-0.34119802713394165,-0.002399745862931013,9.810016632080078,-3.987668242189102e-05,-0.00010554649634286761,0.06096562370657921,270.0324850629379,1.7898035238772536e-05,0.0032305740165487506
111.00000165402889,-0.6163245439529419,-0.0041033984161913395,9.810112953186035,-2.837371994246496e-06,0.0003098076267633587,0.06186473369598389,270.0321025723444,1.7899302093837832e-05,0.0032253894039226314
111.10000165551901,-0.9867185950279236,0.0005825652042403817,9.809906005859375,-1.2352897101663984e-05,0.000442984834080562,0.06257293373346329,270.0321572138578,1.7900569986295523e-05,0.0032202930656866136
111.20000165700912,-1.20206880569458,0.0003747250302694738,9.809727668762207,-2.3068298105499707e-05,0.00024373925407417119,0.06306818127632141,270.03232113839783,1.790181005389968e-05,0.0032153047402136404
111.30000165849924,-1.0696210861206055,0.00034020550083369017,9.809652328491211,-2.429250889690593e-05,-0.00012731562310364097,0.06320884078741074,270.0323757799112,1.7903025508303472e-05,0.003210412365164691
111.40000165998936,-0.7393181920051575,0.00023107216111384332,9.809736251831055,-1.9660836187540554e-05,-0.00043649549479596317,0.06301299482584,270.03232113839783,1.7904224904441435e-05,0.0032055860588362842
111.50000166147947,-0.396363765001297,0.00017378057236783206,9.809906005859375,-5.0345392992312554e-06,-0.00043577657197602093,0.06297101825475693,270.03218453461443,1.7905417848851357e-05,0.003200795665380869
111.60000166296959,-0.32109734416007996,1.3921642675995827e-05,9.810012817382812,7.338659088418353e-06,-9.645297541283071e-05,0.0634562149643898,270.0321025723444,1.7906595800809555e-05,0.0031960335087645236
111.7000016644597,-0.5812174081802368,2.830522134900093e-06,9.810084342956543,1.1308673492749222e-05,0.000284764711977914,0.06417585164308548,270.032047930831,1.7907742716261055e-05,0.00319132343952122
111.80000166594982,-0.9065831899642944,8.825102122500539e-05,9.809942245483398,5.834734110976569e-06,0.00040566144161857665,0.06479106098413467,270.03212989310106,1.7908851077663712e-05,0.003186695065210371
111.90000166743994,-1.0869009494781494,0.0003093500272370875,9.80978012084961,-6.114023562986404e-07,0.00021940178703516722,0.06519543379545212,270.0322938176412,1.7909931585791128e-05,0.0031821640120438892
112.00000166893005,0.18905779719352722,0.015816915780305862,9.808944702148438,-2.6703328330768272e-05,0.000332778028678149,0.0052968766540288925,270.03172008175085,1.7912437442646478e-05,0.003177615961945152
112.10000167042017,-0.27563565969467163,-0.004101340193301439,9.810256004333496,-1.937302658916451e-05,0.0005790610448457301,0.06677114963531494,270.0468557809516,1.7914555627385198e-05,0.003173092310668523
112.20000167191029,-0.5208921432495117,0.004891011398285627,9.791749954223633,7.949265273055062e-05,9.62824487942271e-05,0.0012354538775980473,270.0622920084758,1.7917055060934217e-05,0.0031686155380276325
112.3000016734004,-0.9190018177032471,0.02351474016904831,9.818333625793457,-1.6933092410909012e-05,0.0010045776143670082,5.0133225158788264e-05,270.0630296689062,1.792157094371305e-05,0.003164221008607333
112.40000167489052,-1.524741291999817,0.003705965355038643,9.823861122131348,-2.496812703611795e-05,0.0004701778234448284,1.4365222341439221e-05,270.06305698966287,1.7926261364209495e-05,0.003159963551221354
112.50000167638063,-1.1322137117385864,-0.01285991445183754,9.810381889343262,-3.6983841710025445e-05,-0.0005283969803713262,-0.0009630942367948592,270.0583578195139,1.792969459302185e-05,0.003155807527140772
112.60000167787075,-0.20385605096817017,0.007377812173217535,9.80821418762207,1.8443182852934115e-05,-0.0009804130531847477,0.0008852288592606783,270.05860370632405,1.793376821979109e-05,0.00315166959656872
112.70000167936087,0.054180651903152466,-0.010072719305753708,9.808754920959473,-3.23285858030431e-05,-9.970647806767374e-05,0.0009279304067604244,270.0545875550921,1.7936944431085067e-05,0.0031475267314034325
112.80000168085098,-0.7362377643585205,0.006498660426586866,9.809457778930664,1.8343545889365487e-05,0.0007835431606508791,0.0034806763287633657,270.05502468719897,1.7940636794833154e-05,0.0031434499349586873
112.9000016823411,-1.3043686151504517,0.0029268190264701843,9.809380531311035,-1.5765324860694818e-05,0.00036321760853752494,0.004449126310646534,270.05568038535927,1.7944478031495237e-05,0.0031394904721753197
113.00000168383121,-0.8242095708847046,-0.0007673497311770916,9.809359550476074,-8.181996236089617e-06,-0.0006168193649500608,0.004422592464834452,270.05568038535927,1.794817788436376e-05,0.003135604480002348
113.10000168532133,-0.040986742824316025,-0.017376946285367012,9.809713363647461,-2.8762424335582182e-05,-0.0007167253643274307,0.0028597398195415735,270.0492600075395,1.795031536744318e-05,0.0031317220517022683
113.20000168681145,-0.0882384404540062,0.010160461999475956,9.810101509094238,3.4556480386527255e-05,0.00024892479996196926,0.0053716981783509254,270.0496151773763,1.795335771248574e-05,0.003127847847724248
113.30000168830156,-0.9213548302650452,-0.007995263673365116,9.810175895690918,-3.0034163501113653e-05,0.0007919229101389647,0.005147833842784166,270.0460088374945,1.7955617266807167e-05,0.0031240558869668196
113.40000168979168,-1.2501637935638428,-1.2498215436935425,9.809056282043457,-0.002637542085722089,-0.00032102176919579506,-0.10763847827911377,269.57860533221225,1.784686881478592e-05,0.0031203771477097395
113.5000016912818,0.783180296421051,-0.5219519138336182,9.808992385864258,0.0011684640776365995,-0.003170529380440712,-0.07118555903434753,269.1269659035343,1.7690442859930045e-05,0.003116628775859225
113.60000169277191,3.632291793823242,-0.014263302087783813,9.807987213134766,0.00025271190679632127,-0.003519067307934165,-0.062226053327322006,268.76780723621835,1.7525910365634445e-05,0.0031125544467110974
113.70000169426203,4.799904823303223,-0.14096581935882568,9.828280448913574,-0.0001317105779889971,-0.002752692438662052,-0.05735258013010025,268.4401220805978,1.7337154687879774e-05,0.0031080499855192737
113.80000169575214,3.413503646850586,-2.0397725105285645,9.796417236328125,-0.009936030022799969,0.002150380751118064,-0.2888714373111725,267.3547777007261,1.6952180374119052e-05,0.0031032483521570443
113.90000169724226,1.7918449640274048,-2.15059494972229,9.79109001159668,-0.00040727946907281876,-0.0006429348140954971,-0.2405538409948349,265.939261976376,1.6364011770519937e-05,0.003098300325862161
114.00000169873238,3.7898805141448975,-0.6134129762649536,9.806110382080078,-0.00011119511327706277,-0.0020810605492442846,-0.1708187758922577,264.8116250651636,1.5690902401388485e-05,0.0030930183920916746
114.10000170022249,4.9520158767700195,-2.9276986122131348,9.801802635192871,-0.013177139684557915,-0.00035821530036628246,-0.45369213819503784,262.88581224754347,1.4703449409125824e-05,0.0030873285319470514
114.20000170171261,5.17411470413208,-3.8526663780212402,9.798788070678711,-0.0021784366108477116,-1.607640297152102e-05,-0.4425964951515198,260.3977109366912,1.3299090724672169e-05,0.003081238421462214
114.30000170320272,5.357937812805176,-1.8044612407684326,9.802367210388184,-0.0003254702314734459,-0.00029578630346804857,-0.342708945274353,258.27666399183545,1.1639840167276816e-05,0.003074711051187896
114.40000170469284,4.798642635345459,-3.6952738761901855,9.796524047851562,-0.00954999215900898,0.0024861441925168037,-0.555413007736206,255.59742666724955,9.554201369610382e-06,0.0030678486768616997
114.50000170618296,2.7788941860198975,-6.099167823791504,9.78829574584961,-0.008085278794169426,0.005773916840553284,-0.7081972360610962,251.88338836265007,6.873215340874594e-06,0.003060919411382755
114.60000170767307,-0.3540024757385254,-6.525542736053467,9.786012649536133,-0.005601516924798489,0.007768596522510052,-0.779744565486908,247.6001494133784,3.665612723580125e-06,0.0030542418101588225
114.70000170916319,-2.440488815307617,-6.529788017272949,9.783180236816406,-0.0036823642440140247,0.006495501846075058,-0.7910667657852173,243.15200237678593,3.6836723893429735e-08,0.003048023126105793
114.8000017106533,-2.7667627334594727,-6.50230073928833,9.78122615814209,-0.0027940385043621063,0.004756996873766184,-0.7956789135932922,238.66798318667256,-3.958627232236722e-06,0.003042317913893326
114.90000171214342,-1.9130654335021973,-6.4499006271362305,9.780852317810059,-0.003028951585292816,0.002498862100765109,-0.8022601008415222,234.15382920194108,-8.320251609461593e-06,0.0030370891640721554
115.00000171363354,0.548675537109375,-4.692753791809082,9.792430877685547,0.0025379301514476538,-0.0010949023999273777,-0.625156581401825,230.2858384334495,-1.303528060248027e-05,0.0030320895986923678
115.10000171512365,2.253262519836426,-5.260407447814941,9.78847885131836,-0.005611547268927097,0.0008229250088334084,-0.741021454334259,226.34197792365742,-1.822932550510359e-05,0.0030272674045249905
115.20000171661377,1.8073549270629883,-6.990952014923096,9.779269218444824,-0.005177248734980822,0.004042407497763634,-0.8436856269836426,221.7566123866394,-2.396001599436204e-05,0.0030228026942231197
115.30000171810389,-0.014397621154785156,-7.192591190338135,9.77733325958252,-0.0037445281632244587,0.006180513650178909,-0.8866545557975769,216.8167190505627,-3.0074396775603418e-05,0.0030188531006262232
115.400001719594,-1.6571979522705078,-7.216973304748535,9.77548599243164,-0.002907306421548128,0.006178840529173613,-0.8982341289520264,211.76083544200085,-3.6401414845954605e-05,0.0030155288296498948
115.50000172108412,-2.0416603088378906,-7.171111106872559,9.774547576904297,-0.002502994379028678,0.004894651006907225,-0.8950748443603516,206.69861341788922,-4.285240174795035e-05,0.00301285894056541
115.60000172257423,-1.865433692932129,-8.708009719848633,9.759082794189453,-0.012534849345684052,0.00667256023734808,-1.1177455186843872,200.98040636551121,-4.942560119047812e-05,0.0030109744742375785
115.70000172406435,0.13451290130615234,-8.282074928283691,9.766407012939453,0.002164688194170594,0.001686946372501552,-0.9429757595062256,195.2506562934359,-5.6205171162559964e-05,0.0030098000410475247
115.80000172555447,2.7834696769714355,-4.303105354309082,9.791951179504395,0.004585502669215202,0.00020718062296509743,-0.7057636976242065,190.80439438905435,-6.330205003735045e-05,0.0030089551290279765
115.90000172704458,2.446335792541504,-2.965365171432495,9.800394058227539,0.003877921961247921,0.0016829022206366062,-0.5315585732460022,187.48031890492757,-7.06509315762105e-05,0.0030083426911786345
116.0000017285347,0.07444572448730469,-2.735081195831299,9.803359985351562,0.002347975969314575,0.0032677780836820602,-0.43390995264053345,184.8464340364306,-7.802698762304772e-05,0.0030079720483978333
116.10000173002481,-1.7712886333465576,-1.931282877922058,9.806052207946777,0.003997977823019028,0.002273938152939081,-0.28916382789611816,182.94683548484497,-8.525309972640116e-05,0.00300778124412606
116.20000173151493,-2.237382411956787,-1.1061336994171143,9.807421684265137,0.003278830088675022,0.0007855091243982315,-0.19036045670509338,181.6930449796624,-9.228147686712873e-05,0.003007694340456301
116.30000173300505,-1.572318434715271,-0.7671221494674683,9.80805492401123,0.0023052883334457874,-0.0010795852867886424,-0.1310822069644928,180.84674356036282,-9.916989486669081e-05,0.0030076773435240454
116.40000173449516,0.1255110502243042,-0.5580434799194336,9.808996200561523,0.001562994671985507,-0.00266655464656651,-0.09428433328866959,180.24866487587983,-0.00010606990404937733,0.0030077099666682137
116.50000173598528,1.8744170665740967,-0.05023181438446045,9.809486389160156,0.0023384348023682833,-0.0024702821392565966,-0.030278945341706276,179.96573111970122,-0.00011313817768154877,0.0030077469761174798
116.6000017374754,2.106865882873535,0.01132655143737793,9.809853553771973,0.0008002381073310971,-0.0005534451920539141,-0.021922066807746887,179.82640892101128,-0.00012039549937981064,0.0030077831631345406
116.70000173896551,0.6808925271034241,-0.11350548267364502,9.810591697692871,0.0005079022375866771,0.001335622975602746,-0.01748461276292801,179.7188334415836,-0.00012771375816100772,0.003007829219338072
116.80000174045563,-1.0374407768249512,-0.0902867317199707,9.810380935668945,0.00039236119482666254,0.0017006683629006147,-0.01229208055883646,179.6400950208317,-0.0001349387993769824,0.0030078834998636624
116.90000174194574,-1.7983983755111694,-0.03879547119140625,9.809588432312012,0.0002881569671444595,0.0007566092535853386,-0.00798396673053503,179.5869288283323,-0.0001420024125877717,0.003007939425253665
117.00000174343586,-1.3599350452423096,-0.0362473726272583,9.809245109558105,0.0001717628911137581,-0.000738943403121084,-0.005856167990714312,179.55019607097597,-0.0001489440316930768,0.0030079978179402855
117.10000174492598,-0.03667253255844116,0.18273913860321045,9.809431076049805,0.0007874423172324896,-0.0020474628545343876,0.017447715625166893,179.6063402259535,-0.0001558825495351357,0.0030080397619827873
117.20000174641609,1.3547210693359375,0.1354614496231079,9.809614181518555,1.944834366440773e-06,-0.0019951765425503254,0.011597082950174809,179.682250948389,-0.00016294275307870976,0.0030080704661184753
117.30000174790621,1.6376128196716309,0.02809727191925049,9.809988021850586,-6.567564560100436e-05,-0.0005840294761583209,0.006047047674655914,179.72660619685905,-0.00017014989784058798,0.0030080992512456824
117.40000174939632,0.49230319261550903,0.009829074144363403,9.810583114624023,-3.113853745162487e-05,0.001272644498385489,0.00353993009775877,179.75055284008914,-0.00017740114550690578,0.0030081272139406835
117.50000175088644,-1.4019651412963867,-0.0055806636810302734,9.81035327911377,-2.3219967260956764e-05,0.00204263161867857,0.0022364456672221422,179.7659344261,-0.00018452654394707224,0.0030081554507797536
117.60000175237656,-2.5002994537353516,0.020444869995117188,9.809271812438965,-2.1283049136400223e-06,0.0013156984932720661,0.0020358574111014605,179.77794189866088,-0.00019142760685042504,0.003008180672034068
117.70000175386667,-2.640867233276367,0.08450484275817871,9.808572769165039,0.0002221183676738292,0.00024395709624513984,0.00937799271196127,179.8176116373603,-0.00019809180928120895,0.003008197668966324
117.80000175535679,-2.0239546298980713,0.06284952163696289,9.808753967285156,-5.029852036386728e-05,-0.0010574797634035349,0.006400941871106625,179.85872937616378,-0.0002045745626162443,0.0030082086347290697
117.9000017568469,-0.7924233078956604,0.006111443042755127,9.809361457824707,-5.971500650048256e-05,-0.0019758217968046665,0.0035970606841146946,179.882962887339,-0.00021098639828665,0.0030082193263477465
118.00000175833702,0.30148813128471375,0.008194804191589355,9.809908866882324,-1.3501965440809727e-05,-0.0017236866988241673,0.002856177045032382,179.90109020939622,-0.00021742540850766545,0.0030082286472460805
118.10000175982714,0.40879660844802856,0.03074049949645996,9.810250282287598,-2.6534718926995993e-05,-0.0005009749438613653,0.0018067447235807776,179.91376704049574,-0.00022390117115378416,0.003008235774991865
118.20000176131725,-0.5019763708114624,-0.0006198883056640625,9.810501098632812,-2.2994237951934338e-05,0.0006903433823026717,0.0009855009848251939,179.92087043723257,-0.00023033193991750522,0.003008242628593581
118.30000176280737,-1.6258909702301025,-0.002018570899963379,9.809880256652832,2.18517379835248e-06,0.0009523543994873762,0.0011090621119365096,179.92338394684714,-0.00023661681264286472,0.003008249756339366
118.40000176429749,-2.1547892093658447,0.023041248321533203,9.80922794342041,8.316003368236125e-05,0.00033167650690302253,0.0038822053465992212,179.94405209927558,-0.00024270843091755978,0.0030082544167885326
118.5000017657876,-1.8724898099899292,0.013779520988464355,9.809064865112305,-3.2526731956750154e-05,-0.0006644449895247817,0.00230774050578475,179.95575904351298,-0.00024863215308812414,0.003008257706517356
118.60000176727772,-0.9867047667503357,-0.0029720067977905273,9.80936336517334,-2.165115438401699e-05,-0.0015375609509646893,0.0013345907209441066,179.96573111970122,-0.0002544674637903199,0.0030082612703902487
118.70000176876783,-0.01890449970960617,0.035071052610874176,9.80981159210205,9.515671990811825e-06,-0.0015940327430143952,0.0014890307793393731,179.98021112074164,-0.0002603012152917472,0.0030082615445343173
118.80000177025795,0.28380465507507324,0.002644777297973633,9.810173988342285,-1.0462186764925718e-05,-0.0007207023445516825,0.0009834851371124387,179.98021112074164,-0.0002661604964799835,0.0030082620928224544
118.90000177174807,-0.3279770016670227,0.002490133047103882,9.810335159301758,5.309731932356954e-06,0.0003350570914335549,0.001053081126883626,179.98021112074164,-0.0002719904099848236,0.0030082620928224544
119.00000177323818,-1.28395414352417,0.0022716522216796875,9.810091018676758,-3.242044476792216e-05,0.0007242049323394895,-0.0001878604816738516,179.98021112074164,-0.00027770513155189747,0.0030082615445343173
119.1000017747283,-1.848351240158081,-0.005346775054931641,9.809457778930664,4.7688663471490145e-06,0.0003153035941068083,-2.555777973611839e-05,180.00000500895632,-0.0002832540473747258,0.0030082620928224544
119.20000177621841,-1.7230411767959595,0.0024358034133911133,9.809222221374512,4.9713358748704195e-05,-0.0005066681769676507,0.0016707113245502114,179.98021112074164,-0.00028864844877318774,0.0030082620928224544
119.30000177770853,-1.0140445232391357,0.0024559497833251953,9.809432029724121,-4.963669925928116e-05,-0.001339358277618885,-0.0002455380745232105,179.98021112074164,-0.0002939520056344236,0.0030082615445343173
119.40000177919865,-0.10981126129627228,0.007579237222671509,9.80978012084961,5.349807906895876e-05,-0.0015409060288220644,0.0016546831466257572,180.01979889717103,-0.00029924579614259983,0.0030082609962461797
119.50000178068876,0.2791486978530884,0.027505099773406982,9.810123443603516,-1.4746387023478746e-05,-0.0008094935910776258,0.0009316779905930161,180.01979889717103,-0.0003045647050896605,0.0030082574323732876
119.60000178217888,-0.2219129502773285,0.0026102662086486816,9.810338020324707,5.125606548972428e-06,0.00020737326121889055,0.0009719333611428738,180.01979889717103,-0.0003098637728697895,0.003008253868500395
119.700001783669,-1.1340645551681519,-0.02717888355255127,9.810073852539062,-3.035826375707984e-05,0.0006439498392865062,-0.00018896102847065777,180.01979889717103,-0.00031506109893086887,0.003008252771924121
119.80000178515911,-1.7178133726119995,-0.012027740478515625,9.809612274169922,4.230358172208071e-06,0.00030429166508838534,-2.4332950488314964e-05,180.01979889717103,-0.000320104321758663,0.003008252771924121
119.90000178664923,-1.6484779119491577,0.0004570484161376953,9.809326171875,1.8233840819448233e-06,-0.0004660002014134079,-7.304878977265616e-07,180.01979889717103,-0.00032499967812782415,0.003008252771924121
120.00000178813934,-0.9804657697677612,0.0002759695053100586,9.809405326843262,2.1723099052906036e-07,-0.0013344977051019669,4.896865561931918e-07,180.01979889717103,-0.0003298072398365548,0.003008252771924121
120.10000178962946,-0.029009031131863594,1.7998740077018738e-05,9.809810638427734,6.435438990592957e-07,-0.0016353738028556108,-1.794605509530811e-06,180.01979889717103,-0.0003346122657461592,0.003008252771924121
120.20000179111958,0.4456622302532196,0.03490215539932251,9.810052871704102,3.134261351078749e-05,-0.00087059783982113,0.0011216303100809455,180.0279814637967,-0.00033945735093254825,0.003008249756339366
120.30000179260969,-0.09979711472988129,0.0025963932275772095,9.81038761138916,-5.845795385539532e-07,0.0002663937339093536,0.0009300048113800585,180.01979889717103,-0.00034429352645304334,0.0030082461924664733
120.40000179409981,-1.1376897096633911,0.005527973175048828,9.810173988342285,-2.7909933123737574e-05,0.0007323099998757243,-0.00018128285591956228,180.0279814637967,-0.00034902761755972733,0.0030082423544495122
120.50000179558992,-1.7333707809448242,-0.006548404693603516,9.809562683105469,3.529171226546168e-05,0.00029810069827362895,0.0010163277620449662,180.03427889821145,-0.00035360623472513453,0.0030082393388647572
120.60000179708004,-0.653433620929718,0.005343914031982422,9.804134368896484,-2.995319664478302e-05,-0.0026334107387810946,-0.00027947069611400366,180.0279814637967,-0.00035812628786402456,0.003008235774991865
120.70000179857016,-0.0916813313961029,5.239993333816528e-05,9.818008422851562,8.00425186753273e-06,-0.0005477698286995292,-3.1092571589397267e-05,180.0279814637967,-0.0003626381509462817,0.0030082322111189726
120.80000180006027,-0.3124025762081146,-0.002327531576156616,9.782532691955566,4.943576641380787e-07,-0.00023818554473109543,-4.780699569550961e-08,180.03427889821145,-0.00036712208560629733,0.0030082286472460805
120.90000180155039,-0.5902969241142273,0.00281679630279541,9.832074165344238,-8.162460289895535e-07,0.0008266583317890763,1.5480900401598774e-06,180.03427889821145,-0.00037155307619229916,0.003008225083373188
121.0000018030405,-1.3979030847549438,0.0007364749908447266,9.817102432250977,5.975598469376564e-07,0.000523264694493264,1.4274411341830273e-06,180.03427889821145,-0.00037585864583888906,0.0030082217936443644
121.10000180453062,-1.036340355873108,-0.001951456069946289,9.808952331542969,1.7153797671198845e-07,-0.0005005068378522992,3.770537659875117e-07,180.03427889821145,-0.0003800713492125851,0.0030082182297714723
121.20000180602074,-0.1690179407596588,0.0025977343320846558,9.80825138092041,-6.268383003771305e-07,-0.0008392430027015507,-1.9092601633019513e-07,180.03427889821145,-0.0003842689746704764,0.0030082146658985797
121.30000180751085,-0.024555882439017296,-0.0024771951138973236,9.808982849121094,-3.396053216420114e-08,3.875243055517785e-05,4.481684641177708e-07,180.03427889821145,-0.0003884644069529486,0.0030082111020256876
121.40000180900097,-0.8062942624092102,0.0029291510581970215,9.809581756591797,-9.752693586051464e-07,0.0007818627054803073,7.711163334533921e-07,180.03427889821145,-0.000392587602277672,0.003008207538152795
121.50000181049109,-1.2846826314926147,0.0006775856018066406,9.809453010559082,3.591412678360939e-08,0.0002717897586990148,-1.471750238124514e-05,180.03427889821145,-0.00039659548575343706,0.0030082042484239715
121.6000018119812,-0.7447615265846252,-0.0021030306816101074,9.809407234191895,-9.1170659288764e-07,-0.0006754730711691082,-5.550815330934711e-06,180.0279814637967,-0.00040053668369921525,0.003008200684551079
121.70000181347132,-0.03782987222075462,0.0025296323001384735,9.809752464294434,8.979113772511482e-07,-0.0006157415336929262,-9.907262210617773e-08,180.0279814637967,-0.000404474523350018,0.003008197120678187
121.80000181496143,-0.21209123730659485,0.00012032687664031982,9.810187339782715,1.1076917871832848e-07,0.0002975484821945429,8.086202569757006e-07,180.0279814637967,-0.00040839337854947644,0.0030081935568052943
121.90000181645155,-0.9651724696159363,-0.001988351345062256,9.810047149658203,-5.411566235125065e-07,0.0006501857424154878,1.2645920151044265e-06,180.0279814637967,-0.0004122256727612239,0.003008189992932402
122.00000181794167,-1.14210844039917,-0.03202259540557861,9.809754371643066,-1.5242483641486615e-05,-5.3083473176229745e-05,-0.0009337454102933407,180.0279814637967,-0.00041595553987860967,0.0030081897187883336
122.10000181943178,-0.29605838656425476,0.005152851343154907,9.809548377990723,2.53431499004364e-05,-0.0016346970805898309,0.00024764976114965975,180.0279814637967,-0.0004196588835725379,0.003008188622212059
122.2000018209219,1.4486668109893799,0.02936112880706787,9.809446334838867,-7.0463865995407104e-06,-0.0017139794072136283,3.545364052115474e-06,180.0279814637967,-0.00042349230862726017,0.003008185058339167
122.30000182241201,1.904602289199829,-0.0008493661880493164,9.809638977050781,-1.9117724150419235e-06,-0.0019588337745517492,-2.935592192443437e-06,180.0279814637967,-0.00042749659395724393,0.003008181768610343
122.40000182390213,3.4060723781585693,-0.004027128219604492,9.808012962341309,1.257285475730896e-08,-0.002639790764078498,-5.18281649419805e-06,180.01979889717103,-0.0004318064471249272,0.0030081782047374508
122.50000182539225,4.406429767608643,0.000522613525390625,9.838399887084961,-2.0477455109357834e-07,0.0015637148171663284,-3.964245820498036e-07,180.0279814637967,-0.00043651151324297643,0.003008174640864558
122.60000182688236,1.8848463296890259,-0.0008386373519897461,9.778068542480469,2.7532223612070084e-08,0.0007122315000742674,-1.9431090549915098e-06,180.01979889717103,-0.00044138541784377594,0.003008171076991666
122.70000182837248,2.8964827060699463,-0.003795146942138672,9.802846908569336,-1.76264438778162e-06,-0.0010372876422479749,-9.494634468865115e-06,180.0279814637967,-0.0004465189711311268,0.0030081675131187736
122.8000018298626,4.354313373565674,-0.02659749984741211,9.807760238647461,-2.5581219233572483e-05,-0.0013771492522209883,-0.001319411676377058,180.01979889717103,-0.0004520429398411352,0.003008166690686568
122.90000183135271,5.075198650360107,0.008216381072998047,9.806904792785645,2.9710587114095688e-05,-0.0010857995366677642,0.0008362046792171896,180.00000500895632,-0.0004580219877112768,0.0030081644975340186
123.00000183284283,5.395387649536133,0.01096963882446289,9.80550479888916,1.5195866581052542e-05,-0.0006974322022870183,-0.0024972069077193737,180.01979889717103,-0.0004644848313262173,0.003008161207805195
123.10000183433294,5.589315891265869,0.0027184486389160156,9.804343223571777,-2.2760068532079458e-05,-0.00033769209403544664,0.0022206574212759733,180.01979889717103,-0.0004714487417629698,0.0030081579180763715
123.20000183582306,5.128297328948975,0.000762939453125,9.805102348327637,1.4472752809524536e-06,0.002033932600170374,-0.0003661376249510795,180.01979889717103,-0.0004788723575330778,0.003008153805915342
123.30000183731318,1.9284075498580933,-0.008298039436340332,9.809981346130371,3.404775634407997e-05,0.005122761242091656,0.0014799500349909067,180.01979889717103,-0.00048646858127199266,0.003008150790330587
123.40000183880329,-1.500174641609192,0.0057544708251953125,9.810843467712402,-3.591878339648247e-05,0.004974953830242157,-0.0001157948499894701,180.03427889821145,-0.0004939298233068712,0.0030081472264576943
123.50000184029341,-2.7049734592437744,-0.0011682510375976562,9.809224128723145,1.7711427062749863e-06,0.003134999191388488,-1.4441904568229802e-05,180.0279814637967,-0.0005011482079737561,0.003008143662584802
123.60000184178352,-2.6349613666534424,0.0037965774536132812,9.8085355758667,-2.4937326088547707e-06,0.0013750243233516812,2.47593402491475e-06,180.0279814637967,-0.0005081301091252044,0.003008140372855978
123.70000184327364,-1.6066598892211914,0.000796198844909668,9.808773040771484,-1.5746918506920338e-06,-0.0008913347264751792,2.0098382265132386e-06,180.0279814637967,-0.0005149679475380253,0.003008136808983086
123.80000184476376,0.5730851292610168,-0.0027688145637512207,9.809307098388672,-3.834720700979233e-07,-0.0026574968360364437,-3.0132100619084667e-06,180.0279814637967,-0.0005218573936076609,0.0030081332451101935
123.90000184625387,2.5440123081207275,0.0012731552124023438,9.809242248535156,-1.2351665645837784e-06,-0.0020750558469444513,-5.620899173663929e-06,180.0279814637967,-0.0005289750988595188,0.0030081296812373014
124.00000184774399,2.477654457092285,0.013610363006591797,9.809770584106445,3.380674752406776e-05,0.00033995756530202925,0.0014873871114104986,180.03427889821145,-0.0005363151349513373,0.003008124746644066
124.1000018492341,0.4662286043167114,-0.0077755749225616455,9.810879707336426,-3.706617280840874e-05,0.002545841969549656,-0.00014020840171724558,180.03957912500738,-0.0005436968752121629,0.0030081206344830364
124.20000185072422,-1.4573615789413452,-0.0090789794921875,9.81023120880127,2.380460500717163e-06,0.002637634053826332,-2.0353609215817414e-05,180.03957912500738,-0.0005509477116873995,0.003008117070610144
124.30000185221434,-2.1384999752044678,0.0038421154022216797,9.809343338012695,-1.4634570106863976e-06,0.0015184904914349318,7.710672207394964e-07,180.03427889821145,-0.0005580066815724649,0.0030081135067372517
124.40000185370445,-1.5650038719177246,-0.0015194416046142578,9.808995246887207,-8.557399269193411e-07,-0.0002574581594672054,2.237431544926949e-06,180.03427889821145,-0.0005649252897086399,0.003008109942864359
124.50000185519457,0.034602489322423935,0.002488326281309128,9.809389114379883,-3.2980460673570633e-07,-0.0018502975581213832,-1.3498284943125327e-06,180.03427889821145,-0.0005718470847710933,0.0030081066531355356
124.60000185668468,1.7255758047103882,-0.0010603666305541992,9.809525489807129,-4.5890919864177704e-07,-0.00178556761238724,-3.95337383451988e-06,180.03427889821145,-0.0005789238054916268,0.003008103089262643
124.7000018581748,2.0261728763580322,-0.0035963058471679688,9.809870719909668,-3.468599607003853e-05,-7.959279901115224e-05,-0.0014806713443249464,180.0279814637967,-0.0005861823179884595,0.003008099525389751
124.80000185966492,0.7167285680770874,0.0021609067916870117,9.810558319091797,3.799039404839277e-05,0.001761914580129087,0.0001513422030257061,180.0279814637967,-0.0005935050487408944,0.0030080959615168584
124.90000186115503,-0.9288297891616821,0.015615105628967285,9.81042194366455,2.887379378080368e-05,0.0022473493590950966,0.00145093840546906,180.03427889821145,-0.000600744371169526,0.003008091026923623
125.00000186264515,-1.694137454032898,-0.011433124542236328,9.809611320495605,-3.503530751913786e-05,0.001410937518812716,-0.00013666984159499407,180.03957912500738,-0.0006078316121573835,0.003008087188906662
125.10000186413527,-1.3057053089141846,-0.0016831159591674805,9.80929183959961,3.6234887375030667e-06,-3.2506417483091354e-05,-2.1580444808932953e-05,180.03427889821145,-0.0006148017251064175,0.00300808362503377
125.20000186562538,-0.06026476249098778,-0.0024528764188289642,9.809487342834473,2.2712629288434982e-07,-0.0013072893489152193,-4.609950337908231e-06,180.03427889821145,-0.0006217665607692879,0.0030080803353049464
125.3000018671155,1.2451738119125366,0.0017418861389160156,9.809674263000488,-1.5826663002371788e-06,-0.0013163165422156453,-3.36467405759322e-06,180.03427889821145,-0.000628843110163757,0.003008076771432054
125.40000186860561,1.528656005859375,-0.0009326934814453125,9.809957504272461,-3.025925252586603e-07,-8.172077650669962e-05,-2.4847004169714637e-06,180.03427889821145,-0.0006360569371821612,0.0030080732075591617
125.50000187009573,0.6107244491577148,-0.0028638243675231934,9.81046199798584,-3.29816248267889e-05,0.0013113149907439947,-0.001448149443604052,180.0279814637967,-0.0006433253874007505,0.003008069643686269
125.60000187158585,-0.6193398237228394,0.005308270454406738,9.810324668884277,3.665464464575052e-05,0.0017431220039725304,0.0001491724542574957,180.0279814637967,-0.0006505382549164551,0.003008065805669308
125.70000187307596,-1.2267515659332275,-0.00689244270324707,9.809782028198242,-2.6695197448134422e-06,0.0011469718301668763,2.8650210879277438e-05,180.03427889821145,-0.0006576409850538312,0.003008062790084553
125.80000187456608,-0.9532623291015625,0.0054756999015808105,9.809562683105469,-3.1355739338323474e-07,7.058976916596293e-05,6.126113476057071e-06,180.0279814637967,-0.0006646582507698895,0.003008059226211661
125.9000018760562,-0.052512433379888535,3.5803765058517456e-05,9.809635162353516,-1.5384284779429436e-07,-0.0008232251275330782,1.2101048696422367e-07,180.0279814637967,-0.0006716707875256134,0.0030080556623387684
126.00000187754631,0.8498987555503845,-0.0029047131538391113,9.80978012084961,-2.2264430299401283e-07,-0.0008202489116229117,-1.5127023971217568e-06,180.0279814637967,-0.0006787597419162239,0.0030080520984658763
126.10000187903643,1.0355758666992188,0.00200498104095459,9.810039520263672,6.529426173074171e-07,2.6712397811934352e-05,-1.2730222351819975e-06,180.0279814637967,-0.0006859414940834085,0.0030080485345929837
126.20000188052654,0.42092034220695496,-0.00019484758377075195,9.810332298278809,4.4767512008547783e-07,0.0009676295449025929,2.3239168456257175e-07,180.0279814637967,-0.0006931610781322206,0.00300804524486416
126.30000188201666,-0.4080875813961029,-0.002290070056915283,9.810236930847168,1.7462298274040222e-09,0.001267102314159274,1.7705875734463916e-06,180.0279814637967,-0.0007003439268800093,0.003008041680991268
126.40000188350677,-0.8138551712036133,0.002907872200012207,9.809882164001465,-4.634493961930275e-07,0.0008557523251511157,2.4823266357998364e-06,180.0279814637967,-0.0007074537847557849,0.0030080381171183755
126.50000188499689,-0.6164988279342651,0.022981762886047363,9.809710502624512,4.428550892043859e-05,0.00012211169814690948,0.002002967754378915,180.03427889821145,-0.0007145082655313217,0.0030080326342370027
126.60000188648701,-0.0072700888849794865,-0.012484906241297722,9.8097562789917,-5.272010457701981e-05,-0.0004358128644526005,-0.00023137933749239892,180.03957912500738,-0.000721562198023662,0.003008027973787836
126.70000188797712,0.550345242023468,-0.010355174541473389,9.80990219116211,3.176304744556546e-06,-0.0003981808549724519,-4.0285794966621324e-05,180.03957912500738,-0.0007286655449973978,0.0030080244099149438
126.80000188946724,0.6344966292381287,-0.002904534339904785,9.810088157653809,-4.7151115722954273e-07,0.00015346944564953446,-7.4112590482400265e-06,180.03957912500738,-0.0007358257083041053,0.0030080208460420512
126.90000189095736,0.23618096113204956,0.0023542046546936035,9.810182571411133,-1.9666622392833233e-06,0.0007218414102680981,-9.414058581569407e-07,180.03957912500738,-0.0007430071863296916,0.0030080175563132277
127.00000189244747,-0.26624175906181335,0.00018700957298278809,9.81015682220459,-1.402979250997305e-06,0.0008877768996171653,1.1101020618298207e-06,180.03957912500738,-0.0007501646767593684,0.003008013992440335
127.10000189393759,-0.49607592821121216,-0.002160876989364624,9.809928894042969,-2.9872171580791473e-07,0.0006138120661489666,1.4576661442333716e-06,180.03957912500738,-0.0007572776872848408,0.003008010428567443
127.2000018954277,-0.3511405289173126,0.002742946147918701,9.80982494354248,-4.1944440454244614e-07,0.00015898105630185455,8.586615649619489e-07,180.03957912500738,-0.0007643591027459706,0.0030080068646945505
127.30000189691782,0.02042478509247303,-0.0025032255798578262,9.809873580932617,-2.134765964001417e-08,-0.00014758951147086918,-5.176711326271288e-08,180.03957912500738,-0.0007714424371698669,0.0030080033008216584
127.40000189840794,0.3358593285083771,0.0022878944873809814,9.809953689575195,-3.1991658033803105e-07,-9.705212869448587e-05,-4.968885605194373e-07,180.03957912500738,-0.0007785558589290531,0.003008000011092835
127.50000189989805,0.36106815934181213,-0.00022870302200317383,9.810052871704102,4.1170278564095497e-07,0.0002315998135600239,-1.7305316646343272e-07,180.03957912500738,-0.0007857017667589616,0.0030079964472199423
127.60000190138817,0.12093907594680786,-0.002569541335105896,9.810162544250488,2.811430022120476e-07,0.0005536486278288066,5.045485522714444e-07,180.03957912500738,-0.0007928585032601632,0.00300799288334705
127.70000190287828,-0.16625352203845978,0.002620682120323181,9.810039520263672,-5.694455467164516e-07,0.0006379498518072069,1.0961762200167868e-06,180.03957912500738,-0.0008000002989376753,0.0030079893194741576
127.8000019043684,-0.29151642322540283,0.00020357966423034668,9.809953689575195,-1.5981204342097044e-06,0.0004656173987314105,9.394044013788516e-07,180.03957912500738,-0.0008071159138438588,0.0030079857556012655
127.90000190585852,-0.1927890032529831,-0.0023619085550308228,9.8099365234375,2.1323940018191934e-06,0.00019732215150725096,6.129583880465361e-07,180.03957912500738,-0.0008142141891340771,0.0030079824658724415
128.00000190734863,0.027407603338360786,0.002492213621735573,9.80991268157959,2.621673047542572e-07,3.256038326071575e-05,3.2237903724308126e-07,180.03957912500738,-0.0008213150002802649,0.0030079789019995494
128.10000190883875,0.19952650368213654,-0.002621755003929138,9.809957504272461,-6.2951585277915e-08,7.685809396207333e-05,-1.0215189405471392e-07,180.03957912500738,-0.000828433699297193,0.003007975338126657
128.20000191032887,0.20088858902454376,0.0023774057626724243,9.810063362121582,-9.630457498133183e-08,0.00027030185447074473,-2.3998421738724574e-07,180.03957912500738,-0.0008355704233053984,0.0030079717742537647
128.30000191181898,0.008218553848564625,5.061738193035126e-06,9.810097694396973,2.054439391940832e-06,0.000634247378911823,7.64310698286863e-07,180.03957912500738,-0.0008427079011994465,0.003007968210380872
128.4000019133091,-0.4736438989639282,-0.0021758079528808594,9.810141563415527,-4.880130290985107e-07,0.001183914253488183,2.289384610776324e-06,180.03957912500738,-0.0008498028182515327,0.0030079649206520486
128.5000019147992,-1.2115395069122314,0.003312826156616211,9.809986114501953,6.402842700481415e-08,0.0014590071514248848,3.6359333535074256e-06,180.03957912500738,-0.0008567890371438125,0.0030079613567791565
128.60000191628933,-1.7175076007843018,0.001147627830505371,9.809493064880371,-3.5669654607772827e-07,0.0011569730704650283,4.657556019083131e-06,180.03957912500738,-0.0008636212556183409,0.003007957792906264
128.70000191777945,-1.709208607673645,-0.0013581514358520508,9.809329986572266,1.7153797671198845e-07,0.0005026058643124998,3.9005690268822946e-06,180.03957912500738,-0.0008703002275751714,0.003007954229033372
128.80000191926956,-1.2671215534210205,0.0033489465713500977,9.809392929077148,3.9309088606387377e-07,-0.00012226410035509616,2.6431582682562293e-06,180.03957912500738,-0.000876865498256052,0.0030079506651604793
128.90000192075968,-0.7033625245094299,0.025599658489227295,9.809711456298828,2.7065223548561335e-05,-0.00034811822115443647,0.0013266049791127443,180.04847203130674,-0.0008833678528787914,0.003007944908135038
129.0000019222498,-0.4046947956085205,0.015423387289047241,9.809935569763184,-6.2442049966193736e-06,-5.735681770602241e-05,0.0011608247878029943,180.05235157875532,-0.0008898340204837041,0.0030079377803892532
129.1000019237399,-0.5458505153656006,-0.0019974708557128906,9.81008529663086,-3.1141709769144654e-05,0.000480751070426777,-0.00018023788288701326,180.05235157875532,-0.0008962512533940981,0.0030079306526434686
129.20000192523003,-0.9699430465698242,0.0008785724639892578,9.810006141662598,2.727028913795948e-06,0.0008437181240878999,-2.658694938872941e-05,180.05235157875532,-0.0009025814455583259,0.003007923799041753
129.30000192672014,-1.3247932195663452,0.001195073127746582,9.809730529785156,5.668844096362591e-07,0.0008103714790195227,-1.027260168484645e-06,180.04847203130674,-0.0009087929333162492,0.0030079166712959683
129.40000192821026,-1.3750468492507935,0.0037397146224975586,9.809584617614746,5.22733898833394e-07,0.0004704960447270423,2.489923872417421e-06,180.04847203130674,-0.0009148811247854383,0.003007909817694252
129.50000192970037,-1.1274311542510986,-0.0014818906784057617,9.80954647064209,-9.82792698778212e-07,7.410420948872343e-05,2.4902292352635413e-06,180.04847203130674,-0.0009208682256343081,0.0030079026899484675
129.6000019311905,-0.7532716989517212,0.0006833672523498535,9.80976676940918,7.746348273940384e-07,-0.0001019247283693403,1.7752997791831149e-06,180.04847203130674,-0.0009267878185283962,0.003007895562202683
129.7000019326806,-0.5272750854492188,-0.022018730640411377,9.809893608093262,-6.815753295086324e-07,5.874292764929123e-05,1.6078762428151094e-06,180.04847203130674,-0.0009326601900596643,0.003007890627609447
129.80000193417072,-0.5927785038948059,-0.014459967613220215,9.810026168823242,-1.199805410578847e-06,0.0004161628894507885,1.9599679035309236e-06,180.04847203130674,-0.0009384795147582281,0.0030078873378806235
129.90000193566084,-0.8567156195640564,-0.0017237663269042969,9.809958457946777,-5.566980689764023e-07,0.0006885274196974933,2.7726910047931597e-06,180.04847203130674,-0.0009442220105597698,0.0030078837740077314
130.00000193715096,-1.1120299100875854,0.003504633903503418,9.809809684753418,-4.2852479964494705e-07,0.0006933416007086635,3.279502379882615e-06,180.04847203130674,-0.0009498647179242425,0.003007880210134839
130.10000193864107,-1.163464903831482,0.0010505914688110352,9.809708595275879,1.0782096069306135e-06,0.000461980642285198,2.7832513751491206e-06,180.04847203130674,-0.0009554031820186992,0.0030078766462619468
130.2000019401312,-0.9846283197402954,-0.001609504222869873,9.80967903137207,-5.101901479065418e-07,0.00017532763013150543,2.6702546165324748e-06,180.04847203130674,-0.0009608533716800594,0.0030078730823890542
130.3000019416213,-0.7180817723274231,0.0030448436737060547,9.809768676757812,-2.066544402623549e-05,4.064413224114105e-05,-0.0011344741797074676,180.04847203130674,-0.0009662392060647562,0.0030078697926602307
130.40000194311142,-0.5465431213378906,-0.0020529627799987793,9.809944152832031,2.8522670618258417e-05,0.00015723273099865764,0.00016717409016564488,180.0442509743997,-0.0009715761057265127,0.003007866228787338
130.50000194460154,-0.5852059125900269,0.0028842687606811523,9.809962272644043,-2.0446808775886893e-05,0.00042836781358346343,-0.001090915291570127,180.03957912500738,-0.0009768605753208703,0.003007862664914446
130.60000194609165,-0.800359308719635,0.00046074390411376953,9.809995651245117,1.0651303455233574e-05,0.0006367405294440687,-0.0009329632157459855,180.03427889821145,-0.000982073219191193,0.003007859101041554
130.70000194758177,-0.9868561625480652,-0.00189131498336792,9.80980396270752,2.4814275093376637e-05,0.0006344696157611907,0.00018341639952268451,180.03957912500738,-0.0009871974515789361,0.0030078555371686614
130.80000194907188,-1.0169786214828491,0.0031337738037109375,9.809795379638672,-4.754896508529782e-06,0.00044330983655527234,2.7638987376121804e-05,180.03957912500738,-0.0009922305310681168,0.003007852247439838
130.900001950562,-0.8606413006782532,0.0005345940589904785,9.809718132019043,9.749783203005791e-08,0.00021183487842790782,5.774335932073882e-06,180.03957912500738,-0.0009971864390081464,0.0030078486835669453
131.00000195205212,-0.641636848449707,-0.0020989179611206055,9.809854507446289,-7.00718373991549e-07,0.00011301806807750836,2.2498384169011842e-06,180.03957912500738,-0.0010020847766867291,0.003007845119694053
131.10000195354223,-0.5064069032669067,-0.01226431131362915,9.809937477111816,-1.4539036783389747e-05,0.00023280043387785554,-0.0010439568432047963,180.0279814637967,-0.0010069378120647343,0.003007842926541504
131.20000195503235,-0.5713533163070679,0.010309278964996338,9.809969902038574,2.5101122446358204e-05,0.00047332129906862974,0.00016561942175030708,180.0279814637967,-0.0010117396510338494,0.003007839910956749
131.30000195652246,-0.7590240836143494,-0.019691765308380127,9.80997085571289,-1.7333542928099632e-05,0.0006385770393535495,-0.0009931045351549983,180.01979889717103,-0.0010164734337223535,0.0030078385402364056
131.40000195801258,-0.9129720330238342,0.005406677722930908,9.809869766235352,2.49813892878592e-05,0.0006072749965824187,0.00016506672545801848,180.01979889717103,-0.0010211253844261137,0.0030078366212279253
131.5000019595027,-0.9080501198768616,0.017910301685333252,9.809744834899902,-3.428373020142317e-06,0.0004145422135479748,2.3017342755338177e-05,180.0279814637967,-0.0010256958458114696,0.0030078333314991017
131.6000019609928,-0.293245792388916,0.002638012170791626,9.806257247924805,-8.887145668268204e-07,-0.0024816112127155066,7.3445662565063685e-06,180.0279814637967,-0.0010302401264254968,0.003007829767626209
131.70000196248293,-5.262966156005859,-0.01769733428955078,9.788538932800293,-5.159527063369751e-07,0.011395932175219059,4.848989647143753e-06,180.01979889717103,-0.0010343123309439761,0.003007827848617729
131.80000196397305,-5.887558937072754,-0.017425060272216797,9.822284698486328,-1.2335367500782013e-06,-0.004613119643181562,-1.7038038322425564e-06,180.0279814637967,-0.0010378562598702956,0.003007827848617729
131.90000196546316,2.2614803314208984,-0.0009775161743164062,9.817329406738281,-1.41095370054245e-07,-0.00561837013810873,-3.8233506529650185e-06,180.0279814637967,-0.001041603535142599,0.003007827848617729
132.00000196695328,4.105246543884277,0.025719642639160156,9.808572769165039,-7.506459951400757e-07,-0.004501488525420427,-5.449999662232585e-06,180.0279814637967,-0.001045719397112066,0.003007825381321111
132.1000019684434,4.488204002380371,0.00771331787109375,9.83117961883545,2.2128457203507423e-05,-0.0012247358681634068,0.0011020866222679615,180.0279814637967,-0.0010502379082026891,0.0030078220915922874
132.2000019699335,0.4485463798046112,0.002263188362121582,9.78775691986084,-1.4061108231544495e-05,0.009994614869356155,-0.00019729214545805007,180.0279814637967,-0.0010547965813856308,0.003007818527719395
132.30000197142363,-18.055477142333984,-0.017858505249023438,9.75089168548584,2.684071660041809e-06,0.021736830472946167,-2.4347715225303546e-05,180.0279814637967,-0.001057734788957987,0.00300781743114312
132.40000197291374,-11.209126472473145,-0.006520271301269531,9.8094482421875,1.123175024986267e-06,-0.0098571190610528,-1.895697096188087e-06,180.03427889821145,-0.001059667710251233,0.00300781743114312
132.50000197440386,2.9089789390563965,0.025833606719970703,9.8145751953125,8.764676749706268e-06,-0.008806958794593811,0.0005971865030005574,180.0279814637967,-0.0010618625076688204,0.0030078149638465028
132.60000197589397,4.235087871551514,-0.02745199203491211,9.810561180114746,-1.7192214727401733e-05,-0.006682578474283218,-0.00020665516785811633,180.03427889821145,-0.0010644376799859856,0.003007814689702434
132.7000019773841,5.53923225402832,0.033989906311035156,9.80675220489502,2.210168167948723e-05,-0.0044621010310947895,0.0008462945115752518,180.03427889821145,-0.0010675101496389061,0.0030078111258295417
132.8000019788742,5.813602447509766,-0.006196022033691406,9.805059432983398,-2.3592961952090263e-05,-0.0023315998259931803,-0.00026779616018757224,180.03957912500738,-0.0010711039042092807,0.0030078075619566495
132.90000198036432,5.213375568389893,-0.035387516021728516,9.8052978515625,-1.4184784959070385e-05,9.766667790245265e-05,-0.0010669974144548178,180.0279814637967,-0.0010751652115317256,0.0030078072878125806
133.00000198185444,2.7662999629974365,0.5903007984161377,9.808774948120117,0.000913884025067091,0.004162885714322329,0.04702162370085716,180.24470336616122,-0.0010794740709201278,0.003007752733142921
133.10000198334455,-1.6091569662094116,0.13518881797790527,9.811378479003906,-0.0006999694742262363,0.005249648354947567,0.023826219141483307,180.411660510233,-0.0010836381137266926,0.003007687486854585
133.20000198483467,-3.282144069671631,-0.029692411422729492,9.808991432189941,-0.00026411889120936394,0.003438472282141447,0.01723240688443184,180.51927697079572,-0.0010875074516292216,0.003007627449303553
133.3000019863248,-2.6939303874969482,1.3551676273345947,9.807323455810547,0.0028106849640607834,-0.00044592772610485554,0.13665811717510223,181.10269806931987,-0.0010911329384128976,0.003007451174667417
133.4000019878149,0.640665590763092,0.6027610898017883,9.808430671691895,-0.0012166453525424004,-0.003634480759501457,0.0915059819817543,181.66695365703296,-0.0010948142820268458,0.003007219248785348
133.50000198930502,3.6125075817108154,0.053232431411743164,9.808292388916016,-0.00020252098329365253,-0.003843478625640273,0.08145605772733688,182.133783426425,-0.0010988195954126923,0.003006970325971023
133.60000199079514,4.498711585998535,2.3683390617370605,9.817285537719727,0.011883762665092945,-0.0022736890241503716,0.33256688714027405,183.42817257603411,-0.0011032150158030163,0.0030064864616898735
133.70000199228525,4.290196895599365,3.0370373725891113,9.810015678405762,0.0007832762785255909,-7.115356856957078e-05,0.3593657314777374,185.28599769065593,-0.00110796853687134,0.0030056966526281217
133.80000199377537,3.05190110206604,0.9988484382629395,9.78396987915039,-1.5370373148471117e-05,0.0007928234990686178,0.27172836661338806,186.86113493590923,-0.0011129830431002574,0.0030047859460320993
133.90000199526548,2.8137896060943604,3.034001111984253,9.800333976745605,0.013478227891027927,-0.0015558693557977676,0.541770339012146,189.2273583512118,-0.0011182030203116256,0.0030035676497910634
134.0000019967556,3.5884933471679688,6.801609516143799,9.78555679321289,0.014411401934921741,0.0026101097464561462,0.8197145462036133,193.29018709596716,-0.001123596393640014,0.0030016837317513693
134.10000199824572,4.26698112487793,5.276907444000244,9.790995597839355,0.0009099237504415214,0.001213299809023738,0.7278155088424683,197.54131049576142,-0.0011292125775810291,0.0029992350769302767
134.20000199973583,4.459250450134277,5.973124980926514,9.781661987304688,0.015965400263667107,0.004526536911725998,0.9811980128288269,202.41185009100582,-0.0011349953040280525,0.0029961413611156746
134.30000200122595,4.3078203201293945,7.394186496734619,9.773885726928711,0.004817049019038677,0.003666370175778866,0.9534584283828735,207.85118051957218,-0.0011408109962900426,0.0029922836057817725
134.40000200271606,3.642852783203125,8.410446166992188,9.760087013244629,0.016367964446544647,0.010065262205898762,1.2194629907608032,214.07148843821616,-0.0011464768003008885,0.002987621237606412
134.50000200420618,0.004326820373535156,11.237360000610352,9.738446235656738,0.008158287964761257,0.013939891010522842,1.332183837890625,221.42262979660413,-0.0011514785588246923,0.0029822060698185666
134.6000020056963,-2.958113670349121,11.568756103515625,9.727081298828125,0.007728883996605873,0.015074778348207474,1.4321084022521973,229.3159515713077,-0.0011555241028418095,0.0029763185518004542
134.7000020071864,-4.560774803161621,13.001337051391602,9.702752113342285,0.010481351986527443,0.017026491463184357,1.593115210533142,237.90253754676758,-0.001158368621688055,0.0029701607277306625
134.80000200867653,-3.0445027351379395,12.261163711547852,9.712968826293945,-0.0008054316276684403,0.009387293830513954,1.4425185918807983,246.4283894801277,-0.0011601008009876068,0.0029638153891179213
134.90000201016665,1.1458396911621094,8.05521011352539,9.7574462890625,-0.005191644188016653,0.003308872226625681,1.1615207195281982,253.57645565411283,-0.0011611736638172943,0.002957167943741539
135.00000201165676,3.5043396949768066,4.848386287689209,9.785445213317871,-0.007598143070936203,0.0002302562934346497,0.8449986577033997,259.0051992894657,-0.0011618832857323014,0.0029501290206351387
135.10000201314688,3.8043718338012695,2.3597640991210938,9.800949096679688,-0.008409443311393261,0.0007804620545357466,0.5376425981521606,262.6533399289529,-0.0011624295177767863,0.0029427249376293096
135.200002014637,1.0367331504821777,1.7860265970230103,9.806057929992676,-0.004181136377155781,0.003452938748523593,0.3956550061702728,265.1519324103703,-0.0011628259300948685,0.002935214760868917
135.3000020161271,-1.7812517881393433,1.5218342542648315,9.807303428649902,-0.0043646530248224735,0.002919210121035576,0.25399357080459595,266.8499994003055,-0.0011630788280143634,0.00292785673406662
135.40000201761723,-2.5756194591522217,0.9381062984466553,9.807587623596191,-0.003431829623878002,0.001279713585972786,0.16003161668777466,267.9256175907991,-0.0011632402988510648,0.0029207270692734994
135.50000201910734,-2.221597909927368,0.6232640743255615,9.808067321777344,-0.002508243778720498,-0.0003327536687720567,0.10440877825021744,268.61527545167365,-0.0011633417321661454,0.0029137947882098003
135.60000202059746,-0.931776225566864,0.41523170471191406,9.808823585510254,-0.0017186007462441921,-0.0022096517495810986,0.07073100656270981,269.0748925413021,-0.0011634053335995986,0.0029069458469429673
135.70000202208757,1.1320371627807617,0.2865699231624603,9.809326171875,-0.0011725372169166803,-0.003168769646435976,0.049388136714696884,269.3914308281972,-0.0011634445362034285,0.002899994375794463
135.8000020235777,2.4810874462127686,0.19359499216079712,9.80942153930664,-0.0008315480663441122,-0.0018547128420323133,0.03514272719621658,269.6150512216234,-0.0011634679755161415,0.0028928205738062915
135.9000020250678,1.7571253776550293,0.1391531378030777,9.81020736694336,-0.0006002221489325166,0.0005313631263561547,0.02485482208430767,269.774003383988,-0.0011634799007822494,0.0028854888648345836
136.00000202655792,-0.22421517968177795,0.09110566973686218,9.810770034790039,-0.00043078145245090127,0.0019520551431924105,0.01716979406774044,269.88508958064904,-0.0011634837388072583,0.0028781774425239554
136.10000202804804,-1.7086703777313232,0.05084063485264778,9.809934616088867,-0.00037183184758760035,0.0015070815570652485,0.009505716152489185,269.9527904157022,-0.0011634829163682525,0.0028710195408917652
136.20000202953815,-1.8847918510437012,0.02415158785879612,9.80922794342041,-0.0002271888079121709,0.00014715672296006233,0.005790489725768566,269.99218694683486,-0.001163480037860154,0.0028640307861499256
136.30000203102827,-0.9443731307983398,0.024519311264157295,9.809232711791992,-0.00012965788482688367,-0.0015029247151687741,0.004212551284581423,270.01882468459786,-0.0011634749661908472,0.0028571264677812276
136.4000020325184,0.7024045586585999,0.021106034517288208,9.80950927734375,-8.385340333916247e-05,-0.0024519404396414757,0.0032863658852875233,270.0390147237844,-0.0011634679755161415,0.0028501590962767423
136.5000020340085,1.8567299842834473,0.009774457663297653,9.809656143188477,-7.605265273014084e-05,-0.001635526423342526,0.001932636834681034,270.05234725304433,-0.0011634600253245253,0.0028430250451785236
136.60000203549862,1.4771559238433838,0.0060956766828894615,9.810194969177246,-5.107897231937386e-05,0.0001590092433616519,0.0010964316315948963,270.06005170642806,-0.0011634513898144405,0.0028357585824951522
136.70000203698874,0.030976710841059685,-0.007474527228623629,9.810583114624023,-5.847502325195819e-05,0.0013797981664538383,-0.00022591810557059944,270.0611445366953,-0.0011634434396228244,0.002828489378371094
136.80000203847885,-1.2256730794906616,-0.0036620208993554115,9.810102462768555,-1.1345537132001482e-05,0.0012043911265209317,-3.728274896275252e-05,270.0606254423184,-0.0011634359006507111,0.0028213303801626296
136.90000203996897,-1.4741710424423218,-0.003413400612771511,9.809496879577637,-9.446312105865218e-06,0.0001494140160502866,-4.481551968638087e-06,270.06051615929164,-0.001163428910004427,0.0028143035193952492
137.00000204145908,-0.7689471244812012,-0.010549867525696754,9.809438705444336,-5.098254405311309e-05,-0.0011465230491012335,-0.0014481933321803808,270.05502468719897,-0.0011634227417403054,0.002807345742933166
137.1000020429492,0.45734646916389465,0.0033420738764107227,9.809637069702148,3.687333446578123e-05,-0.0018681595101952553,0.0001740193401928991,270.053057592718,-0.0011634164364267008,0.0028003468448607872
137.20000204443932,1.3236976861953735,0.0037817112170159817,9.80979061126709,-6.749743533873698e-06,-0.0013163518160581589,2.62009707512334e-05,270.0534674040682,-0.0011634094457662059,0.0027932289682626186
137.30000204592943,1.0940619707107544,0.002739527728408575,9.810197830200195,-4.994250275558443e-07,-3.219690916012041e-05,3.00746114589856e-06,270.05354936633825,-0.0011634024550915,0.002786012948087877
137.40000204741955,0.07575216889381409,-0.026383915916085243,9.8104248046875,-6.34414391242899e-05,0.000877928570844233,-0.0020969060715287924,270.0454897431176,-0.001163397520485887,0.0027787903484554877
137.50000204890966,-0.8379109501838684,-0.01326393149793148,9.810102462768555,1.4424511391553096e-05,0.0007935268804430962,-0.0012460642028599977,270.0368837047634,-0.0011633938195387827,0.0027716428642979058
137.60000205039978,-1.0336191654205322,0.006893165409564972,9.809735298156738,3.9938720874488354e-05,3.581963028409518e-05,0.00019474361033644527,270.0354083839027,-0.0011633897074005972,0.0027645880408355243
137.7000020518899,-0.5334699749946594,0.0028384251054376364,9.809596061706543,-2.1874757294426672e-06,-0.000883158587384969,3.274596747360192e-05,270.03584551600954,-0.0011633853210923917,0.0027575814667292232
137.80000205338,0.309895396232605,-0.00018934243416879326,9.809749603271484,1.3478388609655667e-06,-0.001343551091849804,3.7313652683224063e-06,270.0359547990363,-0.0011633809347699753,0.0027505466557838525
137.90000205487013,0.8682833313941956,-0.0005340248462744057,9.809930801391602,1.621398723727907e-06,-0.0009629383566789329,-1.671070208431047e-06,270.0359547990363,-0.0011633765484617697,0.002743433987922988
138.00000205636024,0.7085230350494385,-0.0004334339464548975,9.810171127319336,5.939875791227678e-07,-0.00013274552475195378,-1.3721804634769796e-06,270.0359547990363,-0.001163372162167775,0.002736257718638199
138.10000205785036,0.05552506074309349,-2.405641134828329e-05,9.81024169921875,6.183304321893957e-07,0.0004559757944662124,1.8247675370730576e-07,270.0359547990363,-0.0011633677758595695,0.002729076788904243
138.20000205934048,-0.5302348136901855,0.00034309783950448036,9.810105323791504,4.34968882245812e-07,0.00041415239684283733,8.591696882831457e-07,270.0359547990363,-0.001163363389551364,0.0027219430119500934
138.3000020608306,-0.6581887006759644,0.0016731207724660635,9.809866905212402,-1.0792322200359195e-06,-8.929197792895138e-05,8.609470114606665e-07,270.0359547990363,-0.0011633590032431584,0.0027148684501147697
138.4000020623207,-0.3255805969238281,-0.00103556748945266,9.809737205505371,2.9194461603765376e-07,-0.0006762119010090828,-2.614306993109494e-07,270.0359547990363,-0.0011633546169491638,0.0027078232216947904
138.50000206381083,0.20496337115764618,-0.00011821547377621755,9.809854507446289,-1.8593743789097061e-07,-0.0009367192396894097,-1.5475424106625724e-06,270.0359547990363,-0.0011633502306409582,0.0027007596256222125
138.60000206530094,0.5329967141151428,-0.0003237663768231869,9.80997371673584,-1.3122449900038191e-06,-0.0006911094533279538,-1.446138981009426e-06,270.0359547990363,-0.0011633458443327527,0.0026936480543376224
138.70000206679106,0.4156235158443451,-0.012768751941621304,9.810100555419922,-4.5998833229532465e-05,-0.0001843232603278011,-0.0014836395857855678,270.03021744013347,-0.0011633426916830558,0.002686499473603766
138.80000206828117,0.02281803824007511,-0.015061130747199059,9.810174942016602,-2.278338570249616e-06,0.00016195922216866165,-0.0013160881353542209,270.0225129867497,-0.0011633407726776568,0.0026793486997173607
138.9000020697713,-0.32012927532196045,0.00387161155231297,9.810074806213379,3.866331098834053e-05,0.0001307649799855426,0.00018730656302068383,270.0208464205922,-0.001163338442438544,0.0026722264368140938
139.0000020712614,-0.3928871154785156,0.02150232531130314,9.809876441955566,4.422203710419126e-05,-0.0001869797706604004,0.0014976790407672524,270.02693894933185,-0.0011633343302719368,0.002665139538495681
139.10000207275152,-0.1753159910440445,-0.004900886211544275,9.809886932373047,-3.96527539123781e-05,-0.0005341803189367056,-0.00015839427942410111,270.0290426475962,-0.0011633304922753496,0.00265806854053325
139.20000207424164,0.13250517845153809,-0.016353515908122063,9.809903144836426,-4.184296994935721e-05,-0.0006653144955635071,-0.0015007430920377374,270.02300476036993,-0.0011633282991141414,0.0026509854802317986
139.30000207573175,0.3078126013278961,0.001148353097960353,9.810009956359863,4.1426505049457774e-05,-0.0005093044019304216,0.00016078415501397103,270.02090106210557,-0.0011633259689034503,0.002643875005523483
139.40000207722187,0.23537860810756683,0.0024231013376265764,9.810089111328125,-3.0970572879596148e-06,-0.0002192118699895218,2.715726259339135e-05,270.0213108734558,-0.0011633233645227392,0.0026367431475778137
139.500002078712,0.005193423945456743,0.0012585859512910247,9.81006908416748,-5.269794201012701e-07,-2.6916641218122095e-05,4.375863682071213e-06,270.02136551496915,-0.0011633207601420281,0.0026296110154880757
139.6000020802021,-0.19756825268268585,-0.0011659277370199561,9.810029029846191,1.53848054651462e-06,-5.327592953108251e-05,7.998497721928288e-07,270.02136551496915,-0.0011633181557897387,0.002622496702762799
139.70000208169222,-0.22520656883716583,0.016423925757408142,9.809976577758789,4.6641584049211815e-05,-0.00024191872216761112,0.0014683117624372244,270.0269935908452,-0.0011633141806868252,0.0026154024025545337
139.80000208318233,-0.09016438573598862,-0.018760336562991142,9.809910774230957,-8.686839282745495e-05,-0.000440652365796268,-0.001633350388146937,270.0234418924768,-0.0011633117133982296,0.0026083163266683272
139.90000208467245,0.09003507345914841,-2.249807039333973e-05,9.809942245483398,4.340286977821961e-05,-0.0005061431438662112,0.00013657458475790918,270.0209830243756,-0.0011633093831875385,0.0026012220264600614
140.00000208616257,0.1777055859565735,0.0024443475995212793,9.810015678405762,-1.8101168279827107e-06,-0.00041000379133038223,2.269561809953302e-05,270.02133819421243,-0.0011633067787926166,0.0025941121000398835
140.10000208765268,0.12523430585861206,0.0012138539459556341,9.810036659240723,-7.962752874846046e-07,-0.00024275880423374474,3.172579226884409e-06,270.02136551496915,-0.0011633041744403272,0.0025869906595688223
140.2000020891428,-0.00237072235904634,0.01381909940391779,9.81006908416748,4.445077138370834e-05,-0.00013662123819813132,0.0014742269413545728,270.0270209116019,-0.0011633001993374137,0.002579869219097761
140.30000209063292,-0.11502732336521149,-0.0024311889428645372,9.810009956359863,-4.128166619921103e-05,-0.00015654646267648786,-0.0001619262620806694,270.0290699683529,-0.0011632963613266156,0.002572758470245377
140.40000209212303,-0.12760508060455322,-0.0011757583124563098,9.809969902038574,1.924567186506465e-06,-0.00027015837258659303,-2.8079317416995764e-05,270.0286874777594,-0.0011632929345211096,0.002565659235443876
140.50000209361315,-0.05256853252649307,-0.0012133263517171144,9.809942245483398,1.653003778301354e-08,-0.000382531201466918,-5.247857188805938e-06,270.028632836246,-0.0011632893706519098,0.002558564386947473
140.60000209510326,0.06004442274570465,-1.9518969565979205e-05,9.8100004196167,-5.567017637986282e-07,-0.0004147922736592591,-1.4543835504809977e-06,270.028632836246,-0.0011632859438464038,0.002551464329713766
140.70000209659338,0.10263913124799728,-4.069828719366342e-05,9.809998512268066,-1.6317317204084247e-06,-0.0003560171171557158,-8.151129122779821e-07,270.02860551548935,-0.001163282379977204,0.002544355225725794
140.8000020980835,0.07013975828886032,0.0012255188776180148,9.809980392456055,-4.2665661226237717e-08,-0.0002605302433948964,-7.341716354858363e-07,270.02860551548935,-0.0011632788160937935,0.002537239542280174
140.9000020995736,-0.007415251340717077,-0.0012358066160231829,9.810117721557617,5.074258524473407e-08,-0.0002016329817706719,-4.1650812931948167e-07,270.02860551548935,-0.0011632753893024983,0.0025301246812667604
141.00000210106373,-0.07000450044870377,-0.011271133087575436,9.80997085571289,-4.3880445446120575e-05,-0.00021589598327409476,-0.0014720619656145573,270.02295011885656,-0.0011632729220139026,0.0025230158514228567
141.10000210255384,-0.06754790246486664,-0.002464910037815571,9.809961318969727,4.1792667616391554e-05,-0.0002826600393746048,0.0001624875294510275,270.0209283828622,-0.0011632705917890007,0.0025159136010366005
141.20000210404396,-0.030019503086805344,0.003771622199565172,9.809990882873535,-2.4940695766417775e-06,-0.00034696911461651325,2.760007009783294e-05,270.02133819421243,-0.0011632679874225005,0.0025088135438028933
141.30000210553408,0.04004841297864914,0.0012455013347789645,9.809990882873535,4.760420324601e-08,-0.0003628534032031894,4.09341009799391e-06,270.02142015648246,-0.0011632653830417894,0.0025017101968403625
141.4000021070242,0.055100101977586746,-0.0012601044727489352,9.809989929199219,7.047170811347314e-07,-0.0003268629952799529,4.138077969173537e-08,270.02142015648246,-0.0011632627786752892,0.0024946019152845963
141.5000021085143,0.04010103642940521,0.0012455013347789645,9.810009956359863,1.9165361209161347e-06,-0.0002711067791096866,-5.799851692245284e-07,270.02142015648246,-0.0011632600372450952,0.002487489795711869
141.60000211000443,-0.0024349777959287167,-0.0012386154849082232,9.81005859375,1.7151674569504394e-07,-0.00023916315694805235,-3.497583804801252e-07,270.02142015648246,-0.001163257432878595,0.002480378224427279
141.70000211149454,-0.042484331876039505,0.001276333467103541,9.80997085571289,-1.1820814904694998e-07,-0.0002492290805093944,-3.072891558986157e-07,270.02142015648246,-0.0011632548285263056,0.0024732702170155814
141.80000211298466,-0.042505696415901184,-0.0012236665934324265,9.810009956359863,-5.374294573812222e-07,-0.00028907874366268516,-3.8185876860552526e-07,270.02142015648246,-0.0011632522241313836,0.0024661663217649134
141.90000211447477,-0.010004756972193718,0.0012641873909160495,9.809931755065918,-5.174298962629109e-07,-0.00032544179703108966,-4.2042108816531254e-07,270.02142015648246,-0.0011632496197790942,0.0024590629748023826
142.0000021159649,0.020054442808032036,0.013813703320920467,9.810078620910645,4.619431638275273e-05,-0.00033250823616981506,0.0014722103951498866,270.02707555311525,-0.0011632456446761807,0.00245195798297544
142.100002117455,0.03007590025663376,-0.002499548252671957,9.809942245483398,-4.053569136885926e-05,-0.00031103205401450396,-0.00016425707144662738,270.0290699683529,-0.0011632418066653827,0.002444850249707811
142.20000211894512,0.0275777205824852,-0.001253308029845357,9.810049057006836,2.4508051410521148e-06,-0.00027946438058279455,-2.858646257664077e-05,270.0286874777594,-0.0011632383798598767,0.002437740049143564
142.30000212043524,-0.002445659600198269,-0.0012383006978780031,9.809990882873535,9.266266260965494e-07,-0.00026142661226913333,-5.1994261411891785e-06,270.028632836246,-0.001163234815990677,0.0024306301227233857
142.40000212192535,-0.027473097667098045,2.417300856905058e-05,9.809990882873535,-1.5368243566626916e-06,-0.00026888330467045307,-1.2310464398979093e-06,270.02860551548935,-0.0011632313891851709,0.0024235229377438943
142.50000212341547,-0.024973096325993538,2.2925545636098832e-05,9.810049057006836,4.7514237166979e-07,-0.0002915863005910069,-7.499327239202103e-07,270.02860551548935,-0.0011632278253159711,0.002416417397628814
142.6000021249056,-0.0024724784307181835,0.0012616972671821713,9.809922218322754,-8.434568599113845e-09,-0.0003120360488537699,-4.592014590798499e-07,270.02860551548935,-0.0011632242614325605,0.00240931267994594
142.7000021263957,0.010041270405054092,-0.013803078792989254,9.810009956359863,-4.45266196038574e-05,-0.0003156675666105002,-0.001473268843255937,270.02295011885656,-0.0011632217941439649,0.002402206591542723
142.80000212788582,0.020063141360878944,3.1498875614488497e-06,9.810019493103027,4.1805349610513076e-05,-0.00030206231167539954,0.00016326298646163195,270.0209283828622,-0.0011632196009827567,0.002395098858275094
142.90000212937593,0.007564081344753504,0.0025076570454984903,9.8100004196167,-2.3335944661084795e-06,-0.0002837033534888178,2.769248021650128e-05,270.02133819421243,-0.0011632169966304673,0.002387990302575259
143.00000213086605,0.002563615795224905,0.0012595192529261112,9.810049057006836,2.1527620219785604e-07,-0.0002744776429608464,4.226947567076422e-06,270.02133819421243,-0.0011632142551860625,0.0023808820210194925
143.10000213235617,-0.017467724159359932,-0.0012330097379162908,9.809903144836426,-3.2223599077951803e-07,-0.00027902782312594354,4.952608492203581e-07,270.02142015648246,-0.0011632116508195622,0.002373774836040001
143.20000213384628,-0.007467255461961031,1.3253235920274165e-05,9.810078620910645,8.554607120458968e-07,-0.0002929442562162876,-3.125500995793118e-07,270.02142015648246,-0.001163209046453062,0.0023666684734927152
143.3000021353364,-0.009966788813471794,0.0012641872745007277,9.809942245483398,1.0897384754571249e-06,-0.0003037125861737877,-4.1288268448624876e-07,270.02142015648246,-0.001163206442072351,0.0023595632075217037
143.40000213682652,0.012552096508443356,0.013812027871608734,9.810019493103027,4.541590533335693e-05,-0.0003056704590562731,0.001472314354032278,270.0270482323586,-0.0011632024669836483,0.0023524562966862807
143.50000213831663,0.010054324753582478,-0.0012393988436087966,9.810009956359863,-4.0135761082638055e-05,-0.00029731247923336923,-0.00016411044634878635,270.0290699683529,-0.0011631986289586393,0.002345349111706789
143.60000213980675,0.010053083300590515,-0.003744552144780755,9.8100004196167,2.1144508082215907e-06,-0.00028706228476949036,-2.873051016649697e-05,270.0286874777594,-0.001163195202181555,0.002338240556006954
143.70000214129686,5.496398807736114e-05,1.0450275112816598e-05,9.810029983520508,-2.4775553697509167e-07,-0.00028176925843581557,-5.04116451338632e-06,270.0286874777594,-0.0011631916382839336,0.0023311322744511876
143.80000214278698,-0.017445027828216553,1.9205866919946857e-05,9.8100004196167,-5.458605301100761e-07,-0.00028546902467496693,-1.2670160458583268e-06,270.0286874777594,-0.0011631882115068493,0.002324025637759833
143.9000021442771,-0.0024705922696739435,-0.011297368444502354,9.809922218322754,-4.32717424700968e-05,-0.0002929606125690043,-0.001472995849326253,270.02295011885656,-0.001163185744189832,0.002316919001068479
144.0000021457672,0.002536965301260352,-0.0012404617154970765,9.810039520263672,4.2927498725475743e-05,-0.00029949838062748313,0.00016298923583235592,270.0209283828622,-0.0011631834139791408,0.002309812364377124
144.10000214725733,-0.0024455648381263018,0.01881910301744938,9.810019493103027,4.273459853720851e-05,-0.0003005370672326535,0.0015002989675849676,270.0269935908452,-0.0011631793018125336,0.002302705453541701
144.20000214874744,0.0025490180123597383,-0.002490817802026868,9.809990882873535,-4.1840012272587046e-05,-0.00029488009749911726,-0.00015918244025669992,270.0290699683529,-0.0011631756008654293,0.0022955988168503467
144.30000215023756,0.01754840277135372,-0.003748304210603237,9.8100004196167,3.3181795515702106e-06,-0.00028940080665051937,-2.7697386030922644e-05,270.0286874777594,-0.0011631720369962295,0.002288490398222546
144.40000215172768,-0.012449708767235279,1.670427809585817e-05,9.810019493103027,1.0602466318232473e-06,-0.0002863022091332823,-5.0924318202305585e-06,270.0286874777594,-0.0011631684731270298,0.0022813832132430544
144.5000021532178,-0.007449086755514145,0.0012642020592465997,9.809990882873535,-6.493474415947276e-07,-0.00028850362286902964,-1.2295379292481812e-06,270.0286874777594,-0.0011631650463215237,0.0022742765765516996
144.6000021547079,0.0025324150919914246,-0.01254983153194189,9.809981346130371,-4.5316843170439824e-05,-0.0002929592155851424,-0.001473141135647893,270.02295011885656,-0.0011631625790187172,0.002267169802788311
144.70000215619802,-0.002461150521412492,-0.0024886364117264748,9.809990882873535,4.130905290367082e-05,-0.0002965749299619347,0.00016300982679240406,270.0209283828622,-0.0011631602488080262,0.0022600631660969566
144.80000215768814,0.0025458354502916336,0.0037595194298774004,9.810019493103027,-1.9112726477032993e-06,-0.00029654664103873074,2.7758345822803676e-05,270.02133819421243,-0.001163157644427315,0.0022529563923335675
144.90000215917826,4.490435094339773e-05,0.0012604502262547612,9.8100004196167,1.1194066473763087e-07,-0.0002935421944130212,4.553941380436299e-06,270.02133819421243,-0.0011631550400608148,0.002245849755642213
145.00000216066837,-0.0024560268502682447,-0.0012386187445372343,9.809990882873535,9.025895906233927e-07,-0.0002905066648963839,9.546103996171951e-08,270.02133819421243,-0.0011631524356943146,0.0022387431189508588
145.1000021621585,0.0025449045933783054,0.0012595191365107894,9.810019493103027,1.0498263236513594e-07,-0.0002885560679715127,-5.811655796605919e-07,270.02133819421243,-0.001163149694235699,0.0022316363451874697
145.2000021636486,-0.0024560263846069574,-0.0012386187445372343,9.810009956359863,2.1524988369492348e-07,-0.0002906250301748514,-4.306574794554763e-07,270.02133819421243,-0.0011631470898834095,0.0022245297084961153
145.30000216513872,0.0025468398816883564,0.01506674662232399,9.809961318969727,4.530093428911641e-05,-0.00029284224729053676,0.001472138217650354,270.0270482323586,-0.0011631431148089177,0.0022174229347327267
145.40000216662884,-0.00244956579990685,0.013824663124978542,9.810009956359863,3.2485918382008094e-06,-0.0002951357455458492,0.001308880397118628,270.03472536498566,-0.001163138043139611,0.0022103162980413723
145.50000216811895,0.002541265217587352,-0.004985909443348646,9.810019493103027,-3.8274109101621434e-05,-0.00029477698262780905,-0.00019187114958185703,270.0363646103865,-0.0011631333826755963,0.0022032096613500175
145.60000216960907,-0.002456740476191044,-0.0037327574100345373,9.809990882873535,1.6514509297849145e-06,-0.00029333290876820683,-3.339082468301058e-05,270.0359001575229,-0.0011631289963958125,0.002196102887586629
145.7000021710992,0.002545607043430209,1.4108954928815365e-05,9.8100004196167,-4.810938207810977e-07,-0.0002908894093707204,-6.304255293798633e-06,270.0359001575229,-0.001163124610087607,0.0021889962508952745
145.8000021725893,-0.0024543909821659327,1.7241774912690744e-05,9.8100004196167,-1.2218811207276303e-06,-0.0002909459872171283,-1.423864659955143e-06,270.0359001575229,-0.0011631202237651905,0.0021818894771318854
145.90000217407942,0.0025456075090914965,1.4108985851635225e-05,9.810019493103027,-7.217105917334266e-07,-0.00029098900267854333,-6.700676635773561e-07,270.0359001575229,-0.001163115837456985,0.002174782840440531
146.00000217556953,-0.0024644790682941675,-0.012547229416668415,9.809961318969727,-4.558471846394241e-05,-0.0002929883194155991,-0.0014730500988662243,270.0301627986201,-0.0011631125477293836,0.0021676762037491767
146.10000217705965,0.002536216052249074,-0.015052407048642635,9.810019493103027,-4.341020485298941e-06,-0.0002943962754216045,-0.0013099659699946642,270.02248566599303,-0.0011631106287239845,0.0021605694299857876
146.20000217854977,-0.002454197034239769,0.003756134305149317,9.8100004196167,3.8590060285059735e-05,-0.0002938670804724097,0.00019114835595246404,270.0208464205922,-0.0011631082985132934,0.0021534627932944333
146.30000218003988,0.0025462964549660683,0.005004293750971556,9.8100004196167,-2.3603790850756923e-06,-0.00029273887048475444,3.268991713412106e-05,270.0213108734558,-0.0011631056941325824,0.0021463560195310446
146.40000218153,-0.002456024521961808,-0.0012438452104106545,9.8100004196167,1.3689771094504977e-06,-0.00029193193768151104,5.165958555153338e-06,270.0213108734558,-0.0011631030897660821,0.0021392493828396903
146.50000218302011,0.002543736482039094,0.0012595158768817782,9.8100004196167,1.1702193205564981e-06,-0.000291214557364583,6.047239367035218e-07,270.02142015648246,-0.0011631004853995819,0.0021321427461483355
146.60000218451023,4.280224675312638e-05,-0.0012395497178658843,9.8100004196167,4.6857064717187313e-07,-0.0002916628436651081,-1.9280318497294502e-07,270.02142015648246,-0.0011630977439409662,0.002125035972384947
146.70000218600035,-0.002456263406202197,0.0012613844592124224,9.8100004196167,1.0027467851614347e-06,-0.0002924138098023832,-5.144003694113053e-07,270.02142015648246,-0.001163095139574466,0.0021179293356935924
146.80000218749046,0.002542802132666111,-0.0012404840672388673,9.8100004196167,1.2214255775688798e-06,-0.00029339976026676595,-3.7547471265497734e-07,270.02142015648246,-0.0011630925352221766,0.0021108225619302034
146.90000218898058,-0.0024567306973040104,1.1384548088244628e-05,9.8100004196167,-6.664967031611013e-07,-0.0002932842180598527,-6.031480666024436e-07,270.02142015648246,-0.0011630899308556764,0.002103715925238849
147.0000021904707,0.002543736482039094,0.0012595158768817782,9.8100004196167,5.170837198420486e-07,-0.00029237655689939857,-3.5361290429136716e-07,270.02142015648246,-0.0011630873264749653,0.0020966092885474946
147.1000021919608,-0.00245719775557518,-0.0012386154849082232,9.8100004196167,6.839360935373406e-07,-0.0002914475626312196,-5.105550258122094e-07,270.02142015648246,-0.0011630845850305604,0.002089502514784106
147.20000219345093,0.002543736482039094,0.0012595158768817782,9.8100004196167,7.391156486846739e-07,-0.0002917289675679058,-3.317646530831553e-07,270.02142015648246,-0.001163081980678271,0.002082395878092751
147.30000219494104,-0.00245719775557518,-0.0012386154849082232,9.8100004196167,-1.0858564110094449e-06,-0.000291810225462541,-2.6357403726251505e-07,270.02142015648246,-0.0011630793763117708,0.0020752891043293626
147.40000219643116,0.002543736482039094,0.0012595158768817782,9.8100004196167,-1.8735100582034647e-07,-0.0002922225103247911,-3.9605839674550225e-07,270.02142015648246,-0.0011630767719168489,0.002068182467638008
147.50000219792128,-0.00245719775557518,-0.0012386154849082232,9.8100004196167,-1.839179162743676e-06,-0.00029275118140503764,-3.883222063905123e-07,270.02142015648246,-0.0011630741675645595,0.0020610758309466534
147.6000021994114,0.00255352770909667,0.020092763006687164,9.8100004196167,6.421484431484714e-05,-0.0002930211485363543,0.0020822230726480484,270.02939781743305,-0.0011630697812705648,0.0020539690571832647
147.7000022009015,-0.002455561188980937,1.708263334876392e-05,9.8100004196167,-5.7870456657838076e-05,-0.00029247108614072204,-0.00023146733292378485,270.03226649688446,-0.0011630653949623593,0.0020468624204919104
147.80000220239162,0.002538431668654084,-0.008740928024053574,9.8100004196167,1.7734039374772692e-06,-0.00029219468706287444,-4.0296003135154024e-05,270.0316927609942,-0.001163061694015255,0.0020397556467285213
147.90000220388174,-0.002457420574501157,-0.0012381672859191895,9.810019493103027,-3.328750040054729e-07,-0.0002921932900790125,-7.317953532037791e-06,270.0316927609942,-0.001163058267209749,0.002032649010037167
148.00000220537186,0.002543956972658634,0.0012590723345056176,9.809981346130371,-4.957001920047333e-07,-0.0002920919214375317,-1.6425972262368305e-06,270.03158347796744,-0.0011630547033405492,0.0020255423733458126
148.10000220686197,-0.002457418479025364,-0.0012381717097014189,9.8100004196167,-4.4561727463587886e-07,-0.00029248956707306206,-5.929510962232598e-07,270.03158347796744,-0.0011630512765350431,0.002018435599582424
148.2000022083521,0.002543268259614706,9.072778993868269e-06,9.8100004196167,-1.108501919588889e-06,-0.00029219617135822773,-4.527160797351826e-07,270.03158347796744,-0.0011630477126658434,0.002011328962891069
148.3000022098422,4.3269392335787416e-05,1.0450242371007334e-05,9.8100004196167,5.588697717939795e-07,-0.0002926337765529752,-6.032147439327673e-07,270.03158347796744,-0.0011630441487966436,0.0020042221891276805
148.40000221133232,-0.0024560410529375076,0.001261827303096652,9.8100004196167,-6.486033043984207e-09,-0.0002929205365944654,-4.938815436617006e-07,270.03158347796744,-0.0011630407219911376,0.001997115552436326
148.50000221282244,0.002542579546570778,-0.0012409266782924533,9.8100004196167,-4.162059212831082e-07,-0.00029255889239721,-4.720145057035552e-07,270.03158347796744,-0.0011630371581219379,0.0019900089157449713
148.60000221431255,-0.0024567297659814358,1.18277057481464e-05,9.8100004196167,3.615369905674015e-07,-0.0002922263229265809,-3.0606395284848986e-07,270.03158347796744,-0.0011630337313164318,0.0019829021419815827
148.70000221580267,0.002543268259614706,9.072778993868269e-06,9.8100004196167,-5.649830541187839e-07,-0.0002922028652392328,-3.240648140945268e-07,270.03158347796744,-0.001163030167447232,0.0019757955052902283
148.80000221729279,-0.0024560410529375076,0.001261827303096652,9.8100004196167,1.213027985613735e-06,-0.00029229396022856236,-5.105819695927494e-07,270.03158347796744,-0.0011630266035638215,0.0019686887315268392
148.9000022187829,0.002542579546570778,-0.0012409266782924533,9.8100004196167,2.799880007842148e-07,-0.000292373588308692,-5.286046302899194e-07,270.03158347796744,-0.0011630231767725263,0.001961582094835485
149.00000222027302,-0.0024567297659814358,1.18277057481464e-05,9.8100004196167,-9.5542623057554e-07,-0.00029248252394609153,-2.6361107074990286e-07,270.03158347796744,-0.0011630196129033266,0.0019544754581441305
149.10000222176313,0.002543268259614706,9.072778993868269e-06,9.8100004196167,-1.0287312761647627e-06,-0.00029256753623485565,-2.545792483488185e-07,270.03158347796744,-0.0011630161860978205,0.0019473686843807416
149.20000222325325,-0.0024560410529375076,0.001261827303096652,9.8100004196167,-1.0041749192168936e-06,-0.00029231823282316327,-3.3816391464824846e-07,270.03158347796744,-0.0011630126222286208,0.0019402620476893873
149.30000222474337,0.002542579546570778,-0.0012409266782924533,9.8100004196167,-9.977397894544993e-07,-0.00029195542447268963,-3.99896265435018e-07,270.03158347796744,-0.001163009058359421,0.0019331552739259984
149.40000222623348,-0.0024567297659814358,1.18277057481464e-05,9.8100004196167,8.531044386472786e-07,-0.00029244969482533634,-6.172982693897211e-07,270.03158347796744,-0.001163005631553915,0.0019260486372346438
149.5000022277236,0.002543268259614706,9.072778993868269e-06,9.8100004196167,8.265445785582415e-07,-0.00029248170903883874,-4.1664171135380457e-07,270.03158347796744,-0.0011630020676705044,0.0019189420005432895
149.60000222921371,-0.0024560410529375076,0.001261827303096652,9.8100004196167,7.636637064933893e-07,-0.00029267865465953946,-4.861125262323185e-07,270.03158347796744,-0.0011629986408792092,0.0019118352267799006
149.70000223070383,0.002542579546570778,-0.0012409266782924533,9.8100004196167,-5.1683045398931426e-08,-0.0002925210865214467,-4.7453283968934556e-07,270.03158347796744,-0.0011629950770100095,0.0019047285900885462
149.80000223219395,-0.0024567297659814358,1.18277057481464e-05,9.8100004196167,1.007837568067771e-06,-0.0002921989653259516,-7.472520451301534e-07,270.03158347796744,-0.0011629915131265989,0.0018976218163251574
149.90000223368406,0.002543268259614706,9.072778993868269e-06,9.8100004196167,1.8669438759388868e-06,-0.00029241241281852126,-6.392339741978503e-07,270.03158347796744,-0.0011629880863210929,0.0018905151796338028
150.00000223517418,-0.0012060414301231503,0.0012611385900527239,9.8100004196167,1.1536574220372131e-06,-0.0002925471926573664,-7.061573228384077e-07,270.03158347796744,-0.001162984522466104,0.0018834085429424484
150.1000022366643,4.2580661101965234e-05,-0.0012395491357892752,9.8100004196167,1.1871221659021103e-06,-0.0002924639848060906,-5.672611678164685e-07,270.03158347796744,-0.001162981095660598,0.0018763017691790596
150.2000022381544,4.3269392335787416e-05,1.0450242371007334e-05,9.8100004196167,1.2500437378548668e-06,-0.0002925221633631736,-7.139325930438645e-07,270.03158347796744,-0.0011629775317771873,0.0018691951324877052
150.30000223964453,4.3269392335787416e-05,1.0450242371007334e-05,9.8100004196167,2.0483694243011996e-06,-0.00029232207452878356,-4.747058994780673e-07,270.03158347796744,-0.0011629739679079876,0.0018620883587243163
150.40000224113464,4.39581235696096e-05,0.0012604498770087957,9.8100004196167,1.270872303393844e-06,-0.0002927917812485248,-7.307219220820116e-07,270.03158347796744,-0.0011629705411166924,0.0018549817220329618
150.50000224262476,4.2580661101965234e-05,-0.0012395491357892752,9.8100004196167,1.2662223980441922e-06,-0.0002920755941886455,-7.26897667391313e-07,270.03158347796744,-0.0011629669772332818,0.0018478750853416074
150.60000224411488,4.3269392335787416e-05,1.0450242371007334e-05,9.8100004196167,2.8336040713838884e-07,-0.00029233540408313274,-4.7350866339002096e-07,270.03158347796744,-0.0011629635504277758,0.0018407683115782185
150.700002245605,4.3269392335787416e-05,1.0450242371007334e-05,9.8100004196167,2.704961730159994e-07,-0.00029226456535980105,-4.0791019273456186e-07,270.03158347796744,-0.001162959986558576,0.0018336616748868642
150.8000022470951,4.39581235696096e-05,0.0012604498770087957,9.8100004196167,9.836361414272687e-07,-0.0002926127635873854,-4.79954337606614e-07,270.03158347796744,-0.0011629564226893763,0.0018265549011234753
150.90000224858522,0.0012925801565870643,-0.0012402379652485251,9.8100004196167,1.4110113966125937e-07,-0.00029231864027678967,-4.0535070411351626e-07,270.03158347796744,-0.0011629529958838702,0.0018194482644321207
151.00000225007534,-0.0012067301431670785,1.1138974514324218e-05,9.8100004196167,5.9497722304513445e-08,-0.0002923930296674371,-4.5552053506980883e-07,270.03158347796744,-0.0011629494320146705,0.0018123416277407664
151.10000225156546,4.3269392335787416e-05,1.0450242371007334e-05,9.8100004196167,-1.0505857517273398e-08,-0.00029243933386169374,-4.748136177568085e-07,270.03158347796744,-0.0011629460052091645,0.0018052348539773775
151.20000225305557,4.39581235696096e-05,0.0012604498770087957,9.8100004196167,-5.6959791550070804e-08,-0.0002924635773524642,-4.5937773052173725e-07,270.03158347796744,-0.0011629424413399647,0.0017981282172860231
151.3000022545457,4.2580661101965234e-05,-0.0012395491357892752,9.8100004196167,-5.3478714789889636e-08,-0.0002923776628449559,-5.224029564487864e-07,270.03158347796744,-0.001162938877470765,0.0017910214435226343
151.4000022560358,4.3269392335787416e-05,1.0450242371007334e-05,9.8100004196167,-3.7272144481903524e-08,-0.00029234157409518957,-4.5937258619233035e-07,270.03158347796744,-0.001162935450665259,0.0017839148068312797
151.50000225752592,4.3269392335787416e-05,1.0450242371007334e-05,9.8100004196167,2.3046084152156254e-08,-0.0002923151769209653,-4.773839350491471e-07,270.03158347796744,-0.0011629318867960592,0.0017768081701399253
151.60000225901604,4.39581235696096e-05,0.0012604498770087957,9.8100004196167,8.799278248261544e-07,-0.00029262626776471734,-3.551840563886799e-07,270.03158347796744,-0.0011629284599905532,0.0017697013963765365
151.70000226050615,4.2580661101965234e-05,-0.0012395491357892752,9.8100004196167,9.108123322221218e-08,-0.000292270997306332,-5.211289249018591e-07,270.03158347796744,-0.0011629248961213534,0.001762594759685182
151.80000226199627,4.3269392335787416e-05,1.0450242371007334e-05,9.8100004196167,7.500057108700275e-08,-0.0002922989660874009,-5.635845923279703e-07,270.03158347796744,-0.0011629213322379428,0.0017554879859217932
151.90000226348639,4.3269392335787416e-05,1.0450242371007334e-05,9.8100004196167,6.238735750230262e-08,-0.00029233854729682207,-4.0408056634078093e-07,270.03158347796744,-0.0011629179054466476,0.0017483813492304389
152.0000022649765,4.39581235696096e-05,0.0012604498770087957,9.8100004196167,8.456828481939738e-07,-0.0002927226305473596,-4.774070134772046e-07,270.03158347796744,-0.0011629143415774479,0.0017412747125390843
152.10000226646662,4.2580661101965234e-05,-0.0012395491357892752,9.8100004196167,9.462121397518786e-08,-0.00029236075351946056,-4.966995561517251e-07,270.03158347796744,-0.0011629109147719419,0.0017341679387756954
152.20000226795673,4.3269392335787416e-05,1.0450242371007334e-05,9.8100004196167,1.0813465678438661e-07,-0.0002923526044469327,-5.751693379352218e-07,270.03158347796744,-0.0011629073509027421,0.001727061302084341
152.30000226944685,4.3269392335787416e-05,1.0450242371007334e-05,9.8100004196167,1.51411086335429e-07,-0.0002923556021414697,-4.915539761896071e-07,270.03158347796744,-0.0011629037870193315,0.0017199545283209522
152.40000227093697,3.98772899643518e-05,-0.007549166679382324,9.8100004196167,-4.459615229279734e-05,-0.000292375247227028,-0.001473002601414919,270.0259280813347,-0.0011629011826528313,0.0017128478916295978
152.50000227242708,4.2227504309266806e-05,-0.0024895488750189543,9.8100004196167,4.21824624936562e-05,-0.0002923927968367934,0.00016290532948914915,270.0238790245837,-0.0011628984412226373,0.0017057412549382432
152.6000022739172,0.0012904233299195766,-0.008801235817372799,9.809981346130371,-4.719301432487555e-05,-0.0002927370951510966,-0.0014448881847783923,270.01863343930114,-0.001162896659280932,0.0016986344811748544
152.70000227540731,-0.0012063662288710475,0.001255588373169303,9.810019493103027,4.202725540380925e-05,-0.00029308561352081597,0.00016767237684689462,270.0166663448202,-0.0011628948773534376,0.0016915278444835
152.80000227689743,4.401444675750099e-05,0.002510449383407831,9.8100004196167,-2.9892307793488726e-06,-0.0002924367436207831,2.8429520170902833e-05,270.0170761561704,-0.0011628926841922294,0.0016844210707201112
152.90000227838755,4.2151801608270034e-05,-0.0037395486142486334,9.8100004196167,2.192048896176857e-06,-0.0002924729196820408,4.3362356336729135e-06,270.0170761561704,-0.001162890902250524,0.0016773144340287568
153.00000227987766,4.3269392335787416e-05,1.0450242371007334e-05,9.8100004196167,1.3421274047686893e-07,-0.00029247242491692305,6.071089160286647e-07,270.0171854391971,-0.0011628891203372405,0.0016702077973374022
153.10000228136778,4.289462594897486e-05,-0.0012395493686199188,9.8100004196167,1.4345619092637207e-06,-0.00029244559118524194,-3.808137023497693e-07,270.0171854391971,-0.0011628873383813243,0.0016631010235740133
153.2000022828579,5.1227812946308404e-05,0.02006792463362217,9.8100004196167,4.50094485131558e-05,-0.00029201278812251985,0.0014718575403094292,270.02281351507315,-0.0011628839115758183,0.001655994386882659
153.300002284348,4.2726987885544077e-05,-0.001239549252204597,9.8100004196167,-4.20285141444765e-05,-0.00029234131216071546,-0.0001636592496652156,270.0248625718242,-0.001162880484784523,0.0016488876131192701
153.40000228583813,4.006772724096663e-05,-0.007489545736461878,9.8100004196167,2.4976857275760267e-06,-0.0002924108994193375,-2.829328332154546e-05,270.02448008123065,-0.0011628778804180229,0.0016417809764279158
153.50000228732824,4.273578088032082e-05,-0.001239549252204597,9.8100004196167,8.324864211317617e-07,-0.0002921395353041589,-5.51083257960272e-06,270.02448008123065,-0.0011628752760373118,0.0016346743397365612
153.60000228881836,4.380300015327521e-05,0.001260449760593474,9.8100004196167,-6.637724823121971e-07,-0.0002925037406384945,-1.3559492799686268e-06,270.02448008123065,-0.0011628726716708115,0.0016275675659731723
153.70000229030848,4.273586455383338e-05,-0.001239549252204597,9.810019493103027,1.2255924275450525e-07,-0.00029212719528004527,-5.751437015533156e-07,270.02448008123065,-0.0011628699302264067,0.001620460929281818
153.8000022917986,4.326930866227485e-05,1.0450222362123895e-05,9.809981346130371,8.071647243923508e-07,-0.00029204977909103036,-5.352752623366541e-07,270.02448008123065,-0.0011628673258741173,0.001613354155518429
153.9000022932887,4.380300015327521e-05,0.001260449760593474,9.8100004196167,-1.6972510366031202e-06,-0.0002920687256846577,-4.812453653357807e-07,270.02448008123065,-0.0011628647214934063,0.0016062475188270747
154.00000229477882,4.273578088032082e-05,-0.001239549252204597,9.8100004196167,-3.0982323551143054e-07,-0.0002921314735431224,-4.632373133972578e-07,270.02448008123065,-0.001162862117126906,0.0015991408821357201
154.10000229626894,4.380300015327521e-05,0.001260449760593474,9.8100004196167,-5.723696290260705e-07,-0.0002921915438491851,-3.7961589782753435e-07,270.02448008123065,-0.0011628595127604058,0.0015920341083723313
154.20000229775906,4.273578088032082e-05,-0.001239549252204597,9.8100004196167,-7.905368306637683e-07,-0.0002922250423580408,-4.09190420214145e-07,270.02448008123065,-0.0011628567713302118,0.001584927471680977
154.30000229924917,0.001293802517466247,0.0012599161127582192,9.8100004196167,-9.276483865505725e-07,-0.0002922142157331109,-2.9598081141557486e-07,270.02448008123065,-0.0011628541669495007,0.001577820697917588
154.4000023007393,-0.0012072637910023332,-0.0012390157207846642,9.8100004196167,-9.721836704557063e-07,-0.00029215554241091013,-4.4261358311814547e-07,270.02448008123065,-0.0011628515625830005,0.0015707140612262337
154.5000023022294,4.3269392335787416e-05,1.0450243280502036e-05,9.8100004196167,-1.0250918194287806e-06,-0.0002921180857811123,-3.821489826805191e-07,270.02448008123065,-0.0011628489582165003,0.001563607424534879
154.60000230371952,4.380300015327521e-05,0.001260449760593474,9.8100004196167,4.487660021368356e-08,-0.0002924801083281636,-3.5641681961351424e-07,270.02448008123065,-0.00116284635385,0.0015565006507714902
154.70000230520964,4.273578088032082e-05,-0.001239549252204597,9.8100004196167,-6.035989486008475e-09,-0.0002925334847532213,-4.65750019884581e-07,270.02448008123065,-0.0011628436123913843,0.0015493940140801359
154.80000230669975,4.380300015327521e-05,0.001260449760593474,9.8100004196167,-1.0306171134288888e-06,-0.00029222320881672204,-2.753574506186851e-07,270.02448008123065,-0.001162841008024884,0.001542287240316747
154.90000230818987,4.273578088032082e-05,-0.001239549252204597,9.8100004196167,-1.0117614692717325e-06,-0.0002922226849477738,-3.628164222391206e-07,270.02448008123065,-0.0011628384036725947,0.0015351806036253926
155.00000230967999,4.380300015327521e-05,0.001260449760593474,9.8100004196167,-1.0419084901513997e-06,-0.0002921725099440664,-4.541361420251633e-07,270.02448008123065,-0.0011628357992776728,0.001528073966934038
155.1000023111701,4.273578088032082e-05,-0.001239549252204597,9.8100004196167,2.2461364324044553e-08,-0.00029249396175146103,-4.978645051778585e-07,270.02448008123065,-0.0011628331949253834,0.0015209671931706492
155.20000231266022,4.380300015327521e-05,0.001260449760593474,9.8100004196167,-9.59684484769241e-07,-0.0002921540872193873,-2.9461327244462154e-07,270.02448008123065,-0.0011628304534809786,0.0015138605564792948
155.30000231415033,4.273578088032082e-05,-0.001239549252204597,9.8100004196167,1.2472412436181912e-07,-0.0002925387816503644,-4.618326556737884e-07,270.02448008123065,-0.0011628278491286892,0.001506753782715906
155.40000231564045,4.3269392335787416e-05,1.0450243280502036e-05,9.8100004196167,-8.949467655838816e-07,-0.00029217786504887044,-2.9073515861455235e-07,270.02448008123065,-0.001162825244747978,0.0014996471460245516
155.50000231713057,4.380300015327521e-05,0.001260449760593474,9.8100004196167,1.8546808178143692e-07,-0.0002925225126091391,-4.6953189780651883e-07,270.02448008123065,-0.0011628226403956887,0.001492540509333197
155.60000231862068,4.273578088032082e-05,-0.001239549252204597,9.8100004196167,1.9131203998767887e-07,-0.00029249986982904375,-5.016821660319692e-07,270.02448008123065,-0.0011628200360149776,0.0014854337355698084
155.7000023201108,4.3802916479762644e-05,0.001260449760593474,9.809981346130371,2.0427182789717335e-06,-0.0002924722502939403,-5.055631504546909e-07,270.02448008123065,-0.0011628172945705728,0.0014783270988784538
155.8000023216009,4.273586455383338e-05,-0.001239549252204597,9.810019493103027,1.2600095260495436e-06,-0.000292123353574425,-7.43570637951052e-07,270.02448008123065,-0.0011628146902040726,0.0014712204621870992
155.90000232309103,-0.0012061964953318238,0.0012609832920134068,9.8100004196167,1.223955450768699e-06,-0.0002921311534009874,-5.71232874335692e-07,270.02448008123065,-0.0011628120858517832,0.0014641138254957449
156.00000232458115,0.0012927352217957377,-0.0012400829000398517,9.8100004196167,1.9866663478751434e-06,-0.0002925287408288568,-5.211001052884967e-07,270.02448008123065,-0.0011628094814568612,0.0014570071888043903
156.10000232607126,4.3269392335787416e-05,1.0450243280502036e-05,9.8100004196167,1.9534857074177125e-06,-0.0002925024018622935,-4.825423047805089e-07,270.02448008123065,-0.001162806877090361,0.001449900552113036
156.20000232756138,4.380300015327521e-05,0.001260449760593474,9.8100004196167,1.9598851395130623e-06,-0.0002924360742326826,-6.189296186676074e-07,270.02448008123065,-0.001162804135660167,0.001442793778349647
156.3000023290515,4.273578088032082e-05,-0.001239549252204597,9.8100004196167,1.953090531969792e-06,-0.0002923970459960401,-6.241123742256605e-07,270.02448008123065,-0.001162801531279456,0.0014356871416582927
156.4000023305416,4.380308382678777e-05,0.001260449760593474,9.810019493103027,-1.0135959200852085e-06,-0.00029202669975347817,-3.591269717162504e-07,270.02448008123065,-0.0011627989269129557,0.0014285803678949038
156.50000233203173,4.2735697206808254e-05,-0.001239549252204597,9.809981346130371,-1.0934185183941736e-06,-0.0002920667175203562,-3.7456206314345764e-07,270.02448008123065,-0.0011627963225464555,0.0014214737312035492
156.60000233352184,4.380300015327521e-05,0.001260449760593474,9.8100004196167,-6.267678998028714e-08,-0.00029247780912555754,-4.800412511940522e-07,270.02448008123065,-0.001162793718194166,0.0014143670945121949
156.70000233501196,4.273578088032082e-05,-0.001239549252204597,9.8100004196167,-4.6812289156150655e-08,-0.0002924948057625443,-5.417774104898854e-07,270.02448008123065,-0.0011627909767497613,0.001407260320748806
156.80000233650208,4.380300015327521e-05,0.001260449760593474,9.8100004196167,-1.0302321697963635e-06,-0.0002921599370893091,-4.465788663310377e-07,270.02448008123065,-0.0011627883723690502,0.0014001536840574516
156.9000023379922,4.273578088032082e-05,-0.001239549252204597,9.8100004196167,-9.770985798240872e-07,-0.00029212862136773765,-2.844912216914963e-07,270.02448008123065,-0.00116278576800255,0.0013930469102940628
157.0000023394823,0.0012932688696309924,9.91663273453014e-06,9.8100004196167,-9.68509198173706e-07,-0.00029206537874415517,-3.7710211131525284e-07,270.02448008123065,-0.0011627831636360497,0.0013859402736027082
157.10000234097242,-0.0012061964953318238,0.0012609832920134068,9.8100004196167,-9.832739351622877e-07,-0.0002920484112109989,-3.6938226344318537e-07,270.02448008123065,-0.0011627805592553386,0.0013788336369113538
157.20000234246254,4.273578088032082e-05,-0.001239549252204597,9.8100004196167,8.030977483031165e-08,-0.000292441836791113,-4.5814144300493354e-07,270.02448008123065,-0.0011627778178251447,0.001371726863147965
157.30000234395266,4.380300015327521e-05,0.001260449760593474,9.8100004196167,8.402136586482811e-08,-0.0002924581349361688,-4.568489373468765e-07,270.02448008123065,-0.0011627752134586444,0.0013646202264566106
157.40000234544277,4.273578088032082e-05,-0.001239549252204597,9.8100004196167,-9.539871825836599e-07,-0.0002921216073445976,-4.3368780211494595e-07,270.02448008123065,-0.0011627726090921442,0.0013575134526932217
157.5000023469329,4.380300015327521e-05,0.001260449760593474,9.8100004196167,-9.517135595160653e-07,-0.00029210286447778344,-4.4397256715456024e-07,270.02448008123065,-0.001162770004711433,0.0013504068160018674
157.600002348423,4.273578088032082e-05,-0.001239549252204597,9.8100004196167,1.241349991687457e-07,-0.00029242620803415775,-5.404456260293955e-07,270.02448008123065,-0.0011627674003449329,0.0013433001793105128
157.70000234991312,4.3269392335787416e-05,1.0450243280502036e-05,9.8100004196167,-9.682258905741037e-07,-0.0002920558908954263,-3.7578851674879843e-07,270.02448008123065,-0.001162764658914739,0.001336193405547124
157.80000235140324,4.380300015327521e-05,0.001260449760593474,9.8100004196167,4.289088906261895e-08,-0.00029245344921946526,-4.851290213991888e-07,270.02448008123065,-0.0011627620545482387,0.0013290867688557696
157.90000235289335,4.273578088032082e-05,-0.001239549252204597,9.8100004196167,-1.1101226391474484e-06,-0.00029212411027401686,-3.7578229239443317e-07,270.02448008123065,-0.0011627594501817384,0.0013219799950923807
158.00000235438347,4.380300015327521e-05,0.001260449760593474,9.8100004196167,-1.0255190119323743e-07,-0.00029249629005789757,-3.7320418755371065e-07,270.02448008123065,-0.0011627568458010273,0.0013148733584010263
158.10000235587358,4.273578088032082e-05,-0.001239549252204597,9.8100004196167,-1.2638079738280794e-07,-0.0002924592699855566,-4.6324240088324586e-07,270.02448008123065,-0.001162754241434527,0.0013077667217096718
158.2000023573637,4.380300015327521e-05,0.001260449760593474,9.8100004196167,-1.1582520755837322e-06,-0.00029206249746493995,-2.870062019155739e-07,270.02448008123065,-0.0011627515000043331,0.001300659947946283
158.30000235885382,4.273578088032082e-05,-0.001239549252204597,9.8100004196167,-7.864696982551322e-08,-0.0002924205909948796,-4.555164707653603e-07,270.02448008123065,-0.0011627488956094112,0.0012935533112549285
158.40000236034393,4.380300015327521e-05,0.001260449760593474,9.8100004196167,-3.5842347756442905e-08,-0.0002924689033534378,-4.6580561274822685e-07,270.02448008123065,-0.0011627462912571218,0.0012864465374915397
158.50000236183405,4.273578088032082e-05,-0.001239549252204597,9.8100004196167,-1.0576679869700456e-06,-0.00029216374969109893,-2.6255381158080127e-07,270.02448008123065,-0.0011627436868906216,0.0012793399008001853
158.60000236332417,4.3269392335787416e-05,1.0450243280502036e-05,9.8100004196167,-1.0335440947528696e-06,-0.0002921945124398917,-2.754088654910447e-07,270.02448008123065,-0.0011627410825241213,0.0012722332641088307
158.70000236481428,4.380300015327521e-05,0.001260449760593474,9.8100004196167,-1.0466123967489693e-06,-0.0002921675913967192,-4.580588495173288e-07,270.02448008123065,-0.0011627383410655057,0.0012651264903454419
158.8000023663044,0.0012927352217957377,-0.0012400829000398517,9.8100004196167,-1.0326135679861181e-06,-0.0002921457926277071,-3.821562586381333e-07,270.02448008123065,-0.0011627357367132163,0.0012580198536540875
158.9000023677945,-0.0012061964953318238,0.0012609832920134068,9.809981346130371,1.1219385669392068e-06,-0.00029214745154604316,-7.294876809282869e-07,270.02448008123065,-0.001162733132346716,0.0012509130798906986
159.00000236928463,4.273586455383338e-05,-0.001239549252204597,9.810019493103027,2.0045467863383237e-06,-0.00029254014953039587,-5.108420850774564e-07,270.02448008123065,-0.0011627305279802158,0.0012438064431993443
159.10000237077475,4.380300015327521e-05,0.001260449760593474,9.8100004196167,1.2424802662280854e-06,-0.0002922350540757179,-5.867669869985548e-07,270.02448008123065,-0.0011627279236137156,0.0012366998065079897
159.20000237226486,4.273578088032082e-05,-0.001239549252204597,9.8100004196167,2.046689132839674e-06,-0.0002926080487668514,-4.800295414497668e-07,270.02448008123065,-0.0011627251821835216,0.0012295930327446008
159.30000237375498,5.3090741857886314e-05,0.01882314495742321,9.8100004196167,4.4947315473109484e-05,-0.0002925414592027664,0.0014717907179147005,270.0300261948367,-0.0011627209329390098,0.0012224863960532465
159.4000023752451,4.3269479647278786e-05,1.5675395843572915e-05,9.810019493103027,-4.132628964725882e-05,-0.0002921790292020887,-0.00016378519649151713,270.032047930831,-0.0011627166837087088,0.0012153796222898576
159.5000023767352,3.912887041224167e-05,-0.007489547599107027,9.809981346130371,3.404852577659767e-06,-0.0002924000145867467,-2.8351223591016605e-05,270.0316381194808,-0.0011627131198252982,0.0012082729855985032
159.60000237822533,4.257931868778542e-05,-0.001239549252204597,9.8100004196167,4.775813522428507e-07,-0.00029239378636702895,-5.401549515227089e-06,270.0316381194808,-0.0011627095559560985,0.0012011663489071487
159.70000237971544,4.3269392335787416e-05,1.0450243280502036e-05,9.8100004196167,-1.4972669077906176e-06,-0.0002927619207184762,-1.1128640835522674e-06,270.0316381194808,-0.0011627061291648033,0.0011940595751437598
159.80000238120556,4.3959465983789414e-05,0.001260449760593474,9.8100004196167,2.629003574838862e-07,-0.0002920127590186894,-5.944668828306021e-07,270.0316381194808,-0.0011627025652813927,0.0011869529384524054
159.90000238269567,4.257931868778542e-05,-0.001239549252204597,9.8100004196167,-9.837419838731876e-07,-0.00029195297975093126,-3.0503136372317385e-07,270.0316381194808,-0.0011626991384758867,0.0011798461646890166
160.0000023841858,4.3269392335787416e-05,1.0450243280502036e-05,9.8100004196167,1.4320929153655015e-07,-0.0002919886610470712,-3.6548021853377577e-07,270.0316381194808,-0.001162695574606687,0.0011727395279976622
160.1000023856759,4.3269392335787416e-05,1.0450243280502036e-05,9.8100004196167,-3.5042194213019684e-07,-0.0002920586848631501,-4.683845133968134e-07,270.0316381194808,-0.0011626920107374872,0.0011656328913063076
160.20000238716602,4.3959465983789414e-05,0.001260449760593474,9.8100004196167,-6.367986316035967e-07,-0.0002921235573012382,-3.796262149080576e-07,270.0316381194808,-0.0011626885839319812,0.0011585261175429188
160.30000238865614,-0.12391788512468338,-0.001171438954770565,9.810056686401367,-4.3797388116217917e-07,0.00018158735474571586,3.158373544920323e-07,270.03152883645413,-0.0011626850200627814,0.0011514305836863442
160.40000239014626,-0.7797061800956726,0.0004390660615172237,9.810158729553223,-3.9289466258196626e-07,0.0007161771063692868,1.907813384605106e-06,270.03152883645413,-0.0011626815932572754,0.0011444050251032901
160.50000239163637,-1.5182815790176392,0.0008458814118057489,9.809773445129395,1.4156479437588132e-06,0.0007108701393008232,3.549280791048659e-06,270.03158347796744,-0.0011626780293880756,0.0011375155790503157
160.6000023931265,-1.8228259086608887,0.0022647613659501076,9.80939769744873,-9.843595307756914e-07,0.00017532760102767497,3.4956499348481884e-06,270.0316381194808,-0.0011626744655188759,0.001130789659934285
160.7000023946166,-1.5904732942581177,-0.00036315759643912315,9.809274673461914,-3.983797114415211e-08,-0.0005394734907895327,2.6564187010080786e-06,270.0316381194808,-0.0011626710387133699,0.0011242063642699642
160.80000239610672,-1.007496953010559,0.0005657473811879754,9.809499740600586,1.086346401280025e-06,-0.0010400370229035616,1.4928167502148426e-06,270.03166544023753,-0.0011626674748299592,0.0011177133305402432
160.90000239759684,-0.4767920672893524,0.0002729042316786945,9.809855461120605,-9.398730185239401e-07,-0.0010106411064043641,5.125087909618742e-07,270.03166544023753,-0.001162664048038664,0.001111262994749213
161.00000239908695,-0.357623428106308,0.001457290374673903,9.81004810333252,-3.7907435057604744e-07,-0.0005234790151007473,5.583683559962083e-07,270.03166544023753,-0.0011626604841694643,0.0011048446652781963
161.10000240057707,-0.691494882106781,-0.0008583000162616372,9.810070991516113,3.7587227552648983e-07,8.825530130707193e-06,1.6294010265482939e-06,270.03166544023753,-0.0011626569202860537,0.001098488223830675
161.20000240206718,-1.1657350063323975,0.0006537401932291687,9.809921264648438,-1.085385065380251e-06,0.0001928971178131178,2.3585380404256284e-06,270.0316927609942,-0.0011626534934947585,0.0010922364368813572
161.3000024035573,-1.4299445152282715,0.0008003847906365991,9.809635162353516,7.902597758402408e-07,-3.484660919639282e-05,2.673999460967025e-06,270.03172008175085,-0.0011626499296255588,0.0010861128808201457
161.40000240504742,-1.3350586891174316,0.001997813582420349,9.809525489807129,-3.264348151787999e-07,-0.0004640712577383965,2.4479654712195043e-06,270.03172008175085,-0.0011626465028200528,0.0010801089886448957
161.50000240653753,-0.9785179495811462,-0.0006987409433349967,9.809608459472656,-9.650593710830435e-07,-0.0008209419902414083,1.1027493656001752e-06,270.03174740250756,-0.0011626429389366422,0.0010741927540355932
161.60000240802765,-0.5955314636230469,0.0003393670776858926,9.809834480285645,-2.5080248633457813e-07,-0.0008537783287465572,7.683707394789963e-07,270.03174740250756,-0.0011626393750816533,0.0010683299089836583
161.70000240951777,-0.46269187331199646,0.00026596683892421424,9.809990882873535,-1.1638206842690124e-07,-0.0005516707897186279,3.255974831972708e-07,270.03174740250756,-0.001162636085339841,0.0010625085282221054
161.80000241100788,-0.655223548412323,0.0003727611619979143,9.810019493103027,6.48164984795585e-07,-0.00016956153558567166,1.1124997172373696e-06,270.03174740250756,-0.0011626325214706412,0.0010567458142912412
161.900002412498,-0.9892921447753906,0.0005577265401370823,9.809927940368652,-1.269267386305728e-06,1.2783084457623772e-07,1.9072400618824759e-06,270.03174740250756,-0.0011626289576014415,0.0010510718545025993
162.0000024139881,-1.1971275806427002,-0.0018262781668454409,9.8097505569458,-1.1794804777309764e-06,-0.00013259329716674984,1.827603568926861e-06,270.03180204402094,-0.0011626258049375338,0.001045505153580813
162.10000241547823,-1.1534795761108398,-0.006850559264421463,9.809670448303223,-3.840665385723696e-08,-0.0004433178110048175,1.6787355434644269e-06,270.03180204402094,-0.0011626230635073398,0.001040041942044938
162.20000241696835,-0.8882659077644348,0.0017523523420095444,9.809691429138184,1.8132109289581422e-06,-0.0007209960022009909,8.686643013788853e-07,270.03180204402094,-0.0011626204591124178,0.001034658369361003
162.30000241845846,-0.5966463685035706,-0.0009093016851693392,9.809842109680176,7.265904287123703e-07,-0.0007643548306077719,6.088208124310768e-07,270.03180204402094,-0.0011626178547601285,0.0010293282547704527
162.40000241994858,-0.48137861490249634,0.0015268680872395635,9.809962272644043,-1.2678982557190466e-06,-0.000539459113497287,6.703011194986175e-07,270.03180204402094,-0.0011626152503936282,0.0010240412493346962
162.5000024214387,-0.6251299381256104,-0.0008933439385145903,9.81006908416748,3.01537795621698e-07,-0.00023636345576960593,8.835847893351456e-07,270.03180204402094,-0.001162612646027128,0.001018810100752925
162.6000024229288,-0.890394926071167,0.0017541637644171715,9.809860229492188,5.450504545478907e-07,-9.69608809100464e-05,1.3491088566297549e-06,270.0318293647776,-0.001162609904596934,0.0010136590022391968
162.70000242441893,-1.0594125986099243,-0.0006517139263451099,9.809843063354492,-4.5672493342863163e-07,-0.0002051864139502868,1.6115900507429615e-06,270.03185668553425,-0.001162607300216223,0.0010086028261092352
162.80000242590904,-1.0169850587844849,0.0005751448916271329,9.809706687927246,-4.3745532707362145e-07,-0.00046689066221006215,1.0818723694683285e-06,270.03188400629097,-0.0011626046958497227,0.0010036378714181134
162.90000242739916,-0.7917962074279785,0.001699965912848711,9.809758186340332,3.23631638821098e-07,-0.0007007079548202455,8.403015385738399e-07,270.03188400629097,-0.0011626020914832225,0.0009987438515047524
163.00000242888927,-0.5352239012718201,-0.0009425976313650608,9.809890747070312,-4.171922682871809e-07,-0.0007261544233188033,3.246827873226721e-08,270.03188400629097,-0.001162599487130933,0.0009938977382673861
163.1000024303794,-0.4525030851364136,0.0015115024289116263,9.809971809387207,-5.431476211015251e-07,-0.0005139685235917568,6.265752290346427e-07,270.03188400629097,-0.0011625967456723174,0.0009890921983521784
163.2000024318695,-0.596296489238739,-0.0009083796758204699,9.809999465942383,1.2866371434938628e-06,-0.00024418419343419373,1.2103721473977203e-06,270.0319113270476,-0.0011625941412916063,0.000984340116530356
163.30000243335962,-0.8390355110168457,0.0017265928909182549,9.809976577758789,1.8707746107793355e-07,-0.0001394459104631096,1.4572295867765206e-06,270.0319113270476,-0.001162591536925106,0.0009796633557913918
163.40000243484974,-0.9817715287208557,-0.0006939761806279421,9.809793472290039,-1.3458449075187673e-06,-0.0002627891080919653,9.170240673483931e-07,270.0319113270476,-0.0011625889325728167,0.0009750744582264271
163.50000243633986,-0.6261481046676636,0.001608685008250177,9.8054838180542,-5.285053248371696e-07,-0.0031781536526978016,-3.8190532904991414e-06,270.03193864780434,-0.0011625863281921056,0.0009705417601955335
163.60000243782997,0.18531374633312225,-0.0013433224521577358,9.812215805053711,-5.956542281637667e-07,-0.0004835049039684236,3.0958603929320816e-06,270.03193864780434,-0.0011625835867477008,0.0009659923393764528
163.7000024393201,-0.4946272373199463,0.00028555464814417064,9.80506420135498,-5.176826789465849e-08,-0.00023024364782031626,1.8691322338781902e-06,270.03193864780434,-0.0011625809823812006,0.0009614873298964919
163.8000024408102,-0.5899027585983276,0.0015884824097156525,9.800858497619629,-6.588825272046961e-07,0.0007372674881480634,1.468273239879636e-06,270.03193864780434,-0.0011625783780289112,0.0009570351616857612
163.90000244230032,-1.3644368648529053,-0.0004803675692528486,9.827143669128418,-8.223776148952311e-07,0.0007086583063937724,1.6254186903097434e-06,270.03193864780434,-0.0011625757736482,0.0009527053302656613
164.00000244379044,-1.2609074115753174,0.0019618086516857147,9.813072204589844,2.7791929824161343e-07,-0.0002749365521594882,6.710279194521718e-07,270.03193864780434,-0.0011625731692816998,0.0009484887203459095
164.10000244528055,-0.34268203377723694,-0.001049411715939641,9.808476448059082,-7.838399938009388e-07,-0.001001269556581974,-3.6737151276611257e-07,270.03193864780434,-0.001162570427837295,0.0009443026774898112
164.20000244677067,0.12985765933990479,0.0011876660864800215,9.808614730834961,-7.800465482432628e-07,-0.0002596022095531225,-2.1066075817088858e-07,270.03193864780434,-0.0011625678234850056,0.0009401049149747785
164.30000244826078,-0.5911081433296204,-0.0009108113590627909,9.809337615966797,-7.238093076011864e-07,0.0007663900032639503,-1.9978394050212955e-07,270.03193864780434,-0.0011625652190900837,0.0009359601308010104
164.4000024497509,-1.2930469512939453,0.0007299136486835778,9.80936336517334,-1.1187540849277866e-07,0.0005006134742870927,-1.621465889911633e-05,270.03193864780434,-0.0011625626147377943,0.0009319313781042943
164.50000245124102,-0.976798415184021,-0.0019462949130684137,9.80935287475586,-4.1341334622302384e-07,-0.0004743043682537973,-5.045501438871725e-07,270.03193864780434,-0.0011625602845128924,0.0009279902144375086
164.60000245273113,-0.161746546626091,-0.006149992346763611,9.809503555297852,4.90472189085267e-07,-0.0008135984535329044,-2.0450275428629539e-07,270.031965968561,-0.001162558502571187,0.0009240633747983094
164.70000245422125,-0.016995098441839218,0.003769509494304657,9.810057640075684,2.3823336050554644e-06,3.181058127665892e-05,5.229833845987741e-07,270.031965968561,-0.0011625563094241897,0.0009201381114875049
164.80000245571136,-0.7874954342842102,-0.0033011813648045063,9.81024169921875,5.639440132654272e-07,0.0007410816615447402,1.2813292187274783e-06,270.031965968561,-0.0011625546645461782,0.0009162834402743752
164.90000245720148,-1.2505581378936768,-0.0005422772374004126,9.809770584106445,4.7009868353597994e-07,0.0002121981087839231,9.586298119756975e-07,270.03199328931765,-0.0011625528826186837,0.0009125409625213363
165.0000024586916,-0.6802746653556824,0.001639447407796979,9.809592247009277,1.6861235963006038e-07,-0.0007628370076417923,-6.887192682825116e-08,270.03199328931765,-0.0011625511006769784,0.0009088594132875528
165.1000024601817,0.07419984042644501,-0.0012814276851713657,9.809820175170898,-7.670894888178736e-07,-0.0006452002562582493,-1.356617360670498e-07,270.03199328931765,-0.001162549318749484,0.0009051711475240874
165.20000246167183,0.18279078602790833,-1.769534945487976,9.808621406555176,-0.0063063944689929485,-0.0011700248578563333,-0.1890813708305359,269.35588652375645,-0.0011627061291648033,0.0009014682150529499
165.30000246316195,2.2409043312072754,-1.2072573900222778,9.808053970336914,0.0015690276632085443,-0.003143239999189973,-0.13150127232074738,268.5562626172447,-0.0011629758868991757,0.0008975670764201857
165.40000246465206,4.318981170654297,-0.10521388053894043,9.80733871459961,0.0005191856762394309,-0.0028617873322218657,-0.11184466630220413,267.90662966490646,-0.0011632688098472954,0.000893278914898519
165.50000246614218,4.561038017272949,-0.2225106954574585,9.83906078338623,-0.00020387354015838355,0.001018436742015183,-0.0965353399515152,267.33125452922457,-0.0011636005241655312,0.0008885831011467846
165.6000024676323,2.091128349304199,-0.202178955078125,9.775612831115723,-0.0006406881147995591,-0.002366281347349286,-0.10502810031175613,266.8223507945453,-0.0011639604753383992,0.0008837012121084608
165.7000024691224,3.5362777709960938,-0.22465944290161133,9.803426742553711,-0.0006563091883435845,-0.0023515464272350073,-0.10664518922567368,266.37770547957746,-0.0011643605886035857,0.0008785042629992525
165.80000247061253,4.908810615539551,-1.9023261070251465,9.80516242980957,-0.00657985545694828,-0.00048526201862841845,-0.2449115663766861,265.34946148116705,-0.0011649656245538154,0.000872882322047635
165.90000247210264,4.577998638153076,-1.6912901401519775,9.806174278259277,-0.00044024601811543107,-0.0011381160002201796,-0.21659082174301147,264.14330471525614,-0.0011657629725903007,0.0008668675326456564
166.00000247359276,5.09999418258667,-2.7747645378112793,9.800826072692871,-0.008846786804497242,-0.00020752986893057823,-0.3872319757938385,262.3288786226206,-0.0011668669507542972,0.0008604326859945043
166.10000247508287,4.938996315002441,-5.238500595092773,9.79122543334961,-0.009313180111348629,0.0013535772450268269,-0.6046565175056458,259.33774753977525,-0.0011685129117466886,0.0008536493336960935
166.200002476573,4.383872985839844,-6.100988388061523,9.785221099853516,-0.007592770736664534,0.004583960399031639,-0.7296096682548523,255.44923888301696,-0.0011707850177913315,0.0008466225414647305
166.3000024780631,1.265917181968689,-6.474902153015137,9.785080909729004,-0.005621993914246559,0.00809508003294468,-0.8033812046051025,251.02578981046327,-0.0011736407765425838,0.0008396766902696334
166.40000247955322,-1.9836392402648926,-6.868505477905273,9.781106948852539,-0.0047026826068758965,0.008033029735088348,-0.8416711091995239,246.33954237940415,-0.001176986704891192,0.0008331401361690157
166.50000248104334,-3.449312210083008,-8.343252182006836,9.765645027160645,-0.009453522972762585,0.008367929607629776,-1.012597918510437,241.03737580975,-0.0011808345910395701,0.0008272352100025446
166.60000248253345,-2.954665184020996,-8.537216186523438,9.763771057128906,-0.0022471784614026546,0.005269373767077923,-0.9814057946205139,235.43369736937476,-0.0011851597620164966,0.0008219808962469734
166.70000248402357,-0.5376057624816895,-5.669731140136719,9.784380912780762,0.0030308053828775883,0.00036951666697859764,-0.7670736908912659,230.68761748118635,-0.0011898457065768753,0.0008170840663569087
166.8000024855137,1.698169231414795,-5.751713752746582,9.783578872680664,-0.004039900843054056,0.00044258637353777885,-0.819103479385376,226.16660598652817,-0.0011950071540383078,0.0008124321841921739
166.9000024870038,2.650588035583496,-6.996438503265381,9.776494026184082,-0.00413265498355031,0.0028879810124635696,-0.8829218149185181,221.2865177868241,-0.0012007593819447493,0.0008080924150495857
167.00000248849392,1.392202377319336,-7.101140975952148,9.776328086853027,-0.003027345985174179,0.005844637751579285,-0.9071707725524902,216.19040436405086,-0.0012069867015327418,0.0008041902483765641
167.10000248998404,-1.3839702606201172,-8.310067176818848,9.765426635742188,-0.007283254060894251,0.008987579494714737,-1.0495810508728027,210.5755517341935,-0.001213484327180936,0.0008009898219832436
167.20000249147415,-2.2883968353271484,-7.004426956176758,9.776391983032227,0.003939602058380842,0.004871431738138199,-0.837812602519989,205.39548162614247,-0.0012200646072670907,0.0007984420640813379
167.30000249296427,-2.0076913833618164,-6.700128555297852,9.775076866149902,-0.0054760039784014225,0.00455884076654911,-0.9230949878692627,200.3931057195385,-0.0012266843640844627,0.000796517092967365
167.40000249445438,-0.3009219169616699,-6.120279312133789,9.782879829406738,0.0025244085118174553,0.0005494040669873357,-0.7494296431541443,195.81984327772975,-0.0012334273486658276,0.0007951247152427426
167.5000024959445,1.5417828559875488,-5.68288516998291,9.784537315368652,-0.0031989049166440964,0.001149131916463375,-0.7923639416694641,191.42397450904457,-0.0012404062342312727,0.0007942014665555802
167.60000249743462,2.142207145690918,-4.5118608474731445,9.793985366821289,0.0038764439523220062,0.0011587375774979591,-0.6067602038383484,187.62939461375228,-0.00124762924507138,0.0007936512594098197
167.70000249892473,0.9981551170349121,-2.6195011138916016,9.803260803222656,0.0035510521847754717,0.0022766890469938517,-0.4526561200618744,184.790125956913,-0.001254960954028661,0.0007933255762562754
167.80000250041485,-0.8672159910202026,-1.7655463218688965,9.80671215057373,0.004146643914282322,0.0022871000692248344,-0.3008868098258972,182.81174800344047,-0.0012622226191894015,0.0007931602673828855
167.90000250190496,-1.9134008884429932,-1.135056972503662,9.807741165161133,0.0032671799417585135,0.0011860851664096117,-0.19991491734981537,181.49920421101746,-0.0012693152745271163,0.0007931000927598191
168.00000250339508,-1.6638200283050537,-0.8173633813858032,9.808195114135742,0.002372793620452285,-0.0004431488923728466,-0.13759879767894745,180.61039169432368,-0.0012762594808748418,0.0007931139370352853
168.1000025048852,-0.3763796091079712,-0.5934954881668091,9.808859825134277,0.0016509287524968386,-0.0020184097811579704,-0.09828183054924011,179.98021112074164,-0.0012831699674791253,0.0007931804169719305
168.2000025063753,1.2378013134002686,0.042297959327697754,9.809611320495605,0.00271350028924644,-0.0023885283153504133,-0.02232608199119568,179.723751177786,-0.0012901917565812937,0.0007932433330356835
168.30000250786543,1.8840659856796265,0.06825339794158936,9.809809684753418,0.0007899095071479678,-0.0010561682283878326,-0.01664705015718937,179.61896241553967,-0.0012973825554922769,0.000793300971826115
168.40000250935555,1.0177363157272339,-0.10968565940856934,9.810378074645996,0.00048099932610057294,0.0007015487644821405,-0.014662050642073154,179.5326971263224,-0.0013046643702523397,0.0007933690280911549
168.50000251084566,-0.4977051913738251,-0.07646027207374573,9.810498237609863,0.00037733069621026516,0.0014390080468729138,-0.010698245838284492,179.46477772521578,-0.0013119016365834568,0.0007934435267418077
168.60000251233578,-1.4232984781265259,-0.042083740234375,9.809849739074707,0.00027312577003613114,0.0008828549180179834,-0.007001372054219246,179.41885153323662,-0.001319011014714988,0.0007935203556170441
168.7000025138259,-1.3102507591247559,-0.02890944480895996,9.809415817260742,0.00016905786469578743,-0.0003214315802324563,-0.0050200060941278934,179.3870638328394,-0.0013260027850492406,0.0007935985552126237
168.800002515316,-0.3556807041168213,0.22486025094985962,9.809527397155762,0.0009040384320542216,-0.0015152503037825227,0.022053491324186325,179.46222323446622,-0.001332962891709144,0.0007936562625390724
168.90000251680613,0.854081928730011,0.17095279693603516,9.809635162353516,-2.494174987077713e-05,-0.0018012243090197444,0.014531588181853294,179.5572038450644,-0.0013399998958192327,0.0007936992346218318
169.00000251829624,1.3625984191894531,0.02079904079437256,9.809924125671387,-7.541099330410361e-05,-0.0008865615236572921,0.008142722770571709,179.614877962416,-0.001347159168176404,0.0007937412472003508
169.10000251978636,0.7762829661369324,0.018158137798309326,9.810330390930176,-3.484007902443409e-05,0.00037337798858061433,0.0052613974548876286,179.65001245550653,-0.0013543879360327082,0.0007937820946665781
169.20000252127647,-0.29725155234336853,0.01852470636367798,9.810352325439453,-3.565405495464802e-05,0.0009471121593378484,0.0034427212085574865,179.67253841938924,-0.0013615901119408136,0.0007938210916603422
169.3000025227666,-0.984565794467926,0.012929439544677734,9.809975624084473,-2.8295908123254776e-05,0.00057689577806741,0.0022874840069562197,179.68783804313006,-0.0013687038763663395,0.0007938585123257115
169.4000025242567,-0.9241818189620972,0.11007112264633179,9.809591293334961,0.0002981359139084816,-0.00029308523517102003,0.011966883204877377,179.73756182028777,-0.0013757347122265173,0.0007938856525885069
169.50000252574682,-0.2510163486003876,0.08202770352363586,9.809685707092285,-5.9484969824552536e-05,-0.0011224730405956507,0.00807255506515503,179.78971714479,-0.0013827432053403754,0.000793905390961449
169.60000252723694,0.5689591765403748,0.012058436870574951,9.809829711914062,-8.618098217993975e-05,-0.0012950723757967353,0.004134663846343756,179.82086280740523,-0.0013898026892462667,0.0007939243069021852
169.70000252872705,0.8896756768226624,0.012070000171661377,9.809943199157715,-2.6323075871914625e-05,-0.0006890380172990263,0.003058417234569788,179.83929065778594,-0.0013969420861457138,0.0007939423318746983
169.80000253021717,0.509665310382843,-0.00042188167572021484,9.810275077819824,-6.624126399401575e-05,0.00013259949628263712,0.0009001528960652649,179.8493446962442,-0.0014041272651326153,0.0007939604939192456
169.9000025317073,-0.1860465556383133,0.02158394455909729,9.810209274291992,4.441011697053909e-05,0.0005113802617415786,0.002690722467377782,179.86012273475447,-0.0014112954471698913,0.0007939767369553126
170.0000025331974,-0.6316900849342346,-0.004584670066833496,9.809990882873535,-8.977350080385804e-05,0.0002694364811759442,-0.0003575003065634519,179.86295043307086,-0.001418407018434209,0.0007939932541354481
170.10000253468752,-0.5833163261413574,0.0503656268119812,9.809828758239746,0.00018209777772426605,-0.0003074842970818281,0.0059538730420172215,179.88465677425316,-0.0014254663652906174,0.000794005179402434
170.20000253617764,-0.2619383931159973,0.04733310639858246,9.809806823730469,-2.77434301096946e-05,-0.00038639368722215295,0.004157678689807653,179.91376704049574,-0.0014325022727774694,0.0007940127869003387
170.30000253766775,-0.36076584458351135,0.006581544876098633,9.810070037841797,-4.297566192690283e-05,6.701035454170778e-05,0.0022546558175235987,179.92597941873174,-0.0014395056942504425,0.0007940197775740891
170.40000253915787,-0.9138867855072021,0.006649792194366455,9.81004810333252,-1.6587728168815374e-05,0.00047560801613144577,0.0016029451508074999,179.93744047615903,-0.001446427283696039,0.0007940261514236849
170.50000254064798,-1.4621975421905518,0.008103489875793457,9.809771537780762,-1.5299912774935365e-05,0.0004237038956489414,0.0011193881509825587,179.94765843915735,-0.001453217558108122,0.0007940316343050578
170.6000025421381,-1.6439950466156006,0.008116841316223145,9.809385299682617,6.938316801097244e-07,-2.782854062388651e-05,0.0011823347304016352,179.95153798660593,-0.001459860617188724,0.0007940362947542246
170.70000254362822,-1.402760624885559,-0.0048389434814453125,9.809469223022461,-4.136876668781042e-05,-0.0005852520116604865,-0.00018899158749263734,179.95153798660593,-0.0014663777070609285,0.0007940412978834773
170.80000254511833,-0.9260774254798889,-0.0038433074951171875,9.809584617614746,1.635635271668434e-08,-0.0009248241549357772,-2.9732496841461398e-05,179.95153798660593,-0.0014728118683393632,0.0007940465751567986
170.90000254660845,-0.5430413484573364,0.013438403606414795,9.809871673583984,3.8016121834516525e-05,-0.0008385154651477933,0.0013530256692320108,179.9604308929053,-0.0014791975061285711,0.000794050618781811
171.00000254809856,-0.5052498579025269,0.0002982616424560547,9.81001091003418,-4.0665443520992994e-05,-0.00043044358608312905,-0.0001658284745644778,179.95575904351298,-0.0014855377730782493,0.0007940546624068235
171.10000254958868,-0.7878955602645874,0.007723391056060791,9.81003475189209,4.030273703392595e-05,-4.1329996747663245e-05,0.0013062554644420743,179.96573111970122,-0.0014918074479339793,0.00079405788359963
171.2000025510788,-1.16328763961792,-0.0006480216979980469,9.809856414794922,-3.8280551962088794e-05,5.660013630404137e-05,-0.00016178250371012837,179.96573111970122,-0.0014979728109523194,0.0007940611047924365
171.3000025525689,-1.3186149597167969,-0.0038695335388183594,9.8096342086792,2.640706952661276e-06,-0.00015872978838160634,-2.3557668100693263e-05,179.96573111970122,-0.0015040198808264904,0.0007940646686653289
171.40000255405903,-1.2036550045013428,0.013849973678588867,9.809608459472656,3.6838348023593426e-05,-0.0005050552426837385,0.0012757644290104508,179.96573111970122,-0.0015099592120577654,0.0007940669303538951
171.50000255554914,-0.899625837802887,-0.0016530752182006836,9.809688568115234,-3.597652539610863e-05,-0.0007515057804994285,-0.0001673554361332208,179.97202855411595,-0.0015158176708212068,0.0007940692605784785
171.60000255703926,-0.6242383718490601,-0.0034056901931762695,9.809880256652832,2.9782531782984734e-06,-0.0007312442758120596,-2.426069841021672e-05,179.96573111970122,-0.0015216204783143894,0.0007940719334831478
171.70000255852938,-0.5652697086334229,0.011720895767211914,9.809922218322754,3.715959610417485e-05,-0.00047246747999452055,0.001252411282621324,179.98021112074164,-0.0015273724320792326,0.0007940735098115424
171.8000025600195,-0.7253222465515137,-0.001498103141784668,9.810011863708496,-3.76234675059095e-05,-0.00018939342407975346,-0.00016692192002665251,179.98021112074164,-0.001533059413702631,0.0007940751546759543
171.9000025615096,-0.9918335676193237,-0.0009750723838806152,9.809884071350098,4.751673259306699e-06,-9.264538675779477e-05,-2.3377328034257516e-05,179.98021112074164,-0.0015386575726665797,0.0007940769366124005
172.00000256299973,-1.1258188486099243,-0.0010241270065307617,9.809792518615723,-8.032657206058502e-08,-0.0002275870501762256,-1.6818393078210647e-06,179.98021112074164,-0.0015441545724712569,0.0007940786500128295
172.10000256448984,-1.0508557558059692,0.0002532005310058594,9.809647560119629,1.272361259907484e-06,-0.00048210748354904354,1.4519971500703832e-06,179.98021112074164,-0.0015495575408266404,0.0007940804319492757
172.20000256597996,-0.8294018507003784,-0.0002911686897277832,9.809770584106445,-5.413894541561604e-07,-0.0006766548613086343,8.886789260031946e-07,179.98021112074164,-0.0015548862161551824,0.0007940822138857218
172.30000256747007,-0.6078592538833618,-0.0002105236053466797,9.809890747070312,3.261375240981579e-07,-0.0006717428914271295,9.633290574129205e-07,179.98021112074164,-0.0015601601997587977,0.0007940839272861508
172.4000025689602,-0.5551761984825134,-0.00081634521484375,9.809928894042969,-6.362097337841988e-08,-0.0004734494141303003,5.283294512992143e-07,179.98021112074164,-0.001565384700356276,0.0007940857092225969
172.5000025704503,-0.6877264380455017,0.010485827922821045,9.809985160827637,3.3797521609812975e-05,-0.0002473756903782487,0.001156237325631082,180.00000500895632,-0.0015705473814335846,0.0007940866001908201
172.60000257194042,-0.890426754951477,-0.0014781355857849121,9.809917449951172,-3.4739976399578154e-05,-0.000169516570167616,-0.00016741149011068046,179.98021112074164,-0.001575630286609453,0.0007940875596950602
172.70000257343054,-1.000616192817688,0.0042337775230407715,9.809810638427734,3.629719140008092e-05,-0.0002836287603713572,0.0011013646144419909,179.98021112074164,-0.001580623409608961,0.0007940880394471804
172.80000257492065,-0.9356319308280945,0.009955942630767822,9.809762954711914,-2.3480970412492752e-07,-0.0005000697565265,0.0009392921929247677,180.00000500895632,-0.0015855327815899045,0.0007940876967670946
172.90000257641077,-0.7279475331306458,-0.006309926509857178,9.809786796569824,-2.7430825866758823e-05,-0.0006633548764511943,-0.00019684439757838845,179.98021112074164,-0.0015903767702099003,0.0007940879709111633
173.0000025779009,-0.5576915740966797,-0.006294667720794678,9.809879302978516,6.3740299083292484e-06,-0.0006462167366407812,-2.4462402507197112e-05,180.00000500895632,-0.0015951708645900453,0.0007940887933433692
173.100002579391,-0.5112960934638977,0.0024644136428833008,9.809981346130371,1.7715210560709238e-06,-0.00045743733062408864,-3.034453584405128e-06,180.00000500895632,-0.0015999191769537902,0.0007940892730954892
173.20000258088112,-0.6501143574714661,0.00620192289352417,9.809988975524902,9.96835296973586e-07,-0.00025823013857007027,5.851124456057732e-07,180.00000500895632,-0.0016046090966028714,0.0007940892730954892
173.30000258237123,-0.8365623354911804,-6.4849853515625e-05,9.80992603302002,6.747286533936858e-07,-0.00020741485059261322,1.5729899587313412e-06,180.00000500895632,-0.001609224037849799,0.0007940892730954892
173.40000258386135,-0.9204742908477783,-7.2479248046875e-05,9.809820175170898,-3.5134144127368927e-07,-0.00033476907992735505,1.5139120250751148e-06,180.00000500895632,-0.0016137564617366706,0.0007940892730954892
173.50000258535147,0.21928948163986206,3.0294060707092285e-05,9.808716773986816,-9.924988262355328e-07,-0.0001615270011825487,6.4579558056721e-07,180.00000500895632,-0.0016183087610670555,0.0007940892730954892
173.60000258684158,-0.3705410659313202,-0.014471083879470825,9.80980396270752,-3.358809044584632e-05,-0.0005366082186810672,-0.0011079763062298298,179.98021112074164,-0.0016228277518877121,0.0007940905752798153
173.7000025883317,-7.429610252380371,-0.000896453857421875,9.780560493469238,3.4611672163009644e-05,0.012154812924563885,-4.294036261853762e-05,180.00000500895632,-0.0016266801613937787,0.0007940918089281242
173.80000258982182,-8.265576362609863,0.001434326171875,9.824257850646973,2.196524292230606e-06,-0.005012236535549164,-1.5958125914039556e-06,179.98021112074164,-0.0016297911483036387,0.0007940927684323644
173.90000259131193,2.010713815689087,0.001056671142578125,9.813799858093262,-3.1436793506145477e-06,-0.006742022931575775,-3.7072172744956333e-06,180.00000500895632,-0.001633082933196306,0.0007940936594005875
174.00000259280205,4.247969627380371,0.0021381378173828125,9.808415412902832,-2.1690502762794495e-06,-0.005314236506819725,-5.193795459490502e-06,179.98021112074164,-0.0016367561895691551,0.0007940944818327935
174.10000259429216,5.074079513549805,-0.3121027946472168,9.806056022644043,-0.0005607756320387125,-0.003378073452040553,-0.02670617401599884,179.87027239586112,-0.0016408847992437359,0.0007941242264642409
174.20000259578228,5.272643566131592,-0.08327913284301758,9.831886291503906,0.00022928044199943542,-0.0020091247279196978,-0.015131354331970215,179.77100242646415,-0.0016454861703607548,0.0007941633605300393
174.3000025972724,3.0132248401641846,0.01044464111328125,9.786581039428711,2.2079446353018284e-05,0.0014161282451823354,-0.012042773887515068,179.69868438353205,-0.0016503575733821663,0.0007942028372759234
174.4000025987625,2.35929536819458,-0.014285564422607422,9.797529220581055,-4.1926687117666006e-05,-0.0009123642230406404,-0.009271339513361454,179.64064143596528,-0.0016554404785722454,0.0007942449183904596
174.50000260025263,4.068084716796875,-0.023786544799804688,9.806859016418457,-6.899773143231869e-05,-0.0017380943754687905,-0.013380845077335835,179.59121818713106,-0.0016608878582644593,0.0007942917284901799
174.60000260174274,5.074740886688232,-0.019755840301513672,9.806722640991211,5.3007155656814575e-05,-0.0028861130122095346,0.007769397459924221,179.55676671295754,-0.0016667904542231327,0.0007943438843992386
174.70000260323286,5.578378677368164,-0.019945144653320312,9.805438041687012,-0.00011859391815960407,-0.001132457284256816,-0.020279766991734505,179.52193274819047,-0.0016731930889335445,0.0007944019344057732
174.80000260472298,5.45029354095459,-0.018672943115234375,9.8046236038208,5.6232092902064323e-05,-0.0007705088937655091,0.006979949772357941,179.5038600676466,-0.0016800842483917222,0.0007944658785097834
174.9000026062131,4.942506790161133,-1.9319486618041992,9.8035249710083,-0.009060721844434738,0.0019347197376191616,-0.24099336564540863,178.67854098947728,-0.0016874143124994134,0.0007947126767075766
175.0000026077032,2.0966203212738037,-2.1892809867858887,9.807655334472656,-2.3729167878627777e-05,0.004402020014822483,-0.19192422926425934,177.50691766000998,-0.001694923529740322,0.0007951633010204036
175.10000260919333,-1.0835893154144287,-0.7054715156555176,9.810382843017578,0.0010589701123535633,0.0043130358681082726,-0.12451450526714325,176.67822446839068,-0.00170233158783617,0.0007956708787634905
175.20000261068344,-2.732067108154297,-2.887871742248535,9.804186820983887,-0.013027116656303406,0.00385083444416523,-0.401264488697052,175.15099416997583,-0.0017094734520526345,0.000796414700157728
175.30000261217356,-2.8417656421661377,-4.361537933349609,9.799715995788574,-0.0016840918688103557,0.0015449117636308074,-0.39969003200531006,172.8953241965791,-0.0017163138948461665,0.0007975140178729744
175.40000261366367,-1.9524848461151123,-4.984562873840332,9.793268203735352,-0.013586553744971752,0.001245667226612568,-0.6630216240882874,169.85258420436514,-0.0017229037699593164,0.0007990206451382026
175.5000026151538,0.45308780670166016,-5.47571325302124,9.792764663696289,-0.0010231934720650315,-0.001697111176326871,-0.5866715312004089,166.3892411630618,-0.0017294181183729052,0.0008010123017968721
175.6000026166439,2.5097784996032715,-5.035773277282715,9.791858673095703,-0.005972598679363728,-0.00019438518211245537,-0.6882879734039307,162.70005108666282,-0.001736014024686483,0.0008034999536117286
175.70000261813402,2.469437599182129,-6.279434680938721,9.785207748413086,-0.005297553725540638,0.0029723201878368855,-0.7739160060882568,158.4744452736077,-0.0017426103421769312,0.0008065904482335243
175.80000261962414,0.5178759098052979,-6.502175331115723,9.78368091583252,-0.003921914845705032,0.00567264948040247,-0.8125790953636169,153.94337974049128,-0.0017489935126633327,0.0008102227200709698
175.90000262111425,-1.611769676208496,-6.643967628479004,9.781314849853516,-0.0030899944249540567,0.006039086729288101,-0.8265175819396973,149.296938651915,-0.0017549494296247303,0.0008142910180495873
176.00000262260437,-2.4397077560424805,-6.697525501251221,9.779317855834961,-0.002498675836250186,0.00483626127243042,-0.8282900452613831,144.62215227828318,-0.0017603809089763445,0.0008187199525505007
176.1000026240945,-1.8266764879226685,-6.602632522583008,9.779303550720215,-0.0025760913267731667,0.0029031408485025167,-0.8252545595169067,139.95875866018693,-0.0017653079632680146,0.0008234947197940034
176.2000026255846,-0.0505523681640625,-6.5610737800598145,9.779593467712402,-0.003187626600265503,0.0011775861494243145,-0.832875669002533,135.27558481425433,-0.001769819826336061,0.0008286823480048779
176.30000262707472,1.8142619132995605,-6.600873947143555,9.779367446899414,-0.0032089469023048878,0.0015584782231599092,-0.8499497175216675,130.50480696202715,-0.0017739899688393734,0.0008343763888465477
176.40000262856483,2.013242244720459,-6.576982498168945,9.779812812805176,-0.0026440080255270004,0.0037158909253776073,-0.8587127923965454,125.66018110449379,-0.0017777887831869066,0.0008405592970986197
176.50000263005495,0.40429264307022095,-6.528643608093262,9.780800819396973,-0.002000440377742052,0.0056276824325323105,-0.8497488498687744,120.83252143685874,-0.0017811059264118967,0.0008470719321292486
176.60000263154507,-1.4269047975540161,-6.52600622177124,9.780531883239746,-0.0016499236226081848,0.005711462814360857,-0.83211749792099,116.09534811534802,-0.0017838440773800812,0.0008537256828192098
176.70000263303518,-2.1099188327789307,-6.452606201171875,9.78023624420166,-0.0015223200898617506,0.004450700711458921,-0.8134453892707825,111.46607812234515,-0.0017859770552917098,0.0008604139756618196
176.8000026345253,-2.022134780883789,-7.797922611236572,9.768589973449707,-0.008783389814198017,0.005051088985055685,-0.9832186102867126,106.32825956449982,-0.001787391227480839,0.0008671240629578863
176.90000263601542,0.019023051485419273,-6.514339447021484,9.781113624572754,0.0041711945086717606,0.0001517977798357606,-0.762096643447876,101.54044039029345,-0.0017882361394896407,0.000873952306347537
177.00000263750553,2.4683356285095215,-3.10778546333313,9.799128532409668,0.004295995458960533,-0.0009420790011063218,-0.5542238354682922,98.02195040163143,-0.0017888387081512747,0.000881038656377812
177.10000263899565,2.382916212081909,-2.3555989265441895,9.803597450256348,0.003137103049084544,0.0007680004346184433,-0.42212632298469543,95.39951976037254,-0.0017892529398579882,0.000888357549114311
177.20000264048576,0.3543955981731415,-2.032676935195923,9.806500434875488,0.0025883137714117765,0.0024643426295369864,-0.32696303725242615,93.37649286029563,-0.0017894885666720484,0.0008957188656454321
177.30000264197588,-1.5043762922286987,-1.3762550354003906,9.8079833984375,0.0032382356002926826,0.0020762921776622534,-0.2177307903766632,91.94616245563574,-0.0017895975389450314,0.0009029492098477603
177.400002643466,-2.1304471492767334,-0.8390117883682251,9.808218002319336,0.002560962922871113,0.0007938586641103029,-0.1443793773651123,90.99807072713546,-0.001789628791371456,0.0009099898463545898
177.5000026449561,-1.5406638383865356,-0.5896584391593933,9.808553695678711,0.0017997862305492163,-0.0009659618372097611,-0.0999569371342659,90.35405902048412,-0.0017896068598304282,0.0009168925883948932
177.60000264644623,0.05697966739535332,-0.11065255850553513,9.809362411499023,0.0022875091526657343,-0.0025254858192056417,-0.0377853699028492,90.02876443107309,-0.00178957547034031,0.0009238005391725008
177.70000264793634,1.7224931716918945,-0.03370410576462746,9.809503555297852,0.0008722760831005871,-0.0023615779355168343,-0.02649548463523388,89.85912985284665,-0.0017895407911225902,0.0009308632442768558
177.80000264942646,2.0017569065093994,-0.13027024269104004,9.809846878051758,0.0005724227521568537,-0.0005963181611150503,-0.020388590171933174,89.73303090038988,-0.0017894937754050488,0.0009381053766741355
177.90000265091658,0.6998123526573181,-0.09581226855516434,9.810587882995605,0.00042963598389178514,0.0011973001528531313,-0.014505614526569843,89.6404135352445,-0.001789437987113729,0.0009454102195271168
178.0000026524067,-0.9259707927703857,-0.052812833338975906,9.810388565063477,0.00031072631827555597,0.0015941810561344028,-0.009676131419837475,89.57690643634173,-0.001789378223676863,0.0009526318596552657
178.1000026538968,-1.6763911247253418,-0.031746167689561844,9.809599876403809,0.00021569551608990878,0.0007315510301850736,-0.006355284247547388,89.5350032257837,-0.0017893168154188288,0.0009597029946897313
178.20000265538692,-1.2906304597854614,0.16346926987171173,9.80936336517334,0.0007501472719013691,-0.0006760873948223889,0.015452321618795395,89.58227496502936,-0.0017892708962818915,0.0009666586465352824
178.30000265687704,-0.06160792335867882,0.12373574078083038,9.809433937072754,1.5441111827385612e-05,-0.0019041434861719608,0.010216545313596725,89.6493201019222,-0.0017892360799862672,0.0009736087469634434
178.40000265836716,1.2282119989395142,0.021897152066230774,9.809673309326172,-3.411951911402866e-05,-0.0018738540820777416,0.005561101250350475,89.68902399156748,-0.0017892026344128453,0.000980669190379232
178.50000265985727,1.5117628574371338,0.008995025418698788,9.809988021850586,-1.016692567645805e-05,-0.0006193421431817114,0.0035985512658953667,89.71286135177083,-0.0017891691888252126,0.0009878652665729804
178.6000026613474,0.6163647174835205,0.0030539408326148987,9.81042194366455,-4.4055359467165545e-05,0.0007412913255393505,0.0014018270885571837,89.72473222054832,-0.0017891358803296953,0.0009951165142605422
178.7000026628375,-0.6024114489555359,-0.003988461568951607,9.81033706665039,-4.833228558709379e-06,0.0011235487181693316,0.001133243553340435,89.73163071161002,-0.0017891024347562734,0.0010023137555665823
178.80000266432762,-1.2099542617797852,0.027239767834544182,9.809809684753418,4.717090632766485e-05,0.0005137565894983709,0.002697140444070101,89.74398652381858,-0.0017890718676767392,0.0010094023672854238
178.90000266581774,-0.9517232179641724,0.10072510689496994,9.809542655944824,0.0002527401957195252,-0.0005375871551223099,0.010573838837444782,89.78924335725908,-0.0017890506215110236,0.001016405651662901
179.00000266730785,-0.06706298887729645,0.06642396003007889,9.809622764587402,-5.723520735045895e-05,-0.001405239338055253,0.006794453598558903,89.83438407748369,-0.001789035406531525,0.0010234029734068851
179.10000266879797,0.8280014991760254,0.013492024503648281,9.809808731079102,-4.884689042228274e-05,-0.0013888922985643148,0.004136718809604645,89.8624903059183,-0.0017890211510405152,0.001030474656729488
179.2000026702881,1.0311870574951172,0.01234190259128809,9.81006908416748,-3.776482481043786e-05,-0.0005398276261985302,0.0025118975900113583,89.87960675997836,-0.0017890078550522048,0.0010376387951392398
179.3000026717782,0.43218350410461426,0.010958499275147915,9.810260772705078,-1.3516605577024166e-05,0.00038308039074763656,0.002070052083581686,89.89209234578114,-0.0017889953814886894,0.0010448417249347042
179.40000267326832,-0.384937047958374,0.015720000490546227,9.81022834777832,-1.0786403436213732e-05,0.0006630622083321214,0.0017251322278752923,89.90246740313039,-0.0017889842786473764,0.0010520099755054854
179.50000267475843,-0.8057231903076172,0.0316079705953598,9.809944152832031,7.121823000488803e-05,0.0002523801231291145,0.004097499884665012,89.92126408372626,-0.0017889761914062774,0.0010591060576501973
179.60000267624855,-0.6183916926383972,0.03328462690114975,9.8096923828125,-1.5527875802945346e-05,-0.0004669591726269573,0.003039868548512459,89.94034080207811,-0.0017889711197369706,0.0010661466256210094
179.70000267773867,-0.0291332695633173,0.008862587623298168,9.809794425964355,-1.9809494915534742e-05,-0.0010137195931747556,0.002038120524957776,89.9536460105813,-0.0017889670075703634,0.0010731845206871525
179.80000267922878,0.5341006517410278,0.009197316132485867,9.809864044189453,-2.5876799554680474e-05,-0.0009753556223586202,0.0010961736552417278,89.96151438850515,-0.0017889634437153745,0.0010802703909653076
179.9000026807189,0.6307635307312012,0.00043713708873838186,9.810059547424316,2.9083048502798192e-06,-0.0004284088499844074,0.001250367145985365,89.96832408710765,-0.0017889598798461748,0.001087413009065671
180.00000268220901,0.2543428838253021,0.00015993007400538772,9.810229301452637,-4.319247818784788e-05,0.00013183819828554988,-0.0002033979690168053,89.96978574759002,-0.001788956453026458,0.0010945783125877143
180.10000268369913,-0.24619098007678986,0.0011389529099687934,9.810110092163086,-4.5952899085932586e-07,0.00029360470944084227,-3.473199103609659e-05,89.96930080415896,-0.0017889530262209519,0.001101721410440198
180.20000268518925,-0.49040156602859497,-0.0014976630918681622,9.809961318969727,-4.573966634779936e-06,2.434958514641039e-05,-5.499381131812697e-06,89.96920518151057,-0.0017889495994438676,0.0011088206452416992
180.30000268667936,-0.3554851710796356,-0.0014251108514145017,9.809856414794922,-1.5690498003095854e-06,-0.00041972388862632215,-8.910438396014797e-07,89.96920518151057,-0.0017889460355746678,0.0011158878051871694
180.40000268816948,0.001056954963132739,0.011323697865009308,9.809844017028809,4.283413727534935e-05,-0.0007245614542625844,0.001468450645916164,89.97481959700833,-0.0017889434311797459,0.0011229552392767084
180.5000026896596,0.31898969411849976,0.00014453567564487457,9.809953689575195,-4.2894349462585524e-05,-0.000680327822919935,-0.00016941425565164536,89.97683450281349,-0.0017889408268274565,0.0011300513214214203
180.6000026911497,0.3642114996910095,0.00893688015639782,9.810070991516113,4.761288073495962e-05,-0.00035799137549474835,0.0014499406097456813,89.98208691828522,-0.001788939044899962,0.0011371800267103002
180.70000269263983,0.13785076141357422,0.02009776048362255,9.810103416442871,2.352407591388328e-06,-3.775862205657177e-05,0.0013095419853925705,89.9897435603448,-0.001788939044899962,0.001144320999946252
180.80000269412994,-0.1524585485458374,-0.011257230304181576,9.810070037841797,-4.018782055936754e-05,4.967733548255637e-05,-0.0001896880567073822,89.99139646612394,-0.001788937948305147,0.0011514482659787716
180.90000269562006,-0.2877228856086731,-0.01127980463206768,9.80998420715332,1.2726804925478064e-06,-0.00011552046635188162,-3.244628169341013e-05,89.99093884344956,-0.001788936029299748,0.0011585499680768906
181.00000269711018,-0.20151185989379883,0.0037335173692554235,9.80992603302002,-1.477712999076175e-06,-0.0003808532783295959,-5.7220681810576934e-06,89.99084322080118,-0.0017889343844501582,0.0011656333025224107
181.1000026986003,0.013671823777258396,-0.0012373527279123664,9.809892654418945,-2.521457417969941e-06,-0.0005467901937663555,-1.6713820514269173e-06,89.99084322080118,-0.001788932602494242,0.001172718007688274
181.2000027000904,0.18891723453998566,4.0610539144836366e-05,9.80999755859375,-8.375895959034096e-07,-0.0005091924103908241,-1.1504295116537833e-06,89.99084322080118,-0.0017889308205667476,0.0011798195727143585
181.30000270158052,0.20653748512268066,0.0012934068217873573,9.81002426147461,-3.928788032681041e-07,-0.000320492428727448,-8.521700465280446e-07,89.99084322080118,-0.0017889290386250423,0.0011869397795371108
181.40000270307064,0.07146655023097992,-0.00122812669724226,9.810047149658203,1.2540263938376484e-08,-0.00014028005534783006,-5.513424525815935e-07,89.9908159000445,-0.0017889272566975478,0.0011940662916734416
181.50000270456076,-0.09371745586395264,0.001245470019057393,9.810097694396973,3.39814363314872e-08,-9.661621879786253e-05,1.3324189751529047e-08,89.99084322080118,-0.0017889256118195362,0.0012011844424156789
181.60000270605087,-0.16761617362499237,0.020057575777173042,9.809940338134766,4.514781176112592e-05,-0.00019670768233481795,0.0014697617152705789,89.99645763629893,-0.0017889257488974408,0.001208287515234141
181.700002707541,-0.11137837171554565,0.020111821591854095,9.809959411621094,2.158002280339133e-05,-0.00035020982613787055,0.001915171043947339,90.006463863433,-0.0017889276679170507,0.0012153807188661323
181.8000027090311,0.014982277527451515,0.012569335289299488,9.809961318969727,-1.070562211680226e-05,-0.0004415588336996734,0.0012106572976335883,90.01457129797781,-0.0017889306835030538,0.0012224751561464321
181.90000271052122,0.11261766403913498,-0.010015656240284443,9.809989929199219,-3.823379665846005e-05,-0.00041398347821086645,-0.00021010816271882504,90.01595782637932,-0.0017889327395721466,0.001229579736757272
182.00000271201134,0.11768342554569244,-0.00501598697155714,9.810017585754395,3.167151305660809e-07,-0.0003028778010047972,-3.6701312637887895e-05,90.0154387320024,-0.001788934521513852,0.0012366947348427199
182.10000271350145,0.036388326436281204,0.001255963696166873,9.810057640075684,-2.146245606127195e-06,-0.00020130022312514484,-6.57137297821464e-06,90.01534993954319,-0.0017889363034413464,0.0012438131597290259
182.20000271499157,-0.057467252016067505,3.1065552320796996e-05,9.810019493103027,-1.2519260508270236e-06,-0.0001803165941964835,-1.352725803371868e-06,90.01533627916484,-0.001788937948305147,0.0012509262388059933
182.30000271648169,-0.0963025763630867,-0.0012137906160205603,9.809980392456055,-1.2142729133302055e-07,-0.00024119179579429328,-3.327117212847952e-07,90.01533627916484,-0.0017889397302468524,0.001258030819416833
182.4000027179718,-0.06380191445350647,0.0012775114737451077,9.809981346130371,1.153674844545094e-07,-0.0003297961666248739,-3.892302800068137e-07,90.01533627916484,-0.0017889415121885577,0.0012651296430022314
182.50000271946192,0.012511358596384525,-0.001242895028553903,9.809951782226562,-1.825945560085529e-06,-0.00037913606502115726,-3.8788382994425774e-07,90.01533627916484,-0.0017889432941160521,0.0012722295631639041
182.60000272095203,0.06634154915809631,0.0012427211040630937,9.810009002685547,1.4263557090998802e-07,-0.00036034820368513465,-6.503229315057979e-07,90.01533627916484,-0.0017889450760577574,0.0012793356515671214
182.70000272244215,0.06762512773275375,-7.612182798766298e-06,9.810009002685547,-1.1111279718534206e-06,-0.00029514633934013546,-5.050181925980723e-07,90.01532944897568,-0.0017889467209215582,0.0012864474969957798
182.80000272393227,0.016345558688044548,-0.0012438978301361203,9.810039520263672,-1.4862428088235902e-06,-0.00023823902301955968,-4.5619296429322276e-07,90.01532944897568,-0.0017889485028632635,0.001293560850216816
182.90000272542238,-0.03496574983000755,0.0012698158388957381,9.810009956359863,9.465478001402516e-07,-0.00022816352429799736,-3.1729192073726153e-07,90.01532944897568,-0.001788950284790758,0.0013006711878530972
183.0000027269125,-0.05501044914126396,2.5167697458527982e-05,9.809981346130371,1.1211430717139592e-07,-0.00026508053997531533,-3.4298000173293985e-07,90.01532944897568,-0.001788952066746674,0.0013077765908961429
183.10000272840261,-0.03251077979803085,-0.001230853027664125,9.809990882873535,1.1860951332209879e-07,-0.00031662103720009327,-6.452306138271524e-07,90.01532944897568,-0.0017889538486599577,0.0013148789783544333
183.20000272989273,0.0075272307731211185,0.0012584432261064649,9.80997085571289,2.8211044167392174e-08,-0.0003430333163123578,-5.345752356333833e-07,90.01532944897568,-0.0017889554935379692,0.0013219820511728955
183.30000273138285,0.03882217034697533,-0.001249918364919722,9.810029983520508,7.870881404414831e-07,-0.00032985827419906855,-5.320222271620878e-07,90.01532944897568,-0.0017889572754654637,0.00132908868786425
183.40000273287296,0.03759154677391052,0.0012504163896664977,9.809990882873535,7.171217362156312e-07,-0.00029214643291197717,-4.883283963863505e-07,90.01532944897568,-0.001788959057407169,0.0013361986142844283
183.50000273436308,0.010072505101561546,7.774653568048961e-06,9.810019493103027,-1.0991300314344699e-06,-0.0002598374558147043,-4.626170664323581e-07,90.01532944897568,-0.0017889608393346634,0.0013433093631368123
183.6000027358532,-0.021214080974459648,-0.0012338639935478568,9.809990882873535,-5.4542013572245196e-08,-0.00025570206344127655,-6.06694698035426e-07,90.01532944897568,-0.0017889626212905796,0.0013504183300527503
183.7000027373433,-0.03374158591032028,-0.012543713673949242,9.810019493103027,-4.516835542744957e-05,-0.0002782136725727469,-0.0014727781526744366,90.00968771272125,-0.0017889630325100825,0.0013575241443118987
183.80000273883343,-0.019988611340522766,-0.008800959214568138,9.809981346130371,-2.1290325094014406e-06,-0.00030771104502491653,-0.001309337792918086,90.00201058009415,-0.001788962895432178,0.0013646283137066354
183.90000274032354,0.00878509134054184,0.001255167881026864,9.809981346130371,3.87471700378228e-05,-0.00032209217897616327,0.00019141382654197514,90.00037133469334,-0.0017889627583542733,0.0013717331684615437
184.00000274181366,0.02006082981824875,0.0012549295788630843,9.810009956359863,-1.8134435322281206e-06,-0.00031355489045381546,3.226203261874616e-05,90.00084944793525,-0.0017889627583542733,0.0013788399422249326
184.10000274330378,0.025060810148715973,4.8557776608504355e-06,9.80997085571289,2.828642777785717e-07,-0.00029104662826284766,4.933603577228496e-06,90.00084944793525,-0.0017889627583542733,0.0013859489091408706
184.2000027447939,0.0038108115550130606,5.169769792701118e-06,9.810088157653809,1.1579691090446431e-06,-0.00027278115157969296,4.429553825957555e-07,90.00084944793525,-0.0017889627583542733,0.001393058150200877
184.300002746284,-0.013711408711969852,1.0676464626158122e-05,9.809951782226562,6.194581487761752e-07,-0.00027149857487529516,-2.5281281068600947e-07,90.00094507058363,-0.0017889627583542733,0.0014001661576125747
184.40000274777412,-0.019961407408118248,1.0779429430840537e-05,9.81005859375,1.5595124978062813e-06,-0.0002848236181307584,-3.595715440951608e-07,90.00094507058363,-0.0017889627583542733,0.0014072723830878262
184.50000274926424,-0.00747324712574482,-0.0125504732131958,9.809883117675781,-4.536673077382147e-05,-0.00030125913326628506,-0.0014729660470038652,89.9953033343292,-0.0017889616617736692,0.0014143780602749404
184.60000275075436,0.0037897611036896706,1.0891725651163142e-05,9.81005859375,4.1211496863979846e-05,-0.0003101568145211786,0.00016311161743942648,89.99325427757819,-0.0017889604281151605,0.001421483874534089
184.70000275224447,0.012552408501505852,0.012511834502220154,9.8100004196167,-3.2746588658483233e-06,-0.0003036452108062804,2.76748942269478e-05,89.99365042855005,-0.0017889604281151605,0.001428590785369512
184.8000027537346,0.012559561058878899,0.007568059954792261,9.8100004196167,4.588751835399307e-05,-0.00029146618908271194,0.0014771781861782074,89.99938778745286,-0.0017889611134762617,0.0014356990669252784
184.9000027552247,0.0038025311660021544,-0.0037396433763206005,9.8100004196167,-3.928838123101741e-05,-0.0002809952129609883,-0.0001628370227990672,90.0014300140147,-0.0017889615246957646,0.001442807485553079
185.00000275671482,-0.011210305616259575,-0.0037393474485725164,9.8100004196167,2.977400299641886e-06,-0.0002808455319609493,-2.8398510039551184e-05,90.00102703285367,-0.0017889615246957646,0.0014499149446766395
185.10000275820494,-0.008710239082574844,1.0607627700665034e-05,9.810029983520508,-8.520795518052182e-07,-0.0002890024916268885,-5.098914698464796e-06,90.00102703285367,-0.0017889615246957646,0.0014570217184400284
185.20000275969505,-0.009960238821804523,1.0630042197590228e-05,9.80997085571289,-7.156962245069565e-10,-0.0002978480770252645,-1.2308645409575547e-06,90.00102703285367,-0.0017889615246957646,0.0014641275326991768
185.30000276118517,0.007539760787039995,1.0315341569366865e-05,9.80997085571289,6.508025762741454e-07,-0.0003023573663085699,-7.960760513014975e-07,90.00102703285367,-0.0017889615246957646,0.0014712338952464626
185.40000276267529,0.00503976084291935,1.0360330634284765e-05,9.8100004196167,-4.955413146490173e-07,-0.00029879226349294186,-6.327109076664783e-07,90.00102703285367,-0.0017889615246957646,0.0014783408060818858
185.5000027641654,0.012539760209619999,1.0225468940916471e-05,9.810009956359863,-2.3858387976360973e-07,-0.00029148964677006006,-5.246727710073174e-07,90.00102703285367,-0.0017889615246957646,0.0014854488134935836
185.60000276565552,0.00503976084291935,1.0360372471041046e-05,9.810039520263672,1.642557379000209e-07,-0.0002854086342267692,-3.368639909240301e-07,90.00102703285367,-0.0017889615246957646,0.0014925573691934185
185.70000276714563,-0.018710236996412277,1.0787434803205542e-05,9.810009956359863,-2.7981347017203007e-08,-0.00028529169503599405,-2.0309025217102317e-07,90.00102703285367,-0.0017889615246957646,0.0014996641429568071
185.80000276863575,-0.0012102389009669423,1.047271416609874e-05,9.809990882873535,1.5659468033391022e-07,-0.0002904958091676235,-3.9733291146148986e-07,90.00102703285367,-0.0017889615246957646,0.001506770916720196
185.90000277012587,0.0012897609267383814,1.0427746019558981e-05,9.809981346130371,9.085393912755535e-07,-0.0002955990785267204,-2.5455759100623254e-07,90.00102703285367,-0.0017889615246957646,0.0015138775534115506
186.00000277161598,-0.0012102390173822641,1.047270416165702e-05,9.809981346130371,7.361415299556029e-08,-0.00029802683275192976,-5.555614848162804e-07,90.00102703285367,-0.0017889615246957646,0.001520984190102905
186.1000027731061,3.9761103835189715e-05,1.045025510393316e-05,9.810009956359863,1.853142521213158e-06,-0.00029568697209469974,-5.594214371740236e-07,90.00102703285367,-0.0017889615246957646,0.0015280909638662938
186.20000277459621,3.9761027437634766e-05,1.045023509504972e-05,9.809990882873535,-1.0517943564991583e-06,-0.0002913538774009794,-4.655118743812636e-07,90.00102703285367,-0.0017889615246957646,0.0015351976005576482
186.30000277608633,3.976122388849035e-05,1.0450286936247721e-05,9.810039520263672,8.171743388629693e-07,-0.00028863459010608494,-4.3979466113341914e-07,90.00102703285367,-0.0017889615246957646,0.001542304374321037
186.40000277757645,3.9761027437634766e-05,1.045023509504972e-05,9.809990882873535,-3.661577707703145e-08,-0.0002888787421397865,-4.372237185634731e-07,90.00102703285367,-0.0017889615246957646,0.0015494110110123916
186.50000277906656,3.9761027437634766e-05,1.045023509504972e-05,9.809990882873535,-1.1086490303569008e-06,-0.00029160224949009717,-2.4554734068260586e-07,90.00102703285367,-0.0017889615246957646,0.001556517647703746
186.60000278055668,3.976106381742284e-05,1.045024509949144e-05,9.8100004196167,1.7874361901704106e-06,-0.00029415360768325627,-6.198644655341923e-07,90.00102703285367,-0.0017889615246957646,0.0015636244214671349
186.7000027820468,4.485045428737067e-05,0.013817925937473774,9.8100004196167,4.518710920820013e-05,-0.00029577751411125064,0.0014721446204930544,90.00658680683806,-0.0017889627583542733,0.0015707310581584892
186.8000027835369,4.6361157728824764e-05,0.0050156754441559315,9.8100004196167,-4.220807022647932e-05,-0.00029496746719814837,-0.0001639251713640988,90.0086290333999,-0.0017889645402817678,0.001577837831921878
186.90000278502703,4.4538894144352525e-05,-0.023797955363988876,9.8100004196167,-4.285184695618227e-05,-0.0002920274273492396,-0.0015012609073892236,90.00257748579526,-0.0017889639919985711,0.0015849444686132327
187.00000278651714,4.445938975550234e-05,0.002510450081899762,9.8100004196167,4.133357651880942e-05,-0.000290176656562835,0.0001583042467245832,90.0004737875309,-0.0017889638549206666,0.001592051105304587
187.10000278800726,4.2137566197197884e-05,0.002510450314730406,9.8100004196167,-2.207292482125922e-06,-0.00029032386373728514,2.671884976734873e-05,90.0008631083136,-0.0017889638549206666,0.0015991578790679759
187.20000278949738,4.2099949496332556e-05,1.045024509949144e-05,9.8100004196167,-4.42748131490589e-08,-0.00029174546943977475,4.242533577780705e-06,90.0008631083136,-0.0017889638549206666,0.0016062645157593303
187.3000027909875,4.2099949496332556e-05,1.045024509949144e-05,9.8100004196167,-6.257201903281384e-07,-0.0002936867531388998,3.3718384884195984e-07,90.0008631083136,-0.0017889638549206666,0.0016133712895227191
187.4000027924776,4.209990947856568e-05,1.0450234185555018e-05,9.809990882873535,-4.790057346326648e-07,-0.00029437686316668987,-2.185130085763376e-07,90.0008631083136,-0.0017889638549206666,0.0016204779262140737
187.50000279396772,4.2099989514099434e-05,1.045025510393316e-05,9.810009956359863,-4.778272568728426e-07,-0.00029344193171709776,-3.535781729624432e-07,90.0008631083136,-0.0017889638549206666,0.001627584562905428
187.60000279545784,0.0012920999433845282,1.0431436749058776e-05,9.8100004196167,1.0172435622735065e-06,-0.0002920981787610799,-6.365914373418491e-07,90.0008631083136,-0.0017889638549206666,0.001634691336668817
187.70000279694796,-0.0012079000007361174,1.0469053449924104e-05,9.8100004196167,3.041768081857299e-07,-0.0002911812043748796,-3.9090306813704956e-07,90.0008631083136,-0.0017889638549206666,0.0016417979733601713
187.80000279843807,4.2099949496332556e-05,1.045024509949144e-05,9.8100004196167,-2.596862316295301e-07,-0.00029130192706361413,-4.655081227156188e-07,90.0008631083136,-0.0017889638549206666,0.0016489047471235601
187.9000027999282,4.2099949496332556e-05,1.045024509949144e-05,9.8100004196167,-1.1682641343213618e-06,-0.0002924932923633605,-3.677424444958888e-07,90.0008631083136,-0.0017889638549206666,0.0016560113838149147
188.0000028014183,4.2099949496332556e-05,1.045024509949144e-05,9.8100004196167,7.277126314875204e-07,-0.0002927168970927596,-4.3718472397813457e-07,90.0008631083136,-0.0017889638549206666,0.001663118020506269
188.10000280290842,4.2099949496332556e-05,1.045024509949144e-05,9.8100004196167,-1.000946099338762e-06,-0.00029365936643444,-2.918275470165099e-07,90.0008631083136,-0.0017889638549206666,0.001670224794269658
188.20000280439854,4.813722989638336e-05,0.023844052106142044,9.810009956359863,6.433172529796138e-05,-0.000292782875476405,0.0020820226054638624,90.0089227315342,-0.0017889659110039702,0.0016773314309610123
188.30000280588865,4.392365735839121e-05,-0.002484324388206005,9.809990882873535,-5.8533634728519246e-05,-0.00029260959126986563,-0.00023153270012699068,90.01180507136395,-0.0017889678300093692,0.0016844382047244012
188.40000280737877,4.419371180119924e-05,-0.0012395497178658843,9.8100004196167,2.82863265965716e-06,-0.00029167215689085424,-4.0342096326639876e-05,90.01123816566283,-0.0017889696119510745,0.0016915448414157556
188.50000280886889,4.419379911269061e-05,-0.0012395496014505625,9.810019493103027,4.104923618797329e-07,-0.0002913491625804454,-7.434789495164296e-06,90.01123816566283,-0.001788971393878569,0.0016986514781071101
188.600002810359,4.351193274487741e-05,0.0012604502262547612,9.809981346130371,-5.988511588839174e-07,-0.0002917098463512957,-1.5240362927215756e-06,90.01112205244695,-0.0017889730387565805,0.001705758251870499
188.70000281184912,4.326939961174503e-05,1.0450244189996738e-05,9.8100004196167,-1.3199575050748535e-06,-0.0002934188232757151,-6.415966709027998e-07,90.01112205244695,-0.001788974820684075,0.0017128648885618534
188.80000281333923,4.302669913158752e-05,-0.0012395497178658843,9.809981346130371,-3.5621988558887097e-07,-0.0002933944924734533,-4.936821369483368e-07,90.01112205244695,-0.0017889766026399911,0.0017199716623252422
188.90000281482935,4.351210009190254e-05,0.0012604502262547612,9.810019493103027,-4.307098606659565e-07,-0.00029199791606515646,-6.210173637555272e-07,90.01112205244695,-0.0017889783845674856,0.0017270782990165966
189.00000281631947,4.326939961174503e-05,1.0450244189996738e-05,9.8100004196167,-1.0453692311784835e-06,-0.00029175824602134526,-3.8431571169894596e-07,90.01112205244695,-0.001788980166509191,0.0017341849357079512
189.10000281780958,4.302678280510008e-05,-0.0012395497178658843,9.8100004196167,1.926960351283924e-07,-0.0002920599654316902,-3.354415980538761e-07,90.01112205244695,-0.0017889818113587808,0.00174129170947134
189.2000028192997,4.3512016418389976e-05,0.0012604502262547612,9.8100004196167,-1.7307023654211662e-06,-0.00029239527066238225,-4.1647959392321354e-07,90.01112205244695,-0.001788983593300486,0.0017483983461626944
189.3000028207898,4.302678280510008e-05,-0.0012395497178658843,9.8100004196167,-1.0839480637514498e-06,-0.00029246447957120836,-2.6210432224615943e-07,90.01112205244695,-0.0017889853752279805,0.0017555051199260833
189.40000282227993,0.0012935120612382889,0.0012602076167240739,9.8100004196167,7.334028850891627e-07,-0.00029226168408058584,-3.650097823992837e-07,90.01112205244695,-0.0017889871571838967,0.0017626117566174376
189.50000282377005,-0.0012082824250683188,-0.01629905216395855,9.8100004196167,-4.442199133336544e-05,-0.0002928237372543663,-0.0014731410192325711,90.00547348600335,-0.001788987431325495,0.0017697183933087922
189.60000282526016,4.408432505442761e-05,-0.021301889792084694,9.8100004196167,-5.21985930390656e-06,-0.0002923177380580455,-0.0013096953043714166,89.99780318356542,-0.001788985923525388,0.001776825167072181
189.70000282675028,4.259827983332798e-05,0.01000522542744875,9.8100004196167,3.8629601476714015e-05,-0.00029260964947752655,0.00019113851885776967,89.99615710797545,-0.0017889852381642868,0.0017839318037635354
189.8000028282404,4.2825984564842656e-05,0.007505225017666817,9.8100004196167,-2.874178107958869e-06,-0.0002922761195804924,3.276239658589475e-05,89.99661473064984,-0.0017889852381642868,0.0017910385775269243
189.9000028297305,4.3730386096285656e-05,0.011317926459014416,9.8100004196167,4.660226477426477e-05,-0.000291895295958966,0.001477605546824634,90.00234525936348,-0.0017889861976669863,0.0017981452142182787
190.00000283122063,4.298136263969354e-05,-0.003739549545571208,9.8100004196167,-3.9193793782033026e-05,-0.00029246267513372004,-0.00016298216360155493,90.00440114630365,-0.001788987020105992,0.0018052518509096332
190.10000283271074,4.274580714991316e-05,-0.007489549461752176,9.8100004196167,2.0921711438859347e-06,-0.0002921498962678015,-2.839315857272595e-05,90.00399816514262,-0.001788987020105992,0.001812358624673022
190.20000283420086,4.326939597376622e-05,1.0450244189996738e-05,9.8100004196167,9.54815732256975e-07,-0.0002920388651546091,-5.190059255255619e-06,90.00399816514262,-0.001788987020105992,0.0018194652613643765
190.30000283569098,4.326939597376622e-05,1.0450244189996738e-05,9.8100004196167,-3.00391690188917e-07,-0.0002923677966464311,-1.2950114296472748e-06,90.00399816514262,-0.001788987020105992,0.0018265720351277653
190.4000028371811,4.326939597376622e-05,1.0450244189996738e-05,9.8100004196167,3.066474789648055e-07,-0.00029233514214865863,-7.624694262631238e-07,90.00399816514262,-0.001788987020105992,0.0018336786718191197
190.5000028386712,4.326939597376622e-05,1.0450244189996738e-05,9.8100004196167,-5.784335712633037e-07,-0.000292630196781829,-5.720942226616899e-07,90.00399816514262,-0.001788987020105992,0.0018407853085104743
190.60000284016132,4.6606382966274396e-05,0.02007315121591091,9.8100004196167,4.407910455483943e-05,-0.00029247161000967026,0.0014723441563546658,90.00955793912702,-0.001788988664955582,0.0018478920822738631
190.70000284165144,4.158028241363354e-05,-0.016296764835715294,9.8100004196167,-8.623513713246211e-05,-0.00029198662377893925,-0.001636550878174603,90.00595842943441,-0.0017889890761750848,0.0018549987189652175
190.80000284314156,4.303944297134876e-05,-0.0037395497784018517,9.8100004196167,4.3762149289250374e-05,-0.0002922858402598649,0.00013477829634211957,90.00351322171156,-0.0017889890761750848,0.0018621054927286064
190.90000284463167,4.326939597376622e-05,1.045024509949144e-05,9.8100004196167,-3.2407701837655623e-06,-0.0002920373226515949,2.2804526452091523e-05,90.00384790098089,-0.0017889890761750848,0.0018692121294199607
191.0000028461218,4.326939597376622e-05,1.045024509949144e-05,9.8100004196167,1.1223195883758308e-07,-0.0002919466351158917,3.5775108244706644e-06,90.00384790098089,-0.0017889890761750848,0.0018763187661113153
191.1000028476119,0.0012966057984158397,0.020067717880010605,9.8100004196167,4.436667586560361e-05,-0.00029210338834673166,0.001472802017815411,90.00955793912702,-0.0017889908581167902,0.0018834255398747042
191.20000284910202,-0.0024569835513830185,-0.0012390435440465808,9.8100004196167,-4.159619129495695e-05,-0.00029247169732116163,-0.000163872551638633,90.01160016568885,-0.0017889925029805909,0.0018905321765660585
191.30000285059214,-0.002456486225128174,0.001260938704945147,9.8100004196167,2.7336723178450484e-06,-0.00029224937316030264,-2.850272721843794e-05,90.01119718452782,-0.0017889942849222962,0.0018976389503294474
191.40000285208225,0.0025432691909372807,9.961733667296357e-06,9.8100004196167,4.2972976643795846e-07,-0.0002925430017057806,-5.1722740863624495e-06,90.01119718452782,-0.0017889960668640015,0.0019047455870208018
191.50000285357237,-0.0024569747038185596,-0.0012390611227601767,9.8100004196167,-2.1393771199029743e-09,-0.0002920313272625208,-1.2926577710459242e-06,90.01119718452782,-0.001788997848791496,0.0019118522237121563
191.60000285506248,0.0025435134302824736,0.0012599616311490536,9.8100004196167,-1.589996401207827e-08,-0.000293040182441473,-5.517183581105201e-07,90.01119718452782,-0.0017889996307189904,0.0019189589974755452
191.7000028565526,-0.0024567304644733667,1.0938756531686522e-05,9.8100004196167,-1.1614425829975517e-06,-0.00029246797203086317,-4.127783768126392e-07,90.01119718452782,-0.001789001275597002,0.0019260656341668996
191.80000285804272,0.0025430249515920877,-0.0012400381965562701,9.8100004196167,9.280124224630981e-09,-0.00029233243549242616,-4.3721601628021745e-07,90.01119718452782,-0.0017890030575244964,0.0019331724079302884
191.90000285953283,-0.0024581619072705507,-0.01504893135279417,9.8100004196167,-4.571263343677856e-05,-0.0002931467315647751,-0.0014730616239830852,90.00546665581417,-0.0017890034687439993,0.0019402790446216428
192.00000286102295,0.002542970236390829,-0.004989699460566044,9.8100004196167,4.14808455388993e-05,-0.00029267588979564607,0.00016309709462802857,90.00343125944151,-0.0017890033316660947,0.0019473856813129974
192.10000286251307,4.335297489888035e-05,0.0012604502262547612,9.8100004196167,-2.5448237011005403e-06,-0.0002927962632384151,2.775686516542919e-05,90.00383424060254,-0.0017890033316660947,0.0019544924550763862
192.20000286400318,-0.0024567304644733667,1.0617397492751479e-05,9.8100004196167,-1.1217923656658968e-07,-0.000292614393401891,4.277182597434148e-06,90.00383424060254,-0.0017890033316660947,0.0019615990917677406
192.3000028654933,0.0025432691909372807,1.02830927062314e-05,9.8100004196167,-4.521174616911594e-07,-0.00029243729659356177,3.8083382492004603e-07,90.00383424060254,-0.0017890033316660947,0.0019687058655311293
192.4000028669834,-0.002456502988934517,-0.007550158072263002,9.8100004196167,-4.485839599510655e-05,-0.0002922924468293786,-0.0014729162212461233,89.99826080623981,-0.0017890025092412998,0.001975812502222484
192.50000286847353,0.002543678041547537,0.012567844241857529,9.8100004196167,8.66343398229219e-05,-0.00029248878126963973,0.0016355296829715371,90.00187397631075,-0.0017890030575244964,0.0019829191389138384
192.60000286996365,-0.0024565421044826508,0.002510638441890478,9.8100004196167,-4.3149906559847295e-05,-0.0002916532976087183,-0.00013573377509601414,90.00431235384444,-0.0017890037428855976,0.001990025912677227
192.70000287145376,0.002542748348787427,-0.007489723153412342,9.8100004196167,3.4819090615201276e-06,-0.0002927719906438142,-2.3720127501292154e-05,90.00398450476429,-0.0017890037428855976,0.0019971325493685814
192.80000287294388,-0.0024567304644733667,1.0623964953992981e-05,9.8100004196167,2.1257072546632116e-07,-0.0002932828210759908,-4.428801275935257e-06,90.00398450476429,-0.0017890037428855976,0.0020042393231319705
192.900002874434,0.0025432694237679243,1.0276523426000495e-05,9.8100004196167,-1.3970192469514586e-07,-0.00029196625109761953,-1.0315492318113684e-06,90.00398450476429,-0.0017890037428855976,0.002011345959823325
193.0000028759241,-0.002456502988934517,-0.007549094967544079,9.8100004196167,-4.6267588913906366e-05,-0.0002929556940216571,-0.001472971634939313,89.99826080623981,-0.0017890030575244964,0.0020184525965146792
193.10000287741423,0.0025432691909372807,1.0615360224619508e-05,9.8100004196167,4.1721377783687785e-05,-0.0002929232141468674,0.00016295953537337482,89.99621857967799,-0.0017890023721633952,0.0020255593702780683
193.20000287890434,-0.0024571698158979416,0.007510303519666195,9.8100004196167,-1.3614918543680687e-06,-0.0002925145090557635,2.7615422368398868e-05,89.99664205140652,-0.0017890023721633952,0.0020326660069694227
193.30000288039446,0.0025432694237679243,1.0596718311717268e-05,9.8100004196167,-1.8363358833539678e-07,-0.0002924726577475667,4.3943086893705186e-06,89.99664205140652,-0.0017890023721633952,0.0020397727807328113
193.40000288188457,-0.0024567304644733667,1.0303770068276208e-05,9.8100004196167,1.405924081154808e-06,-0.00029285394703038037,2.702811059407395e-07,89.99664205140652,-0.0017890023721633952,0.002046879417424166
193.5000028833747,0.002543732291087508,0.011317823082208633,9.8100004196167,4.617165541276336e-05,-0.00029277688008733094,0.0014719722094014287,90.00235891974182,-0.0017890034687439993,0.0020539860541155205
193.6000028848648,-0.0024569223169237375,-0.0024893577210605145,9.8100004196167,-4.031902062706649e-05,-0.0002924319705925882,-0.00016384688206017017,90.00439431611449,-0.0017890041541051005,0.002061092827878909
193.70000288635492,0.00254495139233768,0.010072730481624603,9.8100004196167,4.79066620755475e-05,-0.0002928190806414932,0.0014440020313486457,90.00963990139705,-0.0017890059360610167,0.0020681994645702635
193.80000288784504,4.1707957279868424e-05,-0.015045197680592537,9.8100004196167,-8.716577576706186e-05,-0.00029248654027469456,-0.0016411212272942066,90.0059652596236,-0.0017890062101884041,0.0020753062383336526
193.90000288933516,-0.0024547334760427475,0.012573550455272198,9.8100004196167,8.738885662751272e-05,-0.00029248325154185295,0.0016066668322309852,90.00915495796599,-0.001789007717988511,0.002082412875025007
194.00000289082527,0.0025437723379582167,0.00251517235301435,9.8100004196167,-4.536595952231437e-05,-0.0002922231506090611,-0.00014088672469370067,90.01152503360798,-0.001789009362838101,0.0020895195117163613
194.1000028923154,-0.0024564864579588175,0.001260938006453216,9.8100004196167,1.7772994169718004e-06,-0.0002922896819654852,-2.488555765012279e-05,90.01117669396031,-0.0017890111447798063,0.0020966262854797504
194.2000028938055,0.0025432691909372807,9.962501280824654e-06,9.8100004196167,-3.9282429753484394e-08,-0.0002923011779785156,-4.597311544785043e-06,90.01117669396031,-0.0017890129267073007,0.0021037329221711048
194.30000289529562,-0.0024569742381572723,-0.0012390619376674294,9.8100004196167,-2.410440629319055e-07,-0.00029220900614745915,-1.2772469517585705e-06,90.01117669396031,-0.001789014708649006,0.002110839558862459
194.40000289678574,0.00254351319745183,0.0012599624460563064,9.8100004196167,-1.0874050531128887e-06,-0.0002924845612142235,-5.0543894758448e-07,90.01117669396031,-0.0017890164905907113,0.002117946332625848
194.50000289827585,-0.0024582797195762396,-0.01629858836531639,9.8100004196167,-4.578525840770453e-05,-0.0002927107852883637,-0.0014729946851730347,90.00545982562501,-0.0017890167647323096,0.0021250529693172026
194.60000289976597,0.0025429707020521164,-0.0049896989949047565,9.8100004196167,4.201817137072794e-05,-0.00029276590794324875,0.0001629878970561549,90.00342442925235,-0.001789016627654405,0.002132159743080591
194.70000290125608,-0.002456646878272295,0.001260617165826261,9.8100004196167,-2.207482793892268e-06,-0.00029290630482137203,2.7838048481498845e-05,90.00382741041338,-0.001789016627654405,0.0021392663797719456
194.8000029027462,0.0025432691909372807,1.0283320079906844e-05,9.8100004196167,1.1168845048814546e-07,-0.0002925993176177144,4.399530553200748e-06,90.00382741041338,-0.001789016627654405,0.0021463730164633004
194.90000290423632,-0.0024567304644733667,1.0617168300086632e-05,9.8100004196167,-3.7619227555296675e-07,-0.00029301110771484673,4.3500429569576227e-07,90.00382741041338,-0.001789016627654405,0.002153479790226689
195.00000290572643,0.0025432691909372807,1.0283320079906844e-05,9.8100004196167,-3.4504523682699073e-07,-0.00029225400066934526,-1.5412372533774032e-07,90.00382741041338,-0.001789016627654405,0.0021605864269180434
195.10000290721655,-0.0024567304644733667,1.0617168300086632e-05,9.8100004196167,8.922901315600029e-07,-0.00029213435482233763,-6.06918888479413e-07,90.00382741041338,-0.001789016627654405,0.0021676932006814325
195.20000290870667,0.0025432691909372807,1.0283320079906844e-05,9.8100004196167,1.63908941885893e-06,-0.00029208778869360685,-4.731566605187254e-07,90.00382741041338,-0.001789016627654405,0.002174799837372787
195.30000291019678,-0.0024567304644733667,1.0617168300086632e-05,9.8100004196167,-6.223613695510721e-07,-0.00029248095233924687,-6.828404366387986e-07,90.00382741041338,-0.001789016627654405,0.002181906474064141
195.4000029116869,0.0025432691909372807,1.0283320079906844e-05,9.8100004196167,-4.2631063479348086e-07,-0.00029253962566144764,-4.6803054942756717e-07,90.00382741041338,-0.001789016627654405,0.0021890132478275303
195.500002913177,4.326939961174503e-05,1.0450244189996738e-05,9.8100004196167,5.182885729482223e-07,-0.0002922520216088742,-4.5131031356504536e-07,90.00382741041338,-0.001789016627654405,0.0021961198845188846
195.60000291466713,-0.002453604945912957,0.018818341195583344,9.8100004196167,4.616407022695057e-05,-0.00029190833447501063,0.0014720804756507277,90.00955110893784,-0.0017890184095961104,0.0022032266582822733
195.70000291615725,0.0025435220450162888,0.0012599444016814232,9.8100004196167,-4.223826545057818e-05,-0.0002919131948146969,-0.0001640268019400537,90.01159333549968,-0.0017890200544457002,0.0022103332949736276
195.80000291764736,-0.002456974470987916,-0.001239061588421464,9.8100004196167,2.4047087663348066e-06,-0.0002921933773905039,-2.841772038664203e-05,90.01119035433865,-0.0017890218364016164,0.0022174399316649824
195.90000291913748,0.0025435134302824736,0.0012599620968103409,9.8100004196167,1.478084641348687e-07,-0.00029248709324747324,-5.3278204177331645e-06,90.01119035433865,-0.0017890236183291108,0.002224546705428371
196.0000029206276,-0.0024567304644733667,1.0938387276837602e-05,9.8100004196167,2.1347466372390045e-07,-0.0002920707338489592,-1.3993249012855813e-06,90.01119035433865,-0.001789025400285027,0.0022316533421197255
196.1000029221177,0.0025430251844227314,-0.0012400378473103046,9.8100004196167,1.8054076633688965e-07,-0.00029278657166287303,-5.271809868645505e-07,90.01119035433865,-0.0017890271821983106,0.0022387601158831145
196.20000292360783,-0.002456486225128174,0.0012609383556991816,9.8100004196167,-1.1461786471045343e-06,-0.00029222053126432,-4.2940735056617996e-07,90.01119035433865,-0.0017890288270763222,0.002245866752574469
196.30000292509794,0.0025417208671569824,-0.016299350187182426,9.8100004196167,-4.636114681488834e-05,-0.0002928679750766605,-0.001473083277232945,90.00545982562501,-0.0017890292382674033,0.0022529733892658233
196.40000292658806,-0.002457103691995144,-0.006239400245249271,9.8100004196167,4.168469968135469e-05,-0.00029292487306520343,0.00016302141011692584,90.00341759906317,-0.0017890291012321313,0.0022600801630292123
196.50000292807817,0.0025434361305087805,0.002510283375158906,9.8100004196167,-1.3792949857815984e-06,-0.0002925544395111501,2.7618139938567765e-05,90.0038205802242,-0.0017890291012321313,0.0022671867997205667
196.6000029295683,-0.0024567304644733667,1.0617031875881366e-05,9.8100004196167,-2.1372035519107158e-07,-0.00029254189576022327,4.4034609345544595e-06,90.0038205802242,-0.0017890291012321313,0.0022742935734839554
196.7000029310584,0.0025432691909372807,1.028345650411211e-05,9.8100004196167,5.793399964204582e-07,-0.00029251890373416245,1.726629648146627e-07,90.0038205802242,-0.0017890291012321313,0.0022814002101753097
196.80000293254852,-0.0024567304644733667,1.0617031875881366e-05,9.8100004196167,6.81511778566346e-07,-0.00029174296651035547,-4.319410038533533e-07,90.0038205802242,-0.0017890291012321313,0.0022885068468666645
196.90000293403864,0.0025432691909372807,1.028345650411211e-05,9.8100004196167,1.1182403341081226e-06,-0.0002920634869951755,-4.769804036186542e-07,90.0038205802242,-0.0017890291012321313,0.002295613620630053
197.00000293552876,-0.002456502988934517,-0.007549520116299391,9.8100004196167,-4.568788790493272e-05,-0.0002924689615610987,-0.00147283507976681,89.99826080623981,-0.0017890284158568193,0.0023027202573214075
197.10000293701887,0.0025432691909372807,1.0615360224619508e-05,9.8100004196167,4.236692257109098e-05,-0.0002922133426181972,0.00016307020268868655,89.99621857967799,-0.0017890275934178135,0.0023098268940127623
197.200002938509,4.282598092686385e-05,0.007510450202971697,9.8100004196167,-2.0466452497203136e-06,-0.00029258031281642616,2.76527844107477e-05,89.99661473064984,-0.0017890275934178135,0.0023169338048481852
197.3000029399991,-0.0024567304644733667,1.0302438568032812e-05,9.8100004196167,-6.470705784522579e-07,-0.00029258857830427587,4.462552169570699e-06,89.99661473064984,-0.0017890275934178135,0.0023240404415395396
197.40000294148922,0.0025432694237679243,1.0598049811960664e-05,9.8100004196167,4.4994024506195274e-07,-0.0002925778098870069,2.7806962066279084e-07,89.99661473064984,-0.0017890275934178135,0.002331147078230894
197.50000294297934,-0.0024563202168792486,0.010068029165267944,9.8100004196167,4.686602915171534e-05,-0.00029249658109620214,0.0014720766339451075,90.00235208955264,-0.001789028552920513,0.0023382537149222488
197.60000294446945,0.002544582821428776,0.007572713773697615,9.8100004196167,3.0278856684162747e-06,-0.0002928324684035033,0.0013088935520499945,90.01003605236892,-0.0017890300607348308,0.002345360351613603
197.70000294595957,-0.0024559665471315384,0.003766184439882636,9.8100004196167,-3.797694080276415e-05,-0.0002924940490629524,-0.00019207542936783284,90.01166846758055,-0.001789031979726019,0.002352467262449026
197.80000294744968,0.0025430249515920877,-0.0012348132440820336,9.8100004196167,1.917486315505812e-06,-0.0002921624982263893,-3.321050826343708e-05,90.01119718452782,-0.0017890337616535135,0.002359573899140381
197.9000029489398,-0.0024569747038185596,-0.0012338359374552965,9.8100004196167,2.6033143640802336e-08,-0.0002921949198935181,-6.192105502123013e-06,90.01119718452782,-0.0017890355436094296,0.0023666805358317352
198.00000295042992,0.0025435134302824736,0.00126518658362329,9.8100004196167,-1.677113004916464e-06,-0.0002926583110820502,-1.264104639631114e-06,90.01119718452782,-0.001789037325536924,0.0023737871725230896
198.10000295192003,-0.0024567304644733667,1.6164010958164e-05,9.8100004196167,-8.84975577264413e-08,-0.0002921419800259173,-6.42809482087614e-07,90.01119718452782,-0.0017890391074786294,0.002380893809214444
198.20000295341015,0.0025430249515920877,-0.0012348132440820336,9.8100004196167,-8.891711900105292e-07,-0.00029245001496747136,-6.003581916047551e-07,90.01119718452782,-0.0017890407523282192,0.0023880007200498673
198.30000295490026,-0.002456486225128174,0.0012661638902500272,9.8100004196167,-1.2406322866809205e-06,-0.00029287318466231227,-3.7394465834950097e-07,90.01119718452782,-0.0017890425342841354,0.0023951073567412217
198.40000295639038,0.0025430249515920877,-0.0012348132440820336,9.8100004196167,9.850307378655998e-07,-0.00029252844979055226,-5.79758648200368e-07,90.01119718452782,-0.0017890443162116298,0.002402213993432576
198.5000029578805,-0.002456486225128174,0.0012661638902500272,9.8100004196167,-5.126960331836017e-07,-0.000292205746518448,-4.331185721184738e-07,90.01119718452782,-0.0017890460981533352,0.002409320630123931
198.6000029593706,0.0025432691909372807,1.5186722521320917e-05,9.8100004196167,2.044218234686923e-07,-0.00029258534777909517,-5.193147103454976e-07,90.01119718452782,-0.0017890478800808296,0.002416427266815285
198.70000296086073,-0.0024582778569310904,-0.016298934817314148,9.8100004196167,-4.436075687408447e-05,-0.0002925302542280406,-0.001473087351769209,90.00545299543583,-0.001789048154222428,0.002423534177650708
198.80000296235085,0.0025428966619074345,-0.006239698734134436,9.8100004196167,4.113382601644844e-05,-0.0002928957692347467,0.0001631190680200234,90.00341759906317,-0.0017890480171587342,0.002430640814342063
198.90000296384096,4.343604450696148e-05,0.002510450314730406,9.8100004196167,-2.722688577705412e-06,-0.0002929310721810907,2.788945857901126e-05,90.0038205802242,-0.0017890480171587342,0.0024377474510334173
199.00000296533108,-0.0024567304644733667,1.0616888175718486e-05,9.8100004196167,-1.9575520582293393e-07,-0.000292523909593001,4.330018782638945e-06,90.0038205802242,-0.0017890480171587342,0.0024448540877247717
199.1000029668212,0.0025432691909372807,1.028360020427499e-05,9.8100004196167,-5.633754085465625e-07,-0.0002929365437012166,3.757873798804212e-07,90.0038205802242,-0.0017890480171587342,0.002451960724416126
199.2000029683113,-0.0024567304644733667,1.0616888175718486e-05,9.8100004196167,-3.9947190089151263e-07,-0.00029215056565590203,-1.515988969913451e-07,90.0038205802242,-0.0017890480171587342,0.0024590676352515494
199.30000296980143,0.002543496899306774,-0.007549666333943605,9.8100004196167,-4.4402684579836205e-05,-0.0002916852827183902,-0.0014732067938894033,89.99826080623981,-0.0017890473317834221,0.0024661742719429038
199.40000297129154,-0.0024567306973040104,5.06000651512295e-06,9.8100004196167,4.110116060473956e-05,-0.00029314146377146244,0.00016282193246297538,89.99621857967799,-0.0017890466464365318,0.002473280908634258
199.50000297278166,0.0025428261142224073,0.007510597817599773,9.8100004196167,-1.5375942439277424e-06,-0.00029286957578733563,2.779959140752908e-05,89.99661473064984,-0.0017890466464365318,0.002480387545325613
199.60000297427177,-0.002456272253766656,0.011318027973175049,9.8100004196167,4.5680953917326406e-05,-0.000292584445560351,0.0014769029803574085,90.00233159898514,-0.0017890476059392313,0.0024874941820169673
199.7000029757619,0.002542982343584299,-0.0037397409323602915,9.8100004196167,-4.114804687560536e-05,-0.00029226019978523254,-0.00016308779595419765,90.00438748592532,-0.0017890484283640262,0.00249460109285239
199.800002977252,-0.0024572520051151514,-0.0074893757700920105,9.8100004196167,2.952778004328138e-06,-0.00029222696321085095,-2.829554614436347e-05,90.00398450476429,-0.0017890484283640262,0.002501707729543745
199.90000297874212,0.0025432694237679243,1.0276405191689264e-05,9.8100004196167,-9.69540337791841e-07,-0.0002921316190622747,-5.136175786901731e-06,90.00398450476429,-0.0017890484283640262,0.0025088143662350994
200.00000298023224,-0.0024567304644733667,1.0624085007293615e-05,9.8100004196167,-5.850328079759493e-07,-0.00029205609462223947,-1.356899133497791e-06,90.00398450476429,-0.0017890484283640262,0.0025159210029264537
200.10000298172235,0.0025432694237679243,1.0276405191689264e-05,9.8100004196167,6.308003435151477e-07,-0.00029242626624181867,-6.725899197590479e-07,90.00398450476429,-0.0017890484283640262,0.002523027639617808
200.20000298321247,-0.0024567304644733667,1.0624085007293615e-05,9.8100004196167,4.1444229736953275e-07,-0.00029289317899383605,-5.632643365061085e-07,90.00398450476429,-0.0017890484283640262,0.0025301345504532315
200.3000029847026,0.002543496899306774,-0.007549047935754061,9.8100004196167,-4.465977690415457e-05,-0.0002929324109572917,-0.0014730744296684861,89.99826080623981,-0.0017890476059392313,0.002537241187144586
200.4000029861927,-0.0024567304644733667,1.0285128155373968e-05,9.8100004196167,4.090411675861105e-05,-0.0002918335667345673,0.00016283351578749716,89.99621857967799,-0.0017890469205639192,0.00254434782383594
200.50000298768282,0.0025428261142224073,0.007510597817599773,9.8100004196167,-1.4193419701769017e-06,-0.00029251055093482137,2.7623207643046044e-05,89.99661473064984,-0.0017890469205639192,0.002551454460527295
200.60000298917294,4.326939597376622e-05,1.0450244189996738e-05,9.8100004196167,-4.4307618907168944e-08,-0.0002924480941146612,4.3635000110953115e-06,89.99661473064984,-0.0017890469205639192,0.0025585610972186494
200.70000299066305,-0.0024567304644733667,1.0302438568032812e-05,9.8100004196167,5.859857878931507e-07,-0.00029320004978217185,3.8740128616154834e-07,89.99661473064984,-0.0017890469205639192,0.0025656680080540723
200.80000299215317,0.0025432694237679243,1.0598049811960664e-05,9.8100004196167,-3.4341300647611206e-07,-0.0002920781553257257,-1.6185383344691218e-07,89.99661473064984,-0.0017890469205639192,0.002572774644745427
200.90000299364328,-0.0024567304644733667,1.0302438568032812e-05,9.8100004196167,9.029091643242282e-07,-0.0002920088008977473,-5.567621883528773e-07,89.99661473064984,-0.0017890469205639192,0.0025798812814367814
201.0000029951334,0.0025432694237679243,1.0598049811960664e-05,9.8100004196167,-1.1689335224218667e-06,-0.00029245723271742463,-6.455285870288208e-07,89.99661473064984,-0.0017890469205639192,0.002586987918128136
201.10000299662352,-0.0024567304644733667,1.0302438568032812e-05,9.8100004196167,-7.848985887903837e-07,-0.0002925624721683562,-6.301022494881181e-07,89.99661473064984,-0.0017890469205639192,0.00259409455481949
201.20000299811363,0.0025432694237679243,1.0598049811960664e-05,9.8100004196167,-5.630250825561234e-07,-0.0002926539455074817,-5.143365910953435e-07,89.99661473064984,-0.0017890469205639192,0.0026012014656549135
201.30000299960375,-0.0024567304644733667,1.0302438568032812e-05,9.8100004196167,-3.844619413939654e-07,-0.00029266232741065323,-5.156268230166461e-07,89.99661473064984,-0.0017890469205639192,0.002608308102346268
201.40000300109386,-0.050686221569776535,7.359879418800119e-06,9.878968238830566,-3.1277215839509154e-07,-0.0009906775085255504,-4.6864440150784503e-07,89.99670352310905,-0.0017890469205639192,0.0026154095303003184
201.50000300258398,0.06181161850690842,1.3692812899535056e-05,9.748908996582031,-1.3564887240136159e-06,-0.00010185041901422665,-2.6745590275822906e-07,89.99670352310905,-0.0017890469205639192,0.0026225164411357413
201.6000030040741,0.009192605502903461,1.0726596883614548e-05,9.799421310424805,1.660533143876819e-06,-0.00012263625103514642,-4.4521419795273687e-07,89.99670352310905,-0.0017890469205639192,0.002629623626115233
201.7000030055642,0.037144292145967484,1.2484142644098029e-05,9.829289436340332,3.673676189919206e-07,0.008491173386573792,-3.8260762380559754e-07,89.99670352310905,-0.0017890469205639192,0.0026367341008235487
201.80000300705433,0.014722535386681557,1.1333228030707687e-05,9.828886985778809,-2.898353841374046e-07,7.36065412638709e-05,-1.5320996737955284e-07,89.99670352310905,-0.0017890469205639192,0.0026438459462522074
201.90000300854445,-0.04527597874403,7.82580264058197e-06,9.776347160339355,-2.0543575729448094e-08,-0.00040783954318612814,-5.154996642886545e-07,89.99670352310905,-0.0017890469205639192,0.0026509534053757674
202.00000301003456,-0.0301619004458189,8.719513061805628e-06,9.805302619934082,-1.058780298990314e-06,-0.0003937090514227748,-4.306095320316672e-07,89.99670352310905,-0.0017890469205639192,0.0026580583972027104
202.10000301152468,-0.005073155742138624,1.0163174920307938e-05,9.810518264770508,3.44946151642489e-08,-0.0003732875338755548,-3.868901785608614e-07,89.99670352310905,-0.0017890469205639192,0.0026651631148855845
202.2000030130148,0.012494773603975773,1.117032934416784e-05,9.810967445373535,8.005474683159264e-07,-0.0003521598409861326,-5.425574158834934e-07,89.99670352310905,-0.0017890469205639192,0.002672268655000664
202.3000030145049,-0.0025052253622561693,1.0307140655640978e-05,9.810664176940918,4.8793957319048786e-08,-0.00023295910796150565,-3.149898475385271e-07,89.99670352310905,-0.0017890469205639192,0.0026793741951157443
202.40000301599503,-0.23530828952789307,-3.0674900699523278e-06,9.810441970825195,1.8243043768961797e-06,0.0002755325403995812,7.045933330118714e-07,89.99670352310905,-0.0017890469205639192,0.00268645835199347
202.50000301748514,-0.9136547446250916,-4.2040344851557165e-05,9.810293197631836,9.648550758356578e-07,0.0007255278178490698,2.474184839229565e-06,89.99670352310905,-0.0017890469205639192,0.0026934608139387414
202.60000301897526,-1.5871837139129639,0.010126732289791107,9.809783935546875,4.164624624536373e-05,0.0006170138367451727,0.001415338832885027,90.00212669331005,-0.0017890478800808296,0.0027003207209683197
202.70000302046537,-1.790359616279602,0.017956513911485672,9.809439659118652,1.9041841369471513e-05,4.723677193396725e-05,0.001813810202293098,90.01162065625635,-0.001789050347383636,0.002707020253717744
202.8000030219555,-1.4828956127166748,0.013064187951385975,9.809309005737305,-1.2880750546173658e-05,-0.0006325079593807459,0.0011282868217676878,90.01920899642424,-0.0017890539112670467,0.0027135868265938776
202.9000030234456,-0.9148830771446228,-0.015908336266875267,9.809603691101074,-3.671011654660106e-05,-0.0010446582455188036,-0.00020328807295300066,90.02046575123153,-0.0017890561043998332,0.0027200711562494193
203.00000302493572,-0.44420987367630005,-0.0035799855832010508,9.809874534606934,2.878500026781694e-06,-0.0009305821731686592,-3.246224514441565e-05,90.01998080780045,-0.0017890578863273277,0.0027265160091590767
203.10000302642584,-0.41138508915901184,-0.001091840909793973,9.810050010681152,-7.199346327979583e-07,-0.0004262255388312042,-4.395042651594849e-06,90.01991250590875,-0.0017890595312053392,0.002732923852619468
203.20000302791595,-0.7765775322914124,0.0015297441277652979,9.810090065002441,-1.7148663573607337e-06,4.657656609197147e-05,6.467059279202658e-07,90.01990567571958,-0.0017890613131328337,0.0027392620634864246
203.30000302940607,-1.2170689105987549,0.0004329181101638824,9.809831619262695,-7.496067269130435e-07,0.00015640116180293262,2.320136900380021e-06,90.01991933609793,-0.001789063095074539,0.0027454911650140624
203.4000030308962,-1.4199742078781128,-0.012242695316672325,9.809633255004883,-5.4673844715580344e-05,-0.00010854241554625332,-0.001834221533499658,90.01291839219866,-0.001789063780449851,0.0027515930636938515
203.5000030323863,-1.2750178575515747,0.002744428813457489,9.809526443481445,5.256807344267145e-05,-0.000528499367646873,0.00023198561393655837,90.01053465617832,-0.0017890647399383397,0.0027575803701529486
203.60000303387642,-0.9096822738647461,0.008936111815273762,9.809671401977539,-4.1687371776788495e-06,-0.0008320997003465891,3.612153886933811e-05,90.0110879015011,-0.0017890663848021404,0.002763486529967729
203.70000303536654,-0.5692188143730164,0.0013711871579289436,9.809832572937012,-1.3787529269393417e-06,-0.0008056627120822668,6.088112968427595e-06,90.01118352414947,-0.0017890681667296349,0.002769341424841673
203.80000303685665,-0.49394211173057556,0.00010671182826627046,9.810035705566406,-9.99703843262978e-07,-0.0004839366883970797,1.6396520550188143e-06,90.01119718452782,-0.001789069948685551,0.002775152456664635
203.90000303834677,-0.7090259790420532,-0.0011011260794475675,9.809988021850586,-6.084832762098813e-07,-0.00013578461948782206,1.7267886960325995e-06,90.01121084490616,-0.0017890717306272563,0.002780899338775535
204.00000303983688,-1.0218493938446045,0.0014602345181629062,9.809905052185059,1.7491354356025113e-06,-1.9307008187752217e-05,1.6161311577889137e-06,90.0112245052845,-0.0017890735125547508,0.002786554930911578
204.100003041327,-1.2021496295928955,-0.01864982768893242,9.809727668762207,-3.489136361167766e-05,-0.00018575365538708866,-0.0012102484470233321,90.00658680683806,-0.0017890736496326554,0.0027921027844286456
204.20000304281712,-1.1071946620941162,-0.001135734491981566,9.80966567993164,3.545232902979478e-05,-0.0004931167932227254,0.00016885016520973295,90.00511148597734,-0.0017890736496326554,0.002797551397792865
204.30000304430723,-0.839454174041748,9.093593689613044e-05,9.80971622467041,-2.7555990982364165e-06,-0.0007321237353608012,2.446131475153379e-05,90.0055076369492,-0.0017890736496326554,0.002802924621538209
204.40000304579735,-0.5690988898277283,6.559502799063921e-05,9.80988883972168,-7.205744054772367e-07,-0.0007276549004018307,4.1603379941079766e-06,90.00556910865173,-0.0017890736496326554,0.002808246854486786
204.50000304728746,-0.5088794231414795,5.9884307120228186e-05,9.809967994689941,2.2656275078247745e-08,-0.0004862732603214681,8.902443937586213e-07,90.00558276903007,-0.0017890736496326554,0.0028135235795199685
204.60000304877758,-0.6664369106292725,7.532901508966461e-05,9.809990882873535,6.79532377034775e-07,-0.00020928187586832792,1.005760054795246e-06,90.00558959921923,-0.0017890736496326554,0.0028187405411461875
204.7000030502677,-0.9241929054260254,0.00010062207729788497,9.809938430786133,5.408609240475926e-07,-0.00011268979142187163,1.5305026863643434e-06,90.00560325959758,-0.0017890736496326554,0.0028238747112636774
204.8000030517578,-1.0519280433654785,-0.0037610905710607767,9.809764862060547,-3.228960486012511e-05,-0.00024864671286195517,-0.0011283985804766417,90.00126608947463,-0.0017890732383989416,0.002828914301677486
204.90000305324793,-0.9819541573524475,1.5674930182285607e-05,9.80972671508789,3.298799492768012e-05,-0.0005084762815386057,0.0001719803549349308,90.00000250447816,-0.0017890729642573433,0.0028338661659893303
205.00000305473804,-0.7442399263381958,0.003770527895539999,9.80979061126709,-3.2050420486484654e-06,-0.0007075216271914542,2.2812058887211606e-05,90.00037133469334,-0.0017890729642573433,0.002838751413292495
205.10000305622816,-0.5164316892623901,1.4316132364911027e-05,9.809895515441895,-4.310127224016469e-07,-0.0006916912388987839,3.339113391120918e-06,90.00043280639588,-0.0017890729642573433,0.002843590056103991
205.20000305771828,-0.4712592661380768,1.4070809811528306e-05,9.809988975524902,-5.9707116406571e-07,-0.0004659174010157585,6.915933568052424e-07,90.00043963658504,-0.0017890729642573433,0.002848386754872985
205.3000030592084,-0.6438376307487488,1.549159969727043e-05,9.8100004196167,-4.087349338988133e-07,-0.00022387399803847075,1.0592648322926834e-06,90.00044646677422,-0.0017890729642573433,0.002853125335099427
205.4000030606985,-0.8640779256820679,1.7369182387483306e-05,9.809930801391602,-1.1330945426379913e-07,-0.00015846779569983482,1.347341367363697e-06,90.00046012715256,-0.0017890729642573433,0.0028577868808425813
205.50000306218863,-0.9717764854431152,1.8418073523207568e-05,9.809805870056152,7.884360115895106e-07,-0.0003072278341278434,9.976336059480673e-07,90.0004737875309,-0.0017890729642573433,0.00286236097462784
205.60000306367874,-0.28572604060173035,1.2802292076230515e-05,9.806815147399902,1.3629256727654138e-06,-0.0020600196439772844,-5.332001364877215e-06,90.0004737875309,-0.0017890729642573433,0.002866909573014714
205.70000306516886,-6.851700782775879,6.88811851432547e-05,9.784110069274902,1.2912418014821014e-06,0.011255298741161823,4.607737537298817e-06,90.00048744790924,-0.0017890729642573433,0.002870843540399698
205.80000306665897,-5.870899677276611,0.014262156561017036,9.825004577636719,1.5001331121311523e-05,-0.005083764437586069,0.0008869257289916277,90.00449676895204,-0.001789074197915852,0.0028742508770288246
205.9000030681491,2.292280435562134,-0.011423241347074509,9.815910339355469,-2.4898456103983335e-05,-0.00597161753103137,-0.0002598434512037784,90.00427137270943,-0.0017890743349937566,0.0028778643699975686
206.0000030696392,4.167538642883301,-0.0027804896235466003,9.80834674835205,7.212972377601545e-06,-0.00468727620318532,-1.1828000424429774e-05,90.00392986325092,-0.0017890743349937566,0.002881852069620006
206.10000307112932,4.6357879638671875,-0.00030408837483264506,9.819340705871582,1.1604845440160716e-06,-0.0020856130868196487,-4.49598928753403e-06,90.00389571230508,-0.0017890743349937566,0.0028862556457945696
206.20000307261944,2.554948568344116,-0.0006515870918519795,9.815725326538086,0.00012466612679418176,0.004674347583204508,0.025987084954977036,90.01499476970635,-0.0017890743349937566,0.0028908881322664485
206.30000307410955,-8.121986389160156,0.08617164194583893,9.755962371826172,8.125781459966674e-05,0.014938944950699806,0.004935247357934713,89.96267552066405,-0.001789082559326971,0.002894791669659813
206.40000307559967,-14.608259201049805,0.04925115033984184,9.809306144714355,0.0004950461443513632,-0.0027173913549631834,0.009587292559444904,90.01529529802983,-0.001789094895798371,0.0028973845242610103
206.5000030770898,0.16209015250205994,0.10889923572540283,9.813238143920898,6.753553316229954e-05,-0.009499544277787209,0.01097572036087513,90.10114394570772,-0.0017891168273251878,0.0028999924567859824
206.6000030785799,4.9101433753967285,0.03269265219569206,9.810585021972656,1.4197188647813164e-05,-0.007073216140270233,0.01341902557760477,90.1771776115483,-0.0017891431451459994,0.002903041761261465
206.70000308007002,5.522993087768555,0.03375696390867233,9.807263374328613,4.8326397518394515e-05,-0.004142432473599911,0.013078869320452213,90.25007622055985,-0.0017891745346503285,0.00290658644406898
206.80000308156013,5.49100923538208,0.029764333739876747,9.805486679077148,5.334499292075634e-05,-0.002259313827380538,0.01223067007958889,90.31925237647373,-0.0017892114070150456,0.0029106234896237727
206.90000308305025,4.576333045959473,0.02989194728434086,9.824260711669922,2.1125199054949917e-05,0.00203206529840827,0.010422692634165287,90.38107924884069,-0.0017892536252048785,0.0029150712029933877
207.00000308454037,-0.1757335513830185,0.014044789597392082,9.781501770019531,-1.844563303166069e-05,0.005040130577981472,0.007892526686191559,90.43048200710739,-0.0017892969399753156,0.0029195027418629535
207.10000308603048,-2.955535650253296,0.0067430599592626095,9.81410026550293,-2.0803357983822934e-05,0.00426779268309474,0.005962851922959089,90.46752212297638,-0.0017893387469456457,0.0029236686351300067
207.2000030875206,-3.3609137535095215,0.010465672239661217,9.816051483154297,-8.740278644836508e-06,0.0020748749375343323,0.004826531745493412,90.49686461565075,-0.0017893787719742704,0.002927532969921556
207.30000308901072,-2.2988741397857666,0.0021783974952995777,9.809452056884766,4.431453817232978e-06,-0.0008174781105481088,0.004005115013569593,90.52064733434072,-0.0017894171521390945,0.002931191148373488
207.40000309050083,-0.309092253446579,1.3021482229232788,9.808341979980469,0.0030435321386903524,-0.0024974169209599495,0.12377908825874329,91.02466065357432,-0.0017895714952516073,0.0029348194451219384
207.50000309199095,2.3330135345458984,0.59761643409729,9.80838680267334,-0.0011026308638975024,-0.003979526460170746,0.08272338658571243,91.53191831266365,-0.001789784916425674,0.002938656091362555
207.60000309348106,4.374401569366455,0.05882677063345909,9.807416915893555,-0.0002279020263813436,-0.003307415172457695,0.07250338047742844,91.94967317286914,-0.0017900167052147253,0.002942884763621327
207.70000309497118,4.524569034576416,2.3443968296051025,9.83456039428711,0.007977594621479511,0.0013778627617284656,0.3237609565258026,93.21033484835672,-0.001790480419913365,0.0029475068326185972
207.8000030964613,2.3257851600646973,1.9917242527008057,9.778093338012695,-0.000749430910218507,0.0010059877531602979,0.24741806089878082,94.68946012444718,-0.0017911385027673532,0.00295232189904019
207.9000030979514,3.5878379344940186,2.9265120029449463,9.794848442077637,0.00829052459448576,0.001334114815108478,0.4712086319923401,96.82577254209792,-0.0017920941689766323,0.002957425365021992
208.00000309944153,3.6884915828704834,3.207273244857788,9.803125381469727,-0.0004725861654151231,-0.00013817864237353206,0.41395166516304016,99.2955757761637,-0.0017933860728902573,0.002962809006241944
208.10000310093164,4.234777450561523,4.16569709777832,9.796042442321777,0.011957123875617981,0.001530793379060924,0.6753242015838623,102.51079170529883,-0.0017951230497175175,0.0029684826918865174
208.20000310242176,4.290472030639648,6.55816125869751,9.784287452697754,0.005483729299157858,0.002380858641117811,0.7887101173400879,106.82929492125527,-0.001797532364861354,0.0029743551319808543
208.30000310391188,4.688963413238525,5.978226184844971,9.783084869384766,0.00477114412933588,0.0028628832660615444,0.839923620223999,111.51979072997813,-0.0018005922238870653,0.0029804227626520634
208.400003105402,4.371705055236816,6.56911039352417,9.77817440032959,0.004765351302921772,0.005239169578999281,0.9063535332679749,116.57608414989019,-0.0018043518356449795,0.0029865786677133743
208.5000031068921,1.7210416793823242,8.787069320678711,9.761153221130371,0.012796920724213123,0.011462293565273285,1.1795083284378052,122.62320579193931,-0.001808855200238213,0.002992441512765309
208.60000310838223,-1.9963107109069824,11.427024841308594,9.736963272094727,0.0059258644469082355,0.013660809025168419,1.3145594596862793,129.87648419989935,-0.001814026928087742,0.0029975123556029433
208.70000310987234,-3.866048812866211,11.89517879486084,9.722625732421875,0.005244332831352949,0.01416622195392847,1.4331406354904175,137.78966816470933,-0.001819655654117014,0.0030015633825052363
208.80000311136246,-4.345826148986816,13.218539237976074,9.69946002960205,0.007749973330646753,0.015377920120954514,1.604408860206604,146.48190350625094,-0.0018256111598589086,0.0030044150291072295
208.90000311285257,-1.7490344047546387,12.572001457214355,9.709178924560547,-0.003658412955701351,0.008806837722659111,1.479965329170227,155.22391726646362,-0.0018318952272835531,0.003006181887629614
209.0000031143427,2.383768081665039,8.444393157958984,9.753402709960938,-0.007490111514925957,0.004047929309308529,1.2212660312652588,162.74008965557744,-0.0018386070965021872,0.003007293815972018
209.1000031158328,4.046191215515137,5.29304313659668,9.781679153442383,-0.009415339678525925,0.0020950082689523697,0.9110240340232849,168.5978511330771,-0.0018457684249284512,0.003008015911448816
209.20000311732292,3.0527970790863037,3.3659589290618896,9.796217918395996,-0.007590120658278465,0.0032178135588765144,0.664551317691803,172.88525649774252,-0.0018532385766434345,0.003008475651051925
209.30000311881304,0.06078362464904785,2.3620765209198,9.803887367248535,-0.006990354508161545,0.004241805989295244,0.44570061564445496,175.8830538452178,-0.0018607291521135494,0.003008727041162868
209.40000312030315,-2.191096544265747,1.6384813785552979,9.805987358093262,-0.005207947921007872,0.003016647882759571,0.2909444570541382,177.8691635728308,-0.0018680286491417064,0.00300882545888351
209.50000312179327,-2.6188931465148926,1.2534968852996826,9.806604385375977,-0.004033197183161974,0.0012704473920166492,0.19276174902915955,179.18699393167137,-0.0018750948495807052,0.0030088095585275284
209.6000031232834,-1.9411535263061523,0.8964239358901978,9.807607650756836,-0.003013559151440859,-0.0005873388145118952,0.13118985295295715,180.0791395806801,-0.0018819868314778887,0.0030087144305357104
209.7000031247735,-0.27970069646835327,-0.029751241207122803,9.809300422668457,-0.0038374345749616623,-0.0025104472879320383,0.028160110116004944,180.45414428687047,-0.0018888538662338306,0.0030086223181286474
209.80000312626362,1.7779209613800049,-0.045210957527160645,9.80943489074707,-0.001266065752133727,-0.0027262181974947453,0.019146129488945007,180.60813773189759,-0.0018958803157858028,0.0030085332213063394
209.90000312775373,2.5000529289245605,0.17060089111328125,9.809592247009277,-0.0008126802276819944,-0.0008488419116474688,0.0167772825807333,180.7351655900815,-0.001903131015168924,0.00300842630511957
210.00000312924385,1.166417121887207,0.10735678672790527,9.810591697692871,-0.0006340305553749204,0.0014742034254595637,0.011012176051735878,180.83464046515354,-0.0019104861634673398,0.0030083078748819173
210.10000313073397,-0.843852162361145,0.06704211235046387,9.81055736541748,-0.0004320056177675724,0.0023340373300015926,0.005454048980027437,180.90440401733605,-0.0019177655109245961,0.003008185058339167
210.20000313222408,-1.9939099550247192,0.03878641128540039,9.809638977050781,-0.0003043576143682003,0.0015211065765470266,0.0011948959436267614,180.94874560542777,-0.001924865842298118,0.0030080619676523474
210.3000031337142,-1.7523661851882935,0.020388245582580566,9.80909252166748,-0.00018221847130917013,-8.788828563410789e-05,-0.0005342353251762688,180.9775963244819,-0.0019318089520368176,0.003007939425253665
210.40000313520432,-0.4268920123577118,-0.36494019627571106,9.809256553649902,-0.0011408976279199123,-0.0017443118849769235,-0.03966863825917244,180.8485877114387,-0.0019387142299081006,0.003007850328431357
210.50000313669443,1.2875148057937622,-0.26419079303741455,9.809481620788574,0.000140840420499444,-0.002183671575039625,-0.027838459238409996,180.6971897382962,-0.0019457356077907662,0.003007783437278609
210.60000313818455,2.0294933319091797,-0.029573917388916016,9.809771537780762,0.0001664947485551238,-0.0008387769339606166,-0.017725307494401932,180.60491388260934,-0.0019529387431873602,0.0030077170944139984
210.70000313967466,1.1117063760757446,-0.036094069480895996,9.810388565063477,9.229342686012387e-05,0.0010403089690953493,-0.013001161627471447,180.54788180303973,-0.0019602419411768324,0.003007653218846005
210.80000314116478,-0.5098477602005005,-0.028325974941253662,9.810538291931152,7.028342224657536e-05,0.0018824912840500474,-0.010793882422149181,180.50938685687754,-0.0019674992200293673,0.0030075920847186985
210.9000031426549,-1.531442642211914,-0.019829750061035156,9.809857368469238,7.151230238378048e-05,0.0013210753677412868,-0.008770032785832882,180.48416979846186,-0.0019746190156126886,0.0030075339661761466
211.000003144145,-1.4231494665145874,-0.17319047451019287,9.809303283691406,-0.0003475133271422237,4.0731014451012015e-05,-0.02243621274828911,180.4078356042978,-0.001981611334230138,0.003007492022133645
211.10000314563513,-0.4168664216995239,-0.11574000120162964,9.809483528137207,0.00013315770775079727,-0.0012770851608365774,-0.016534633934497833,180.3298485043546,-0.0019885662321854625,0.0030074607697098197
211.20000314712524,0.8952057957649231,-0.03232663869857788,9.809635162353516,0.00012006307952105999,-0.0016565007390454412,-0.011686465702950954,180.2818595952461,-0.0019956015914317504,0.003007432258726681
211.30000314861536,1.494012475013733,-0.014369368553161621,9.80988883972168,7.121212547644973e-05,-0.0007035928429104388,-0.009065625257790089,180.25257174408506,-0.0020027710070849025,0.0030074040218876115
211.40000315010548,0.8739979863166809,-0.003750741481781006,9.810335159301758,5.1937473472207785e-05,0.0006843173177912831,-0.00751884002238512,180.23324230873394,-0.0020100189650378297,0.00300737605919261
211.5000031515956,-0.2996738851070404,-0.01901841163635254,9.810431480407715,3.0632829293608665e-05,0.0013578379293903708,-0.007108177058398724,180.2185164208834,-0.0020172397827309396,0.0030073497413620207
211.6000031530857,-1.0760327577590942,-0.06938314437866211,9.809919357299805,-0.00011772371362894773,0.000989163643680513,-0.012186056934297085,180.1845293995734,-0.002024364101714582,0.0030073300029890785
211.70000315457582,-1.021462321281433,-0.057549357414245605,9.809579849243164,6.715751078445464e-05,4.937288031214848e-05,-0.009554794058203697,180.15324713317474,-0.0020313968565801588,0.003007315747497509
211.80000315606594,-0.30083516240119934,0.0005102455615997314,9.809652328491211,5.09382807649672e-05,-0.0008803537930361927,-0.00770718464627862,180.13271558452968,-0.002038402608263823,0.0030073012178618713
211.90000315755606,0.5977509617805481,0.013632476329803467,9.809733390808105,0.00010332418605685234,-0.001120766974054277,-0.004116907715797424,180.12973762205155,-0.002045462092169714,0.0030072853175058902
212.00000315904617,0.9985237121582031,-0.004747331142425537,9.810012817382812,-4.0339946281164885e-05,-0.0004828331875614822,-0.005957071203738451,180.1251204141726,-0.0020526110840961564,0.0030072699654380463
212.1000031605363,0.5859779715538025,-0.01626884937286377,9.810253143310547,-1.0108837159350514e-05,0.0004360875755082816,-0.006444603204727173,180.1153532436595,-0.0020598125746431606,0.0030072559840905455
212.2000031620264,-0.18721570074558258,-0.0021382272243499756,9.810240745544434,5.6579418014734983e-05,0.0008940051193349063,-0.004416344687342644,180.11191082831783,-0.0020669973423821375,0.003007242002743045
212.30000316351652,-0.6980490684509277,-0.02393937110900879,9.809993743896484,-9.186036186292768e-05,0.0006555747822858393,-0.008212186396121979,180.09891980851646,-0.0020741194682045716,0.0030072304886921623
212.40000316500664,-0.6583580374717712,-0.02163517475128174,9.809798240661621,3.436615224927664e-05,2.176436100853607e-05,-0.006784046534448862,180.08393437347746,-0.0020811823789301798,0.0030072206195056912
212.50000316649675,-0.1855466365814209,-0.02737121284008026,9.80971622467041,-4.575704224407673e-07,-0.0005724142538383603,-0.006818272173404694,180.07403059918093,-0.0020882287038972436,0.0030072134917599066
212.60000316798687,0.39516934752464294,0.012015312910079956,9.809897422790527,6.711011519655585e-05,-0.0006943001644685864,-0.0042973174713552,180.06853912708823,-0.0020953105305494546,0.0030072049932937787
212.700003169477,0.6031748056411743,0.02425551414489746,9.810009002685547,-1.6489648260176182e-06,-0.00028418205329217017,-0.004527865909039974,180.07133950464794,-0.0021024466377213002,0.0030071945758191705
212.8000031709671,0.3480789065361023,-0.035464078187942505,9.81018352508545,-5.3379510063678026e-05,0.0002756027097348124,-0.006631499156355858,180.06256954175365,-0.0021096138602558767,0.0030071871739293173
212.90000317245722,-0.12234143912792206,-0.019972406327724457,9.810138702392578,2.589193172752857e-06,0.0005436799838207662,-0.006464062724262476,180.0559579186371,-0.0021167701170270448,0.0030071816910479444
213.00000317394733,-0.4228220582008362,-0.024734079837799072,9.809996604919434,1.7008453141897917e-05,0.00038891012081876397,-0.005850506946444511,180.0442509743997,-0.002123888404838681,0.003007178127175052
213.10000317543745,-0.3904620409011841,0.02528974413871765,9.809893608093262,3.94208291254472e-05,-6.672165909549221e-06,-0.0044497959315776825,180.0442509743997,-0.0021309716021988834,0.0030071723701496104
213.20000317692757,-0.08526374399662018,0.01756911724805832,9.809842109680176,-4.3449108488857746e-07,-0.0003496970166452229,-0.004606723319739103,180.03957912500738,-0.0021380469864595852,0.0030071655165478943
213.30000317841768,0.23511499166488647,-0.0026718229055404663,9.80993938446045,3.409775672480464e-06,-0.00039855216164141893,-0.004616688005626202,180.04847203130674,-0.002145143891027601,0.00300715838880211
213.4000031799078,0.3503659963607788,-0.03778219223022461,9.810015678405762,-3.809078043559566e-05,-0.0001499752834206447,-0.006050968077033758,180.03957912500738,-0.0021522719109583477,0.0030071548249292175
213.50000318139791,0.1928621232509613,-0.0026139020919799805,9.810110092163086,4.055429599247873e-05,0.00017023144755512476,-0.004431177396327257,180.03957912500738,-0.0021594172019518965,0.003007151535200394
213.60000318288803,-0.08239692449569702,0.0024912431836128235,9.810089111328125,-4.082103259861469e-05,0.00031802584999240935,-0.006044634152203798,180.03427889821145,-0.0021665553652070457,0.0030071479713275014
213.70000318437815,-0.2501736283302307,-0.0023717880249023438,9.810006141662598,4.09050117013976e-05,0.00021963832841720432,-0.004475288558751345,180.03427889821145,-0.002173670774510583,0.0030071444074546093
213.80000318586826,-0.2202652245759964,0.0026150941848754883,9.809916496276855,-1.8316495697945356e-07,-1.6376454368582927e-05,-0.004608123563230038,180.0279814637967,-0.002180766582497995,0.003007140843581717
213.90000318735838,-0.04263584688305855,2.649053931236267e-05,9.809922218322754,1.343796611763537e-06,-0.00020894825865980238,-0.0046236552298069,180.03427889821145,-0.002187858689566724,0.0030071372797088247
214.0000031888485,0.14510490000247955,0.025000959634780884,9.80996036529541,5.5466065532527864e-05,-0.0002257335145259276,-0.0025587857235223055,180.03957912500738,-0.002194963681375839,0.0030071315226833832
214.1000031903386,0.20523621141910553,-0.00513102114200592,9.81003475189209,-5.59951295144856e-05,-7.809636008460075e-05,-0.004831572063267231,180.0442509743997,-0.002202087040842571,0.0030071260398020104
214.20000319182873,0.10520102083683014,-0.022560961544513702,9.810066223144531,3.940469468943775e-06,0.00010386289795860648,-0.004642300773411989,180.03957912500738,-0.002209219858286815,0.003007122750073187
214.30000319331884,-0.05493631213903427,0.002547774463891983,9.810019493103027,-4.864559741690755e-07,0.00018465160974301398,-0.004623248241841793,180.03957912500738,-0.002216347741153868,0.0030071191862002943
214.40000319480896,-0.14759400486946106,0.00011056661605834961,9.810037612915039,9.164068615064025e-07,0.0001225485175382346,-0.004627641290426254,180.03957912500738,-0.0022234623280041887,0.003007115622327402
214.50000319629908,-0.12514273822307587,-0.002404719591140747,9.809920310974121,5.649435479426757e-07,-1.5978233932401054e-05,-0.004627184011042118,180.03957912500738,-0.002230565949119523,0.0030071120584545096
214.6000031977892,-0.020059801638126373,0.004962867125868797,9.809981346130371,-3.827661566901952e-05,-0.00012355734361335635,-0.006072384305298328,180.03427889821145,-0.0022376675141373426,0.003007108220437549
214.7000031992793,0.09257703274488449,0.012508280575275421,9.80996036529541,7.911412103567272e-05,-0.00012795039219781756,-0.0029981336556375027,180.03957912500738,-0.0022447775776015533,0.003007103285844313
214.80000320076942,0.11265425384044647,0.004933282732963562,9.810028076171875,-4.110084773856215e-05,-3.972548802266829e-05,-0.004741018172353506,180.03957912500738,-0.0022518976473548946,0.0030070980771070093
214.90000320225954,0.05512315407395363,-0.017581790685653687,9.810019493103027,-3.585191007005051e-05,6.406399188563228e-05,-0.0060846684500575066,180.03427889821145,-0.0022590225146359444,0.003007094239090048
215.00000320374966,-0.032449837774038315,0.01258886232972145,9.810049057006836,7.779635052429512e-05,0.00010650026524672285,-0.0030076252296566963,180.03427889821145,-0.0022661446404441676,0.0030070893044968124
215.10000320523977,-0.08754529058933258,0.002570413053035736,9.809990882873535,-4.1467770643066615e-05,6.748436135239899e-05,-0.004754528868943453,180.03957912500738,-0.0022732586790397136,0.0030070840957595085
215.2000032067299,-0.07007981836795807,-0.017441950738430023,9.8100004196167,2.976565156131983e-06,-1.3105294783599675e-05,-0.0046449750661849976,180.03957912500738,-0.002280366823512736,0.003007080531886616
215.30000320822,-2.259691245853901e-05,-0.002489549107849598,9.809942245483398,5.285546649247408e-07,-7.307060877792537e-05,-0.004622702486813068,180.0442509743997,-0.0022874746938441604,0.003007076968013724
215.40000320971012,0.05005664378404617,0.002476513385772705,9.8100004196167,-2.123219019267708e-06,-7.236356032080948e-05,-0.0046141003258526325,180.0442509743997,-0.0022945870875616947,0.0030070734041408313
215.50000321120024,0.06009938195347786,-3.0267983675003052e-05,9.810019493103027,-1.3871758710592985e-06,-1.9711123968590982e-05,-0.004610098898410797,180.0442509743997,-0.0023017048270759233,0.003007070114412008
215.60000321269035,0.03508797287940979,0.0024305880069732666,9.810019493103027,-3.9481088606407866e-05,3.9101327274693176e-05,-0.006064040120691061,180.03427889821145,-0.0023088257192540595,0.003007066002250978
215.70000321418047,0.009464328177273273,0.012559734284877777,9.767855644226074,8.552102372050285e-05,0.005025089252740145,-0.0038197189569473267,180.03427889821145,-0.0023159479821401874,0.0030070613418018114
215.80000321567059,-0.07187755405902863,5.599111318588257e-05,9.819265365600586,-2.797593333525583e-05,0.00011808198905782774,-0.00477245170623064,180.0442509743997,-0.0023230639397269215,0.0030070564072085756
215.9000032171607,-0.06928984820842743,-0.012513384222984314,9.841728210449219,-2.3800123017281294e-05,-0.0001671857462497428,-0.006093019153922796,180.03427889821145,-0.0023301738661416493,0.003007052569191615
216.00000321865082,-0.009112764149904251,-0.007486874237656593,9.81433391571045,5.0027636461891234e-05,-0.0001530168519821018,-0.004458811599761248,180.0279814637967,-0.002337283792570588,0.0030070492794627914
216.10000322014093,0.014773853123188019,0.005002201534807682,9.766241073608398,-4.407251253724098e-06,-0.002840456087142229,-0.004634242970496416,180.03427889821145,-0.002344394815551709,0.003007045715589899
216.20000322163105,0.0629359781742096,-0.002523224800825119,9.835407257080078,-2.7614769351202995e-06,2.7214509827899747e-05,-0.004626093432307243,180.0279814637967,-0.002351511595563238,0.0030070421517170067
216.30000322312117,0.020316988229751587,0.025055279955267906,9.826552391052246,3.79772245651111e-05,0.0001598816888872534,-0.003166691865772009,180.03427889821145,-0.0023586300204669897,0.003007036668835634
216.40000322461128,-0.0148412911221385,-0.007479466497898102,9.81137752532959,-3.8067897548899055e-05,0.0001180547769763507,-0.00477850204333663,180.03957912500738,-0.002365747074605906,0.003007031734242398
216.5000032261014,-0.034932784736156464,-0.014966282993555069,9.809141159057617,3.171226126141846e-06,6.572366692125797e-05,-0.00464594317600131,180.03957912500738,-0.0023728611131872412,0.003007028170369506
216.60000322759151,-0.009961899369955063,-0.0024829143658280373,9.80909252166748,1.1168740456923842e-06,1.7034833945217542e-05,-0.0046226028352975845,180.03957912500738,-0.0023799740551737614,0.0030070246064966134
216.70000322908163,-0.0024585810024291277,0.0025121080689132214,9.80948257446289,7.123162504285574e-08,-1.1361321412550751e-05,-0.004617193713784218,180.03957912500738,-0.0023870869971744924,0.00300702131676779
216.80000323057175,0.015039755031466484,4.954636096954346e-07,9.809687614440918,-9.17674697120674e-07,-1.3280077837407589e-05,-0.004614603705704212,180.03957912500738,-0.0023942013098974257,0.0030070177528948978
216.90000323206186,0.022557975724339485,-0.002504481002688408,9.809951782226562,-6.385164397215704e-07,2.3953773506946163e-06,-0.004613296128809452,180.03957912500738,-0.002401317541639969,0.003007014189022005
217.00000323355198,0.0025612993631511927,0.0025087904650717974,9.809903144836426,-1.127473296946846e-06,1.8358592569711618e-05,-0.004614110104739666,180.03957912500738,-0.0024084340475098998,0.003007010625149113
217.1000032350421,-0.0049735913053154945,-0.002486230805516243,9.809931755065918,-5.314923328114673e-07,2.1547490177908912e-05,-0.004615284502506256,180.03957912500738,-0.002415550005096634,0.0030070070612762206
217.2000032365322,-0.014970270916819572,0.0025204038247466087,9.810049057006836,-6.470163498306647e-07,1.0844095413631294e-05,-0.004616420716047287,180.03957912500738,-0.0024226645919469547,0.003007003771547397
217.30000323802233,-0.022471927106380463,2.538226544857025e-05,9.809931755065918,1.1999954949715175e-06,-5.576868261414347e-06,-0.004616389982402325,180.03957912500738,-0.0024297772598060874,0.0030070002076745045
217.40000323951244,0.007526405621320009,-0.0024945265613496304,9.80997085571289,4.1145449358737096e-07,-1.497665471106302e-05,-0.004615592770278454,180.03957912500738,-0.0024368904759484167,0.0030069966438016123
217.50000324100256,0.015029720962047577,0.0025004949420690536,9.809990882873535,2.028994458669331e-06,-1.191586852655746e-05,-0.004614456556737423,180.03957912500738,-0.0024440050627987375,0.00300699307992872
217.60000324249268,0.012528064660727978,2.154149115085602e-06,9.810019493103027,-5.053803988630534e-07,-9.357053158964845e-07,-0.004614003002643585,180.03957912500738,-0.0024511210203854716,0.0030069895160558277
217.7000032439828,0.005026406608521938,-0.002492867410182953,9.810039520263672,1.112361132982187e-06,9.838939149631187e-06,-0.004614436998963356,180.03957912500738,-0.002458237252113804,0.003006986226327004
217.8000032454729,-0.009970271959900856,0.002517085522413254,9.810019493103027,-5.850679372088052e-07,1.1649693988147192e-05,-0.004615425132215023,180.03957912500738,-0.0024653526614173416,0.0030069826624541116
217.90000324696302,-0.0074735903181135654,-0.0024845716543495655,9.809981346130371,2.0667898752435576e-06,5.3573758123093285e-06,-0.0046161264181137085,180.03957912500738,-0.0024724672482818733,0.0030069790985812195
218.00000324845314,-0.0024702739901840687,0.0025121087674051523,9.809981346130371,1.3286630746733863e-06,-3.5249586289864965e-06,-0.00461571104824543,180.03957912500738,-0.002479581835132194,0.003006975534708327
218.10000324994326,0.0025280658155679703,8.790986612439156e-06,9.809981346130371,7.571725291199982e-08,-8.784165402175859e-06,-0.004615439102053642,180.03957912500738,-0.002486696421996726,0.003006971970835435
218.20000325143337,2.640741877257824e-05,-0.002489549107849598,9.809990882873535,-1.6405915630457457e-06,-7.135105079214554e-06,-0.004614901728928089,180.03957912500738,-0.0024938110088612575,0.003006968681106611
218.3000032529235,2.972572110593319e-05,0.002510449616238475,9.810019493103027,1.7902243598655332e-07,-5.623547849609167e-09,-0.004614564590156078,180.03957912500738,-0.002500925595725789,0.0030069651172337187
218.4000032544136,0.012528064660727978,2.154149115085602e-06,9.810019493103027,1.099127075576689e-06,5.397747372626327e-06,-0.004614916630089283,180.03957912500738,-0.002508041279156714,0.003006961553360826
218.50000325590372,-0.014973587356507778,-0.0024795951321721077,9.810019493103027,-1.6085732568171807e-07,6.39588915873901e-06,-0.004615279845893383,180.03957912500738,-0.0025151558660354567,0.003006957989487934
218.60000325739384,0.0025297249667346478,0.0025087902322411537,9.809990882873535,1.3185012903704774e-07,2.8787383143935585e-06,-0.004615727812051773,180.03957912500738,-0.0025222704528999884,0.0030069544256150415
218.70000325888395,2.640741877257824e-05,-0.002489549107849598,9.809981346130371,1.999982941924827e-06,-1.8203618310508318e-06,-0.004615676589310169,180.03957912500738,-0.0025293850397360984,0.003006951135886218
218.80000326037407,-0.0024702739901840687,0.0025121087674051523,9.809981346130371,1.0109361028298736e-06,-5.26756230101455e-06,-0.004615406505763531,180.03957912500738,-0.002536499626629052,0.003006947572013326
218.90000326186419,0.0025280658155679703,8.79121944308281e-06,9.810009956359863,1.3925341590947937e-07,-3.736092367034871e-06,-0.004614931531250477,180.03957912500738,-0.002543614213465162,0.0030069440081404333
219.0000032633543,2.640741877257824e-05,-0.002489549107849598,9.809990882873535,1.9430481756899098e-07,3.551294867065735e-07,-0.004614993929862976,180.03957912500738,-0.0025507288003296935,0.003006940444267541
219.10000326484442,-0.0024702739901840687,0.0025121087674051523,9.810039520263672,-1.7149318409792613e-06,3.230945821997011e-06,-0.0046150777488946915,180.03957912500738,-0.002557843387208436,0.0030069368803946487
219.20000326633453,0.0025280658155679703,8.790986612439156e-06,9.809990882873535,-1.6804006008896977e-07,3.582580575312022e-06,-0.004615423269569874,180.03957912500738,-0.002564957974058757,0.003006933590665825
219.30000326782465,2.640741877257824e-05,-0.002489549107849598,9.809990882873535,1.8845386193788727e-06,1.5365363879027427e-06,-0.004615336656570435,180.03957912500738,-0.0025720725609374995,0.0030069300267929326
219.40000326931477,-0.0024702739901840687,0.0025121087674051523,9.8100004196167,1.6105184386105975e-07,-1.1472241112642223e-06,-0.004615543410181999,180.03957912500738,-0.0025791871477878203,0.0030069264629200405
219.50000327080488,0.002526406664401293,-0.0024912082590162754,9.809990882873535,1.186525196317234e-06,-3.169780939060729e-06,-0.004615097306668758,180.03957912500738,-0.002586301734652352,0.0030069228990471483
219.600003272295,2.972572110593319e-05,0.002510449616238475,9.810009956359863,-1.7864969095171546e-06,-1.8626126347953686e-06,-0.004615232348442078,180.03957912500738,-0.0025934163215168837,0.003006919335174256
219.70000327378511,5.595013499259949e-05,0.03507314249873161,9.809981346130371,3.824915620498359e-05,2.9848524718545377e-07,-0.003162826644256711,180.0442509743997,-0.0026005309083672046,0.0030069127557166083
219.80000327527523,-0.06508133560419083,0.002631470561027527,9.81004810333252,-5.972397048026323e-07,0.00024205907538998872,-0.003353012492880225,180.05235157875532,-0.0026076400123429266,0.0030069059021148926
219.90000327676535,-0.4505745768547058,0.0004316568374633789,9.810160636901855,-3.5367789678275585e-05,0.0007468028925359249,-0.005011764820665121,180.05235157875532,-0.00261470826887944,0.003006898774369108
220.00000327825546,-1.1314939260482788,0.0010493993759155273,9.8099365234375,6.58305361866951e-06,0.0010359473526477814,-0.005204613786190748,180.05235157875532,-0.0026216750920724508,0.0030068916466233233
220.10000327974558,-1.6474056243896484,0.004016995429992676,9.809605598449707,5.999929271638393e-06,0.0007887771353125572,-0.005345148034393787,180.0559579186371,-0.002628494425763961,0.003006884793021607
220.2000032812357,-1.6853859424591064,-0.000947117805480957,9.809357643127441,7.0921669248491526e-06,0.00019569331197999418,-0.0052506569772958755,180.05235157875532,-0.002635162157801574,0.0030068776652758225
220.3000032827258,-1.3052477836608887,0.0012023448944091797,9.809391021728516,7.971539162099361e-06,-0.000399945885874331,-0.005112403072416782,180.05235157875532,-0.002641713104466703,0.0030068708116741064
220.40000328421593,-0.7771888971328735,0.000719606876373291,9.809691429138184,5.6344433687627316e-06,-0.0006533446721732616,-0.005068368278443813,180.05235157875532,-0.002648194418526373,0.0030068636839283218
220.50000328570604,-0.44666603207588196,-0.03221803903579712,9.80988597869873,-4.348167567513883e-05,-0.0004259060660842806,-0.00699511356651783,180.0442509743997,-0.002654635981699016,0.003006859845911361
220.60000328719616,-0.5264841318130493,-0.007100939750671387,9.810126304626465,5.4176209232537076e-05,6.581301568076015e-05,-0.004995584953576326,180.0442509743997,-0.002661030117963037,0.0030068562820384686
220.70000328868628,-0.9192533493041992,0.003197014331817627,9.809971809387207,8.248898666352034e-07,0.00043034576810896397,-0.00539628928527236,180.0442509743997,-0.002667342010994389,0.0030068527181655764
220.8000032901764,-1.2672045230865479,0.0009589195251464844,9.809764862060547,3.5428092814981937e-06,0.0004350628296379,-0.0055740028619766235,180.0442509743997,-0.0026735401342250498,0.003006849154292684
220.9000032916665,-1.3574886322021484,-0.0014727115631103516,9.809597969055176,6.055503035895526e-06,0.00013743070303462446,-0.005569248925894499,180.0442509743997,-0.0026796165375202463,0.0030068458645638604
221.00000329315662,-1.1549222469329834,0.0033763647079467773,9.809578895568848,6.364774890244007e-06,-0.00023705282364971936,-0.005498135928064585,180.0442509743997,-0.0026855893143107323,0.003006842300690968
221.10000329464674,-0.809565544128418,-0.0018828511238098145,9.809762001037598,5.470792530104518e-06,-0.0004374339187052101,-0.005470904055982828,180.0442509743997,-0.0026914897170939867,0.0030068387368180757
221.20000329613686,-0.5641699433326721,0.0029330849647521973,9.809855461120605,4.678528057411313e-06,-0.00032974028727039695,-0.005499242804944515,180.0442509743997,-0.002697339403241017,0.003006835172945183
221.30000329762697,-0.5715098977088928,0.00043833255767822266,9.810029983520508,3.222531631763559e-06,-1.1149223610118497e-05,-0.005591689143329859,180.03957912500738,-0.0027031380985533815,0.003006831609072291
221.4000032991171,-0.8091580271720886,-0.0018838047981262207,9.809942245483398,1.8880527932196856e-06,0.00026322505436837673,-0.005743282847106457,180.0442509743997,-0.002708864145702705,0.0030068283193434675
221.5000033006072,-1.071951985359192,0.0033129453659057617,9.809845924377441,4.172819899395108e-06,0.0003040627925656736,-0.00586047163233161,180.0442509743997,-0.0027144942424541796,0.003006824755470575
221.60000330209732,-1.1471627950668335,0.0008697509765625,9.809718132019043,3.262932295911014e-06,0.00011233336408622563,-0.0058745346032083035,180.0442509743997,-0.002720021535168371,0.003006821191597683
221.70000330358744,-1.0196281671524048,-0.0017250776290893555,9.809710502624512,3.877663402818143e-06,-0.0001597686787135899,-0.005836592987179756,180.03957912500738,-0.002725456989594477,0.0030068176277247903
221.80000330507755,-0.76436847448349,0.0030832886695861816,9.809785842895508,4.6987843234092e-06,-0.00032150716288015246,-0.005823023151606321,180.0442509743997,-0.0027308244563215567,0.003006814063851898
221.90000330656767,-0.5715744495391846,-0.002061307430267334,9.809850692749023,2.788903657346964e-06,-0.0002576670958660543,-0.00585261220112443,180.0442509743997,-0.0027361401098033866,0.003006810774123074
222.00000330805779,-0.5714400410652161,0.0029383301734924316,9.809985160827637,1.9232120394008234e-06,-2.0863823010586202e-05,-0.005931702442467213,180.03957912500738,-0.002741405046620571,0.003006807210250182
222.1000033095479,-0.7440412044525146,0.0005674362182617188,9.8100004196167,5.338952178135514e-07,0.00019650321337394416,-0.006052982993423939,180.0442509743997,-0.002746603092319333,0.0030068036463772895
222.20000331103802,-0.9442729353904724,-0.001782834529876709,9.809849739074707,1.6443373169749975e-06,0.00023562429123558104,-0.006149670109152794,180.0442509743997,-0.0027517167016100075,0.0030068000825043974
222.30000331252813,-1.0119311809539795,0.003268122673034668,9.809771537780762,5.861802492290735e-07,8.638537110527977e-05,-0.006165831815451384,180.0442509743997,-0.002756739295094235,0.003006796518631505
222.40000331401825,-0.9043964743614197,0.0006879568099975586,9.809786796569824,2.3976899683475494e-06,-0.00013652711641043425,-0.006140700075775385,180.0442509743997,-0.002761681016067996,0.0030067932289026813
222.50000331550837,-0.6966841220855713,-0.0019678473472595215,9.80976390838623,2.066924935206771e-06,-0.0002722482895478606,-0.006138615310192108,180.0442509743997,-0.002766560232203119,0.003006789665029789
222.60000331699848,-0.5289296507835388,0.0029064416885375977,9.809942245483398,1.2918608263134956e-06,-0.0002146283513866365,-0.00617036921903491,180.0442509743997,-0.0027713920214011978,0.0030067861011568967
222.7000033184886,-0.536328911781311,-0.0020881295204162598,9.809986114501953,-5.58163037567283e-07,-4.485212230065372e-06,-0.00624330947175622,180.0442509743997,-0.0027761758353790356,0.0030067825372840046
222.8000033199787,-0.6914243698120117,0.003027796745300293,9.809968948364258,3.592285793274641e-07,0.00018199824262410402,-0.006352870259433985,180.0442509743997,-0.0027808974186740443,0.003006778973411112
222.90000332146883,-0.8666300177574158,0.000658571720123291,9.80988597869873,4.3760519474744797e-07,0.00020469888113439083,-0.006435008253902197,180.0442509743997,-0.0027855416933277866,0.0030067756836822885
223.00000332295895,-0.9167676568031311,-0.0018034577369689941,9.809825897216797,8.082897693384439e-07,5.986973337712698e-05,-0.006442149169743061,180.0442509743997,-0.002790103450621473,0.003006772119809396
223.10000332444906,-0.18307827413082123,0.0026338696479797363,9.806806564331055,0.00023617036640644073,-0.0026675118133425713,-0.04212937131524086,180.03427889821145,-0.002794649033432961,0.003006768555936504
223.20000332593918,0.06419091671705246,0.007475912570953369,9.809908866882324,0.00016861905169207603,0.00022580234508495778,0.013627823442220688,180.1266776973034,-0.002799200099119048,0.003006764443775474
223.3000033274293,-0.685929000377655,-0.0032181143760681152,9.796128273010254,-6.146834493847564e-05,-1.0788193321786821e-05,-0.0032414512243121862,180.14804252902718,-0.0028036900306744883,0.003006760605758513
223.4000033289194,-0.8940621018409729,-0.0031145811080932617,9.819721221923828,-3.9086793549358845e-05,0.0010042838985100389,-0.004543181974440813,180.12195120639774,-0.002808099637988448,0.003006757041885621
223.50000333040953,-1.5272177457809448,0.010226845741271973,9.82101058959961,-1.0390824172645807e-05,0.0003450709627941251,-0.003151517827063799,180.10468448817596,-0.002812372173309541,0.00300675320386866
223.60000333189964,-0.9495143294334412,-0.0010722875595092773,9.809835433959961,-2.0252016838639975e-05,-0.0006995485746301711,-0.0025872034020721912,180.08848327946467,-0.002816559723939349,0.003006749365851699
223.70000333338976,-0.0736800953745842,-0.007393285632133484,9.80821418762207,-6.3614570535719395e-06,-0.0008451413596048951,-0.001381478738039732,180.0791395806801,-0.0028207406951423764,0.003006746076122875
223.80000333487988,-0.06332200020551682,0.00756014883518219,9.808911323547363,-1.9132494344376028e-05,0.0001440858468413353,-0.0005020978860557079,180.06561580612347,-0.002824915909286574,0.0030067422381059145
223.90000333637,-0.6692734360694885,0.44929635524749756,9.809316635131836,0.0006421295693144202,7.165659917518497e-05,0.03800158575177193,180.22728638377768,-0.002829031360036538,0.003006698375054932
224.0000033378601,-0.4027918577194214,0.10584130883216858,9.809455871582031,-0.0005142779555171728,-0.00019512558355927467,0.02115112729370594,180.35222420407555,-0.002833110349641288,0.0030066454652496843
224.10000333935022,-0.34372735023498535,-0.0419059693813324,9.809835433959961,-0.00017190187645610422,0.00014156618271954358,0.01724286377429962,180.43791575740252,-0.002837158635088599,0.0030065966676054664
224.20000334084034,-0.701102614402771,0.014032125473022461,9.809895515441895,-6.000295979902148e-05,0.0004086804110556841,0.01574905402958393,180.50784323412512,-0.0028411438674282863,0.0030065467733849742
224.30000334233046,-0.8938313722610474,0.019038498401641846,9.809836387634277,-3.364385338500142e-05,0.00012855960812885314,0.014288815669715405,180.565449049585,-0.002845049049682302,0.003006496330876344
224.40000334382057,-0.618561327457428,0.03176891803741455,9.809748649597168,-1.5132449334487319e-05,-0.0002875578647945076,0.012778012081980705,180.6123041472913,-0.0028488988548218686,0.0030064436952151655
224.5000033453107,-0.33862701058387756,-0.0010431110858917236,9.809894561767578,-7.685812306590378e-06,-0.0002114104136126116,0.011564122512936592,180.65043026323832,-0.002852718229974016,0.003006391333698055
224.6000033468008,-0.46358898282051086,0.0031147003173828125,9.810066223144531,-1.1234951671212912e-06,0.00018533391994424164,0.011229408904910088,180.68272339763413,-0.0028564962093895474,0.003006338972180945
224.70000334829092,-0.6122415065765381,1.3663287162780762,9.809099197387695,0.003214763244614005,-0.0006825930904597044,0.1369398981332779,181.21901619088518,-0.002860216618529421,0.003006165987273633
224.80000334978104,1.4396891593933105,0.6648452281951904,9.808831214904785,-0.0011945648584514856,-0.0031858598813414574,0.0882079005241394,181.76070483358055,-0.0028640642305362007,0.0030059296750864655
224.90000335127115,3.954585313796997,0.05826425552368164,9.807703971862793,-0.0002663035411387682,-0.003228334244340658,0.07674106955528259,182.2035469786075,-0.002868266310812828,0.0030056744469585616
225.00000335276127,4.517745018005371,2.389662742614746,9.832865715026855,0.006374083925038576,-0.00019347760826349258,0.33609601855278015,183.4978951470816,-0.0028728598688161355,0.003005181535923147
225.10000335425138,2.484395980834961,2.1056554317474365,9.781294822692871,-0.0027907162439078093,0.0003583368379622698,0.21433502435684204,185.03373148385066,-0.0028776584865966015,0.0030044813719718403
225.2000033557415,3.622530221939087,3.0605413913726807,9.792271614074707,0.00897329580038786,0.00045282579958438873,0.5407119393348694,187.2950431935018,-0.0028827449556558804,0.0030034692320704214
225.30000335723162,4.002119541168213,3.28328275680542,9.802386283874512,0.00036474026273936033,-0.0005883124540559947,0.46335357427597046,189.84215733878295,-0.0028881343538813553,0.0030021067360492806
225.40000335872173,4.020130157470703,4.121869087219238,9.796561241149902,0.01177612692117691,0.0017682909965515137,0.7264649868011475,193.06999545750426,-0.002893792139147422,0.0030003045129420414
225.50000336021185,4.04423189163208,6.703706741333008,9.783611297607422,0.005750982090830803,0.0026863119564950466,0.8503595590591431,197.47449758530036,-0.002899615781601028,0.0029978218642564376
225.60000336170197,4.339259624481201,6.3244829177856445,9.781298637390137,0.005578893236815929,0.0032486608251929283,0.9183468818664551,202.37528125818957,-0.0029055841720975195,0.0029946694816111465
225.70000336319208,4.2467145919799805,6.953943252563477,9.775278091430664,0.005150027573108673,0.005305267870426178,0.9915578961372375,207.69099892315705,-0.00291160108612587,0.002990790068895822
225.8000033646822,2.1971817016601562,9.013949394226074,9.758278846740723,0.01059802807867527,0.010975150391459465,1.2290419340133667,213.95231529757777,-0.002917332342022405,0.0029861337318899716
225.9000033661723,-0.9071998596191406,10.209951400756836,9.749063491821289,0.0017108125612139702,0.012137618847191334,1.2504702806472778,220.88156953131238,-0.0029224048297038507,0.0029808408323567393
226.00000336766243,-3.158392906188965,10.665824890136719,9.737106323242188,0.0042856186628341675,0.013112181797623634,1.364409327507019,228.23437745585784,-0.0029265783989984584,0.002975125476813733
226.10000336915255,-4.330899238586426,12.610452651977539,9.71020793914795,0.006839161738753319,0.01474728249013424,1.5426281690597534,236.41776370423352,-0.0029295989183424354,0.002969110481803703
226.20000337064266,-2.6074419021606445,12.349713325500488,9.71331787109375,-0.0022621280513703823,0.009177102707326412,1.4725030660629272,244.81911494940263,-0.002931522313133428,0.002962837791369151
226.30000337213278,1.472886562347412,8.704408645629883,9.752365112304688,-0.007588700857013464,0.003906559199094772,1.224549412727356,252.13976634333568,-0.0029327474629639028,0.002956200763467377
226.4000033736229,3.7002029418945312,5.3182268142700195,9.782026290893555,-0.00925589818507433,0.0012649382697418332,0.9235689640045166,257.81980629863165,-0.0029335803126429028,0.0029491390864032794
226.500003375113,3.6176986694335938,3.511044979095459,9.794992446899414,-0.006797507870942354,0.002458556555211544,0.7135677337646484,262.0524198857752,-0.002934149709872713,0.0029417127977278907
226.60000337660313,0.8523633480072021,2.4789578914642334,9.803489685058594,-0.007102972827851772,0.0042051952332258224,0.5063789486885071,265.08751006611874,-0.0029345060971763814,0.002934191381060684
226.70000337809324,-1.8442224264144897,1.5542628765106201,9.806732177734375,-0.005502435844391584,0.003413423663005233,0.3436199128627777,267.07949375641795,-0.0029347163656723296,0.002926828419665151
226.80000337958336,-2.5942184925079346,1.1487890481948853,9.806891441345215,-0.004267482552677393,0.0016737461555749178,0.23893962800502777,268.35608343305,-0.002934818347270607,0.00291969491685507
226.90000338107347,-2.189906358718872,0.7795552611351013,9.807793617248535,-0.0032636048272252083,-6.039845175109804e-06,0.17472589015960693,269.1806238696539,-0.0029348485031022165,0.002912757152909998
227.0000033825636,-0.8800634741783142,0.5258561372756958,9.808732986450195,-0.0023087789304554462,-0.0019004489295184612,0.1319372057914734,269.72378783321,-0.002934831780322611,0.0029058977941685566
227.1000033840537,1.1630276441574097,0.3435121178627014,9.809240341186523,-0.0015702607342973351,-0.0028376157861202955,0.10268187522888184,270.09185306720366,-0.0029347843533997775,0.0028989339865369635
227.20000338554382,2.4738340377807617,0.2461235523223877,9.809394836425781,-0.001062727184034884,-0.0015320266829803586,0.08662030845880508,270.35213791609453,-0.002934713898369523,0.0028917483963538408
227.30000338703394,1.7167872190475464,0.17402765154838562,9.810280799865723,-0.0007265721214935184,0.0008227721555158496,0.07754124701023102,270.5403506088634,-0.002934626446418065,0.0028844090113482107
227.40000338852406,-0.25862929224967957,-0.21202802658081055,9.810749053955078,-0.001420958898961544,0.0022277820389717817,0.03698940575122833,270.5440389110152,-0.002934558458690617,0.0028770926544443467
227.50000339001417,-1.7101415395736694,-0.1653270274400711,9.809915542602539,-0.00023732581757940352,0.0018067923374474049,0.041767992079257965,270.4863647936636,-0.0029345063713179798,0.0028699298182189212
227.6000033915043,-1.8673189878463745,0.004994601011276245,9.809269905090332,-0.00013280173880048096,0.0004581839020829648,0.048026710748672485,270.45601143299206,-0.0029344553805117357,0.0028629344840194345
227.7000033929944,-0.9269114136695862,-0.00031965505331754684,9.809207916259766,-0.00013863694039173424,-0.0011821002699434757,0.048150330781936646,270.44024735638766,-0.0029344052121587083,0.002856021941328677
227.80000339448452,0.6999543905258179,0.007269315421581268,9.809511184692383,-1.022161541186506e-05,-0.00213573407381773,0.04781457036733627,270.43710546936944,-0.002934353947210866,0.0028490468937902697
227.90000339597464,1.8442802429199219,0.00347701832652092,9.809690475463867,-6.189281066326657e-06,-0.0013546539703384042,0.04695170000195503,270.4380070543399,-0.0029343007632718354,0.002841906263234404
228.00000339746475,1.4747178554534912,0.006269875913858414,9.810169219970703,3.894264227710664e-05,0.0004126511630602181,0.04846525937318802,270.4386081109869,-0.0029342462085963916,0.002834633221093385
228.10000339895487,0.03477068617939949,-0.18843676149845123,9.810579299926758,-0.0004578696971293539,0.0016500770580023527,0.03164881095290184,270.3679019926989,-0.0029342086508563625,0.0028273568892235425
228.20000340044498,-1.203834056854248,-0.129520982503891,9.810057640075684,0.00010158242366742343,0.0015131529653444886,0.03868894279003143,270.2886171568134,-0.0029341828813329585,0.0028201888442608127
228.3000034019351,-1.461748719215393,-0.01672620140016079,9.809576034545898,7.238361285999417e-05,0.0004871938726864755,0.04470958560705185,270.2413522477569,-0.00293415930492813,0.0028131518401628927
228.40000340342522,-0.7890228629112244,-0.014827009290456772,9.809403419494629,2.3141434212448075e-05,-0.0007992528262548149,0.04639241471886635,270.2134577551866,-0.0029341373733871023,0.0028061855652346816
228.50000340491533,0.4272541403770447,-0.011642450466752052,9.8096284866333,3.6054283555131406e-05,-0.001553795882500708,0.04590488597750664,270.19610907469473,-0.002934116264313502,0.00279918118428093
228.60000340640545,1.3085741996765137,-0.02432791143655777,9.809808731079102,4.732665547635406e-05,-0.0010605920106172562,0.04575143754482269,270.1835142058652,-0.002934096800075281,0.0027920591955217316
228.70000340789557,1.1038825511932373,-0.06324493885040283,9.810147285461426,-9.695433254819363e-05,0.0001950326404767111,0.04119103401899338,270.1502648449856,-0.0029340828187258694,0.0027848379666096856
228.80000340938568,0.10821281373500824,-0.03796477988362312,9.810479164123535,0.00010821528121596202,0.0011355809401720762,0.045557696372270584,270.12018469188087,-0.0029340724012456576,0.0027776071426552375
228.9000034108758,-0.7979045510292053,-0.01879079081118107,9.810067176818848,2.442434742988553e-05,0.0011072148336097598,0.04732786864042282,270.10024053950445,-0.0029340636286576682,0.0027704481444467727
229.0000034123659,-1.0361168384552002,0.0015542205655947328,9.809755325317383,3.6937795812264085e-05,0.0003868845524266362,0.049934133887290955,270.0908695199632,-0.0029340548560270463,0.0027633818069335084
229.10000341385603,-0.5660187602043152,-0.00674952007830143,9.809619903564453,-2.3623641027370468e-05,-0.0005274147843010724,0.04904104769229889,270.0842305760899,-0.002934046905849641,0.002756366460217011
229.20000341534615,0.26482558250427246,0.0021042758598923683,9.80970287322998,3.41810446116142e-05,-0.001032924628816545,0.04919705539941788,270.0825093684191,-0.002934038407389039,0.002749327262966542
229.30000341683626,0.8481895923614502,-0.028674375265836716,9.809967041015625,-7.062792428769171e-05,-0.0007160355453379452,0.0453328900039196,270.0698871788329,-0.002934032650372842,0.0027422121278090597
229.40000341832638,0.7284851670265198,-0.02831163816154003,9.810139656066895,4.058172271470539e-05,9.177902393275872e-05,0.04652773216366768,270.05395917768845,-0.0029340293606452406,0.0027350314722191724
229.5000034198165,0.10555744171142578,0.002352024195715785,9.810257911682129,5.5151685955934227e-05,0.0007155879866331816,0.048717036843299866,270.0450799317674,-0.0029340255226344425,0.0027278412215868825
229.6000034213066,-0.4977004826068878,-0.0021232774015516043,9.810087203979492,3.415849641896784e-05,0.0007293754606507719,0.050553783774375916,270.0440144222569,-0.0029340222328784193,0.00272069593058185
229.70000342279673,-0.6631875038146973,0.003012897912412882,9.809885025024414,-1.6021596820792183e-05,0.00025980075588449836,0.050550878047943115,270.0445881581472,-0.0029340186690234304,0.0027136098546956433
229.80000342428684,-0.36313536763191223,-0.012312064878642559,9.80974292755127,-5.285328734316863e-05,-0.00033126294147223234,0.04865125194191933,270.0389600822711,-0.002934016201720624,0.002706556401953605
229.90000342577696,0.16488614678382874,-0.007646463345736265,9.809855461120605,-4.0961767808767036e-06,-0.0006363950669765472,0.04808292165398598,270.03106438359055,-0.0029340145568568232,0.002699488419575929
230.00000342726707,0.5079429149627686,-0.0027544947806745768,9.809967994689941,4.7857458412181586e-05,-0.0004415192815940827,0.04928383603692055,270.0293431759197,-0.0029340129119930225,0.0026923746551387896
230.1000034287572,0.4506189823150635,-0.007743156515061855,9.810098648071289,-2.50256089202594e-05,5.167027120478451e-05,0.04795227572321892,270.0239883076104,-0.0029340120895540167,0.0026852205915235605
230.2000034302473,0.06535080075263977,-1.974853512365371e-05,9.810164451599121,5.096027234685607e-05,0.00042861304245889187,0.04998807981610298,270.02202121312945,-0.0029340112671292218,0.0026780604967388214
230.30000343173742,-0.29760152101516724,0.00762211624532938,9.810066223144531,-2.354162461415399e-06,0.00044365954818204045,0.050203822553157806,270.0225129867497,-0.002934009348109612,0.00267092699392874
230.40000343322754,-0.39789682626724243,0.00016226123261731118,9.80992603302002,-7.2253760663443245e-06,0.0001526029664091766,0.0502486452460289,270.0226495905331,-0.002934007703260022,0.002663829403991651
230.50000343471766,-0.2103542536497116,0.002588161500170827,9.809865951538086,-8.931931915867608e-06,-0.00020261270401533693,0.049969762563705444,270.02262226977643,-0.0029340060583962213,0.0026567507299952975
230.60000343620777,0.09995391964912415,0.0024711578153073788,9.80991268157959,-3.0176679501892067e-06,-0.000369920366210863,0.04957767575979233,270.0225129867497,-0.0029340041393908223,0.0026496630092446793
230.7000034376979,0.3027690052986145,-0.0026077560614794493,9.809982299804688,6.3588254306523595e-06,-0.00025097845355048776,0.04941906780004501,270.022403703723,-0.0029340024945128107,0.0026425481482312656
230.800003439188,0.25286737084388733,-0.0025880681350827217,9.810078620910645,9.307878826803062e-06,3.21372936014086e-05,0.04956676810979843,270.0223490622096,-0.0029340005755216225,0.0026354105332601547
230.90000344067812,0.0352114774286747,0.0024967940989881754,9.810068130493164,7.616464245074894e-06,0.00024862398277036846,0.049835942685604095,270.0223490622096,-0.002933998930643611,0.002628269902704289
231.00000344216824,-0.17505218088626862,7.879301119828597e-05,9.810087203979492,2.4956361244221625e-07,0.0002564341702964157,0.050041042268276215,270.0223763829663,-0.002933997011638212,0.0026211448983603355
231.10000344365835,-0.23271946609020233,0.00010141460370505229,9.809917449951172,-5.720540229958715e-06,8.468519808957353e-05,0.0500665009021759,270.02243102447966,-0.0029339953667602003,0.0026140407289655986
231.20000344514847,-0.11269329488277435,5.4384749091695994e-05,9.809929847717285,-6.829217454651371e-06,-0.00012100767344236374,0.04990042746067047,270.0223763829663,-0.0029339937219106105,0.0026069469770454703
231.30000344663858,0.0574885718524456,-0.0025119229685515165,9.80997085571289,-1.8217569959233515e-06,-0.00021447418839670718,0.049681663513183594,270.02229442069626,-0.0029339918028910006,0.0025998474680999006
231.4000034481287,0.17767053842544556,0.0024416176602244377,9.809967994689941,2.945283085864503e-06,-0.00014267080405261368,0.04959180951118469,270.0222397791829,-0.0029339901580414107,0.0025927323329424184
231.50000344961882,0.14272452890872955,-4.463959703571163e-05,9.810046195983887,6.0448282965808176e-06,2.083728031720966e-05,0.04967290908098221,270.02215781691285,-0.002933988239021801,0.0025856045871577786
231.60000345110893,0.017632149159908295,3.6848819036094937e-06,9.81005859375,3.3501055440865457e-06,0.0001448131079087034,0.049831293523311615,270.02215781691285,-0.002933986594172211,0.002578475196508727
231.70000345259905,-0.1025209054350853,5.007634899811819e-05,9.810039520263672,4.16238563616389e-08,0.00014830590225756168,0.04995124042034149,270.02215781691285,-0.0029339849492941994,0.0025713548526139405
231.80000345408916,-0.12762019038200378,5.974115993012674e-05,9.809959411621094,-3.125413968518842e-06,4.7541208914481103e-05,0.049961112439632416,270.02215781691285,-0.0029339830302888004,0.002564246022770037
231.90000345557928,-0.07010024785995483,-0.0024624881334602833,9.809969902038574,-3.49351421391475e-06,-7.174707570811734e-05,0.049862444400787354,270.02215781691285,-0.002933981385410789,0.002557143498239712
232.0000034570694,0.03750680014491081,0.0024959787260740995,9.809951782226562,-2.0713260084903595e-07,-0.00012388257891871035,0.049738794565200806,270.0221304961562,-0.0029339794664196006,0.002550037409836495
232.1000034585595,0.10011105239391327,-2.7994727133773267e-05,9.810018539428711,2.913293656092719e-06,-8.134188101394102e-05,0.04968781769275665,270.02202121312945,-0.0029339778215558,0.0025429228229671497
232.20000346004963,0.08014146983623505,-2.028666676778812e-05,9.810009002685547,3.5897410270990804e-06,1.2676872756856028e-05,0.04973369091749191,270.02202121312945,-0.002933976176691999,0.002535800560063883
232.30000346153975,0.010078642517328262,-0.03257658705115318,9.81005859375,-5.340959978639148e-05,8.40311695355922e-05,0.04777342081069946,270.0139342691522,-0.002933976999131005,0.0025286777488724784
232.40000346302986,-0.057499032467603683,0.005016315262764692,9.8100004196167,5.426849384093657e-05,8.488675666740164e-05,0.05010863393545151,270.01106558970076,-0.0029339778215558,0.0025215598722743097
232.50000346451998,-0.07755592465400696,0.00752610806375742,9.809961318969727,-6.019836291670799e-06,2.633878102642484e-05,0.049936443567276,270.01158468407766,-0.0029339778215558,0.0025144491234219257
232.6000034660101,-0.03505745902657509,1.7522290363558568e-05,9.809961318969727,-6.732021802235977e-07,-4.234954758430831e-05,0.04984784871339798,270.01158468407766,-0.0029339778215558,0.0025073413901542966
232.7000034675002,0.022516366094350815,5.895925824006554e-06,9.81006908416748,-6.746316216776904e-08,-7.167757576098666e-05,0.0497717559337616,270.0116120048344,-0.0029339778215558,0.0025002317378781873
232.80000346899033,0.05257599428296089,-1.5795467334100977e-07,9.809942245483398,2.3590398541273316e-06,-4.650872870115563e-05,0.04974183440208435,270.01158468407766,-0.0029339778215558,0.002493117151008842
232.90000347048044,0.05259355530142784,-1.0779331205412745e-07,9.810029029846191,3.2966088383545866e-06,7.955813089211006e-06,0.04976804554462433,270.0115300425643,-0.0029339778215558,0.0024859979036903302
233.00000347197056,0.007560810539871454,8.941959094954655e-06,9.810009956359863,3.7813265407748986e-06,4.910300049232319e-05,0.04982234537601471,270.0115300425643,-0.0029339778215558,0.0024788783822277498
233.10000347346067,-0.03999064117670059,1.846111990744248e-05,9.810009956359863,4.4366314000399143e-07,4.978944343747571e-05,0.04986255615949631,270.011475401051,-0.0029339778215558,0.0024717618763499243
233.2000034749508,-0.045020896941423416,1.944636278494727e-05,9.809990882873535,-5.875070883121225e-07,1.5017157238617074e-05,0.04986356198787689,270.011475401051,-0.0029339778215558,0.0024646497567771966
233.3000034764409,-0.012520899064838886,1.294912817684235e-05,9.809961318969727,-9.931900422088802e-07,-2.462634256517049e-05,0.0498293936252594,270.011475401051,-0.0029339778215558,0.002457538733780744
233.40000347793102,0.010021046735346317,8.45949944050517e-06,9.810049057006836,-1.772214375250769e-08,-4.125127088627778e-05,0.04978880286216736,270.0114207595376,-0.0029339778215558,0.0024504268883520854
233.50000347942114,0.03005613386631012,4.502851425058907e-06,9.809961318969727,5.580371293945063e-07,-2.6516092475503683e-05,0.049772463738918304,270.0113661180242,-0.0029339778215558,0.0024433120273386717
233.60000348091125,0.03005613386631012,4.502883257373469e-06,9.809990882873535,7.239086698973551e-07,4.516103217611089e-06,0.049788087606430054,270.0113661180242,-0.0029339778215558,0.002436194973172709
233.70000348240137,0.0025561335496604443,9.954725101124495e-06,9.810088157653809,1.5412433640449308e-06,2.7708749257726595e-05,0.04981967806816101,270.0113661180242,-0.0029339778215558,0.002429077370718609
233.8000034838915,-0.024983616545796394,1.5373490896308795e-05,9.80991268157959,-1.5799449215592176e-07,2.844198388629593e-05,0.04984259605407715,270.0112841557542,-0.0029339778215558,0.002421961687272989
233.9000034853816,-0.024999989196658134,1.5373636415461078e-05,9.810049057006836,-6.253092124097748e-07,8.323164365720004e-06,0.049842365086078644,270.0112841557542,-0.0029339778215558,0.0024148487452680563
234.00000348687172,-0.002499999012798071,1.0942534572677687e-05,9.809961318969727,-5.620523211291584e-07,-1.5094953596417326e-05,0.04982234537601471,270.0112841557542,-0.0029339778215558,0.0024077360774071915
234.10000348836184,0.0025233887135982513,9.961804607883096e-06,9.810019493103027,-1.242496807662974e-07,-2.4005448722164147e-05,0.04979937523603439,270.01120219348417,-0.0029339778215558,0.0024006228612581896
234.20000348985195,0.01504443772137165,7.528425157943275e-06,9.8100004196167,4.282498480279173e-07,-1.5220111890812404e-05,0.049790360033512115,270.01117487272745,-0.0029339778215558,0.002393508274388845
234.30000349134207,0.022544439882040024,6.067505182727473e-06,9.809990882873535,5.06818878420745e-07,3.3198409710166743e-06,0.04979925602674484,270.01117487272745,-0.0029339778215558,0.002386392042655088
234.40000349283218,-0.0024555609561502934,1.0937255865428597e-05,9.810039520263672,1.3612664133688668e-06,1.721731860016007e-05,0.0498175323009491,270.01117487272745,-0.0029339778215558,0.002379275810921331
234.5000034943223,-0.01497894898056984,1.3343401406018529e-05,9.809951782226562,9.711768598208437e-07,1.6136584235937335e-05,0.04983094334602356,270.01106558970076,-0.0029339778215558,0.0023721606757638484
234.60000349581242,-0.012478948570787907,1.286130373046035e-05,9.810049057006836,-1.3408388213065336e-06,4.768508460983867e-06,0.04983069747686386,270.01106558970076,-0.0029339778215558,0.002365047185470778
234.70000349730253,-0.009978949092328548,1.2379018698993605e-05,9.80997085571289,2.2946323952055536e-08,-9.037617019203026e-06,0.049818746745586395,270.01106558970076,-0.0029339778215558,0.002357934243465845
234.80000349879265,0.005028635263442993,0.010066468268632889,9.80997085571289,3.919280061381869e-05,-1.3967735867481679e-05,0.05125655233860016,270.0166663448202,-0.002933976999131005,0.0023508207531727746
234.90000350028276,0.015037422068417072,5.563279955822509e-06,9.810019493103027,-3.933576954295859e-05,-8.497027920384426e-06,0.04964877665042877,270.0186880808145,-0.002933976176691999,0.0023437061663034294
235.00000350177288,0.010034821927547455,-0.022549953311681747,9.810019493103027,-3.543568163877353e-05,1.4979916613810929e-06,0.048328034579753876,270.01256823131814,-0.002933976999131005,0.0023365907570018787
235.100003503263,3.5282704629935324e-05,0.0075104497373104095,9.810009956359863,3.9384205592796206e-05,9.881750884233043e-06,0.04996301978826523,270.0104645330538,-0.0029339775473999907,0.002329475073556259
235.2000035047531,-0.009970027953386307,0.020097333937883377,9.809981346130371,5.1992814405821264e-05,1.0078531886392739e-05,0.051901303231716156,270.0188520053546,-0.002933976176691999,0.0023223604866869137
235.30000350624323,-0.0024824573192745447,1.1399148206692189e-05,9.8100004196167,-5.5695967603242025e-05,2.6260440790792927e-06,0.04961428791284561,270.02174800556264,-0.0029339748059697968,0.0023152458998175686
235.40000350773335,-0.007485666312277317,-0.014986767433583736,9.809981346130371,3.913149612344569e-06,-5.489063823915785e-06,0.04978049546480179,270.02120159042903,-0.0029339748059697968,0.002308132409524498
235.50000350922346,0.01003857608884573,0.025068476796150208,9.810019493103027,3.836991163552739e-05,-7.616758921358269e-06,0.051253482699394226,270.0267750247918,-0.0029339726128227994,0.0023010178226551535
235.60000351071358,-0.0024742931127548218,-0.017544379457831383,9.8100004196167,-7.7593038440682e-05,-4.70420673082117e-06,0.04820237308740616,270.0230594018833,-0.002933972064525392,0.002293903098713774
235.7000035122037,0.0025332828518003225,-0.00499044731259346,9.8100004196167,4.21497315983288e-05,1.5281128753485973e-06,0.0499342605471611,270.02062785453876,-0.0029339717903837936,0.002286788511844429
235.8000035136938,4.0844672184903175e-05,0.022573141381144524,9.8100004196167,3.706641655298881e-05,6.15550197835546e-06,0.051288217306137085,270.026583779495,-0.002933969323080987,0.002279673924975084
235.90000351518393,2.4558301447541453e-05,1.0450243280502036e-05,9.8100004196167,-3.905786797986366e-05,5.046937076258473e-06,0.049672484397888184,270.0286601570027,-0.002933967404075588,0.0022725593381057387
236.00000351667404,-0.0024802444968372583,-0.004988315049558878,9.8100004196167,2.0585280253726523e-06,1.0043207794296904e-06,0.04979395121335983,270.0282503456525,-0.002933965485070189,0.002265444751236394
236.10000351816416,0.002515546279028058,-0.020048605278134346,9.810019493103027,-4.033504956169054e-05,-3.7397708183561917e-06,0.048360325396060944,270.0224583452363,-0.002933965485070189,0.002258330164367049
236.20000351965427,2.8677473892457783e-05,0.005010450258851051,9.809961318969727,3.868732164846733e-05,-4.956162229063921e-06,0.04996194690465927,270.0204092884853,-0.0029339649367727816,0.0022512155774977037
236.3000035211444,-0.0024668818805366755,0.007511352188885212,9.810019493103027,-2.481970341250417e-06,-3.0550745577784255e-06,0.049836352467536926,270.0207098168088,-0.0029339638402063883,0.0022441009906283586
236.4000035226345,0.0025258848909288645,-0.012490449473261833,9.8100004196167,-7.89633645581489e-07,2.777247232188529e-07,0.049816444516181946,270.0207098168088,-0.0029339638402063883,0.0022369864037590135
236.50000352412462,3.0405517463805154e-05,1.0450243280502036e-05,9.8100004196167,3.357163791406492e-07,3.0506869279633975e-06,0.04981580376625061,270.0207098168088,-0.0029339638402063883,0.0022298718168896688
236.60000352561474,-0.002469593659043312,1.1354168236721307e-05,9.810019493103027,1.2157353239672375e-06,2.6299514956917847e-06,0.04981771111488342,270.0207098168088,-0.0029339638402063883,0.0022227572300203237
236.70000352710485,0.0025304043665528297,9.546318324282765e-06,9.809981346130371,9.451593427911575e-07,9.161975071947381e-07,0.04981745779514313,270.0207098168088,-0.0029339638402063883,0.0022156426431509785
236.80000352859497,3.0405517463805154e-05,1.0450243280502036e-05,9.8100004196167,9.220450181146589e-08,-1.9876360966009088e-06,0.049815163016319275,270.0207098168088,-0.0029339638402063883,0.0022085280562816334
236.9000035300851,-0.002469593659043312,1.1354147318343166e-05,9.8100004196167,5.239238589638262e-07,-2.934291842393577e-06,0.049813032150268555,270.0207098168088,-0.0029339638402063883,0.0022014134694122883
237.0000035315752,0.0025292350910604,9.550490176479798e-06,9.809981346130371,7.904894800958573e-07,-1.7961035609914688e-06,0.04981175810098648,270.02062785453876,-0.0029339638402063883,0.0021942988825429436
237.10000353306532,2.9236127375042997e-05,1.0450263289385475e-05,9.810019493103027,8.860732805260341e-07,5.14985686095315e-07,0.04981280863285065,270.02062785453876,-0.0029339638402063883,0.0021871842956735985
237.20000353455544,-0.002470762934535742,1.1349974556651432e-05,9.8100004196167,-8.317406354763079e-07,2.2711542442266364e-06,0.04981464892625809,270.02062785453876,-0.0029339638402063883,0.0021800697088042533
237.30000353604555,0.0025394847616553307,0.027566775679588318,9.8100004196167,3.920361996279098e-05,1.3426806617644615e-06,0.05126690864562988,270.0262286096582,-0.00293396164704518,0.002172955121934908
237.40000353753567,3.016322443727404e-05,0.007573149632662535,9.8100004196167,-1.3607364053314086e-06,9.784591838979395e-07,0.051115185022354126,270.0338784215286,-0.0029339580831759804,0.002165840535065563
237.50000353902578,-0.0024758221115916967,-0.0024827728047966957,9.8100004196167,-3.79015582439024e-05,-1.0999411870216136e-06,0.049637146294116974,270.0355449876861,-0.0029339553417457864,0.0021587259481962184
237.6000035405159,0.0025166496634483337,-0.020047014579176903,9.8100004196167,-3.5927656426792964e-05,-1.9707340470631607e-06,0.04833109676837921,270.0293704966764,-0.0029339542451651823,0.0021516113613268733
237.70000354200602,2.9254850232973695e-05,0.0025104491505771875,9.8100004196167,3.7383953895187005e-05,-1.1029594588762848e-06,0.04995844513177872,270.0272394776553,-0.0029339528744571908,0.002144496774457528
237.80000354349613,3.047168138436973e-05,0.005010450258851051,9.8100004196167,-1.952781531144865e-06,-2.6898888449977676e-08,0.049839094281196594,270.0275673267355,-0.002933951229579179,0.002137382187588183
237.90000354498625,-0.0024776633363217115,-0.015049115754663944,9.810019493103027,-3.7669586163247004e-05,6.591945975742419e-07,0.04836830496788025,270.0219119301027,-0.0029339506812817717,0.002130267600718838
238.00000354647636,0.002526029944419861,-0.0024956418201327324,9.809961318969727,3.971171099692583e-05,1.1107727004855406e-06,0.04996771365404129,270.0198901941084,-0.0029339504071401734,0.002123153013849493
238.10000354796648,2.6897243515122682e-05,1.0450265108374879e-05,9.810019493103027,-2.300667347299168e-06,3.9764361758898303e-07,0.049842044711112976,270.0201907224319,-0.002933950132998575,0.002116038426980148
238.2000035494566,-0.002473983447998762,-0.0024886690080165863,9.8100004196167,8.448220114587457e-07,-5.361691819416592e-07,0.04981953650712967,270.0201907224319,-0.002933950132998575,0.002108923840110803
238.3000035509467,0.002526897005736828,9.569585927238222e-06,9.8100004196167,1.0997293884429382e-06,-1.1955793297602213e-06,0.04981483519077301,270.0201907224319,-0.002933950132998575,0.002101809253241458
238.40000355243683,2.689719076442998e-05,1.0450244189996738e-05,9.8100004196167,-8.543177045794437e-07,-3.422041743306181e-07,0.04981377720832825,270.0201907224319,-0.002933950132998575,0.0020946946663721127
238.50000355392694,-0.002473102882504463,1.1330903362249956e-05,9.8100004196167,1.4170453823680873e-06,3.0650630833406467e-07,0.04981414973735809,270.0201907224319,-0.002933950132998575,0.002087580079502768
238.60000355541706,0.002526897005736828,9.569585927238222e-06,9.8100004196167,1.35498260078748e-06,9.078740390577877e-07,0.049814753234386444,270.0201907224319,-0.002933950132998575,0.002080465492633423
238.70000355690718,3.8162463170010597e-05,0.02506791241466999,9.8100004196167,4.0456277929479256e-05,6.449760121540749e-07,0.051265887916088104,270.02581879830797,-0.0029339479398515778,0.0020733509057640777
238.8000035583973,-0.002475529443472624,-0.00498833367601037,9.8100004196167,-3.880325675709173e-05,-4.89067758735473e-07,0.049663662910461426,270.02781321354564,-0.002933946020831968,0.0020662363188947326
238.9000035598874,0.0025268972385674715,9.254575161321554e-06,9.8100004196167,2.1843363811058225e-06,-4.703175591203035e-07,0.04978771507740021,270.02740340219543,-0.002933944375982378,0.0020591217320253875
239.00000356137753,2.6897194402408786e-05,1.045024509949144e-05,9.8100004196167,-1.0622909485391574e-07,-7.079005399646121e-07,0.0498090460896492,270.02740340219543,-0.002933942456976979,0.002052007145156043
239.10000356286764,-0.0024775820784270763,-0.015047123655676842,9.810019493103027,-3.854042734019458e-05,-5.325055099092424e-07,0.04836244881153107,270.0215840810226,-0.0029339419086795715,0.0020448925582866977
239.20000356435776,0.0025377001147717237,0.020092841237783432,9.809981346130371,9.281829989049584e-05,3.2544528494327096e-07,0.052016958594322205,270.0275946474922,-0.0029339399896741725,0.0020377779714173525
239.30000356584787,2.8239135644980706e-05,0.0025104491505771875,9.809981346130371,-5.8276775234844536e-05,3.0125232797217905e-07,0.04962673783302307,270.0307638552671,-0.002933937522371366,0.0020306633845480074
239.400003567338,-0.0024783897679299116,-0.009988227859139442,9.810019493103027,4.0982677091960795e-06,6.731144708282955e-08,0.049781642854213715,270.0302994024035,-0.0029339356033801778,0.0020235487976786627
239.5000035688281,0.002528213430196047,0.002509133890271187,9.8100004196167,-7.180890975178045e-07,1.529121931298505e-07,0.049808673560619354,270.0301627986201,-0.002933933958502166,0.0020164342108093176
239.60000357031822,1.9196271750843152e-05,-0.020072953775525093,9.8100004196167,-5.537885590456426e-05,-7.771917580612353e-07,0.04776117950677872,270.0220758546428,-0.002933933958502166,0.0020093196239399725
239.70000357180834,2.8570890208357014e-05,0.005010450258851051,9.8100004196167,5.6228676839964464e-05,-3.019680718807649e-07,0.050028204917907715,270.01917985443475,-0.002933933684346357,0.0020022050370706273
239.80000357329845,-0.0024748181458562613,-0.004988689441233873,9.8100004196167,-4.143340902373893e-06,-1.0920248882939632e-07,0.04985171556472778,270.019671628055,-0.002933933684346357,0.001995090450201282
239.90000357478857,0.0025368938222527504,0.022566815838217735,9.8100004196167,3.966389340348542e-05,3.94456833419099e-07,0.0512717142701149,270.02546362847113,-0.0029339314912135706,0.0019879758633319375
240.0000035762787,2.5699731850181706e-05,-0.0024895486421883106,9.8100004196167,-3.7519941542996094e-05,7.248649325219958e-08,0.04966404289007187,270.0274580437088,-0.002933929846335559,0.0019808612764625924
240.1000035777688,-0.002478688955307007,-0.015048115514218807,9.8100004196167,-3.5647291952045634e-05,-4.2574589542709873e-07,0.04833725094795227,270.02133819421243,-0.0029339292980523624,0.0019737466895932473
240.20000357925892,-0.4482289254665375,-0.00732774892821908,9.810240745544434,2.632544783409685e-05,0.001782190171070397,0.054212890565395355,270.0207098168088,-0.0029339295721939607,0.0019666726760460608
240.30000358074903,-2.603180408477783,0.005970700643956661,9.80980110168457,-9.475438127992675e-05,0.002688657958060503,0.0552317276597023,270.0212835526991,-0.0029339292980523624,0.001959831822029253
240.40000358223915,-3.940580368041992,-0.001011581625789404,9.807711601257324,-0.00017562498396728188,0.0021692044101655483,0.056463055312633514,270.02169336404927,-0.0029339292980523624,0.0019533447509330246
240.50000358372927,-4.4098124504089355,0.0017056611832231283,9.806489944458008,-0.000239257569774054,0.0014418981736525893,0.05820629745721817,270.0222124584262,-0.0029339292980523624,0.0019472528585117413
240.60000358521938,-4.548379898071289,-0.0007025152444839478,9.805825233459473,-0.00028546765679493546,0.0008117116522043943,0.060044027864933014,270.02270423204646,-0.0029339295721939607,0.0019415691666086626
240.7000035867095,-5.546476364135742,-0.0021720717195421457,9.804258346557617,-4.406537118484266e-05,0.013435517437756062,-0.003970637451857328,269.9779528326045,-0.002933929846335559,0.001936382360829994
240.80000358819962,-21.40781593322754,-0.011382359080016613,9.72394847869873,4.213447027723305e-06,0.01667386293411255,-0.00020080609829165041,269.9695107187904,-0.002933929846335559,0.0019331163454682516
240.90000358968973,-24.906770706176758,-0.010702681727707386,9.742260932922363,-1.998157131311018e-06,-0.00813681073486805,0.0002285793307237327,269.96967464333045,-0.002933929846335559,0.001932084604265925
241.00000359117985,-1.1053706407546997,-0.0005474945646710694,9.8053617477417,2.5169460059260018e-05,-0.017547518014907837,0.00035124263376928866,269.9718056623515,-0.002933929846335559,0.0019311500471359312
241.10000359266996,5.691107273101807,0.0028680330142378807,9.813485145568848,-1.5266403352143243e-05,-0.01130624022334814,0.0011268346570432186,269.97120460570454,-0.002933929846335559,0.0019297036630297865
241.20000359416008,6.1072611808776855,0.0029989436734467745,9.808670043945312,1.4694295714434702e-05,-0.006608972325921059,-0.0020331291016191244,269.9720515491616,-0.002933929846335559,0.0019277091278583963
241.3000035956502,6.039699077606201,0.002401589183136821,9.805685997009277,-5.964056981611066e-07,-0.004000646527856588,-0.0031942296773195267,269.977488379741,-0.002933929846335559,0.0019251724727912705
241.4000035971403,6.247544765472412,0.001774997333995998,9.80371379852295,1.8792244418364135e-06,-0.002083658007904887,0.00018736562924459577,269.98399071983084,-0.002933929846335559,0.0019220754672478445
241.50000359863043,5.948818683624268,0.00850014016032219,9.803375244140625,1.0415437827759888e-05,-0.000785495329182595,0.0012264243559911847,269.99076626748746,-0.0029339292980523624,0.0019184451144188795
241.60000360012054,5.611734390258789,-0.00697030033916235,9.803457260131836,-7.078941052895971e-06,-0.00021031685173511505,0.0005773035809397697,269.99475509796275,-0.0029339292980523624,0.00191431170722396
241.70000360161066,5.128787517547607,0.017305763438344002,9.833222389221191,2.0862469682469964e-05,0.0016164914704859257,0.0014989676419645548,270.0029513249668,-0.0029339276532027725,0.0019097188345699998
241.80000360310078,1.1765100955963135,0.002351067028939724,9.784542083740234,-2.6011859517893754e-05,0.005673103500157595,0.0007223983411677182,270.008825287653,-0.002933926008324761,0.0019050205535216477
241.9000036045909,-1.5077084302902222,-0.012266607955098152,9.802179336547852,-1.1962735698034521e-05,0.0038437610492110252,-0.0001811936090234667,270.0092350990032,-0.002933925185885755,0.001900457836715238
242.000003606081,-0.5039210319519043,-0.007421792484819889,9.806061744689941,7.802306754456367e-06,0.0012549730017781258,-2.4344040866708383e-05,270.0089618914364,-0.002933925185885755,0.0018959406278242226
242.10000360757113,-0.24468199908733368,4.3367112084524706e-05,9.807361602783203,3.2956115774140926e-06,0.0005325021338649094,9.408488494955236e-07,270.0089345706797,-0.002933925185885755,0.001891445624602767
242.20000360906124,-0.3301670551300049,5.6597255024826154e-05,9.801196098327637,1.7593563370610354e-06,0.0007486832328140736,8.633584229755797e-07,270.0089345706797,-0.002933925185885755,0.0018869802289407246
242.30000361055136,-0.9310166835784912,0.01778165064752102,9.830997467041016,2.138673335139174e-05,0.000860959233250469,0.0010701839346438646,270.0138249861254,-0.0029339235410361653,0.0018825980360035143
242.40000361204147,-1.0251866579055786,0.0002448658342473209,9.81234073638916,-2.864062480512075e-05,-6.80772791383788e-05,-0.00027212256100028753,270.0138249861254,-0.002933922170299752,0.0018783080925454014
242.5000036135316,-0.19839392602443695,-0.0024482766166329384,9.808526992797852,7.67984693084145e-06,-0.0008341794018633664,-6.972481514821993e-06,270.01349713704525,-0.0029339207995917604,0.0018740358313797157
242.6000036150217,0.6477391123771667,0.009849905036389828,9.808432579040527,2.2839458324597217e-05,-0.0014152751537039876,0.0010827204678207636,270.01836023173433,-0.0029339186064305522,0.001869705314599444
242.70000361651182,1.4853649139404297,-0.0054794903844594955,9.821758270263672,-3.525295323925093e-05,-0.001373939448967576,-0.00029067680588923395,270.01836023173433,-0.002933916687425153,0.0018652417008738478
242.80000361800194,1.0964810848236084,-0.00033442123094573617,9.816593170166016,5.406931904872181e-06,0.001596235204488039,7.711660146014765e-06,270.01778649584406,-0.0029339150425613525,0.0018606795323555755
242.90000361949205,-0.5131101012229919,-0.01741611771285534,9.7850341796875,-2.2653615815215744e-05,0.0007794847479090095,-0.0010837034787982702,270.013606420072,-0.0029339147684055433,0.001856163557112869
243.00000362098217,0.7573382258415222,0.007342851720750332,9.810697555541992,2.6309096938348375e-05,5.1939961849711835e-05,0.0004900647327303886,270.01349713704525,-0.00293391367183915,0.001851579731213174
243.1000036224723,0.4423981010913849,0.01240647491067648,9.812155723571777,-4.357777015684405e-06,-0.0008928032475523651,3.460252401055186e-06,270.01418015596226,-0.002933911752833751,0.0018469561544235261
243.2000036239624,1.2369296550750732,-0.002794083207845688,9.809386253356934,-4.536765061402548e-07,-0.0012340801768004894,4.372595140011981e-05,270.01437140125904,-0.0029339101079699503,0.0018422218234301479
243.30000362545252,1.5086839199066162,-0.002865545218810439,9.81048583984375,-9.925952326739207e-07,-0.0003591654822230339,-3.410703720874153e-05,270.01431675974567,-0.0029339084630919388,0.001837351928194827
243.40000362694263,0.7118423581123352,0.0023332173004746437,9.810824394226074,4.996704205950664e-07,0.000740355986636132,3.581777718864032e-06,270.01431675974567,-0.0029339065441007506,0.0018324184315355817
243.50000362843275,-0.3744162917137146,0.00010419409954920411,9.81061840057373,1.1522189424795215e-07,0.0009165257797576487,4.608783399362437e-07,270.01431675974567,-0.002933904899222739,0.0018275185175247448
243.60000362992287,-0.826662540435791,0.0002169977524317801,9.809995651245117,-5.318521516528563e-07,0.00024475951795466244,7.856625643398729e-07,270.01431675974567,-0.00293390298021734,0.0018226928965565095
243.70000363141298,-0.42794397473335266,0.00011731722042895854,9.8097562789917,6.313937319646357e-07,-0.0009247577399946749,1.436316807712501e-07,270.01431675974567,-0.0029339013353535393,0.0018179056557578836
243.8000036329031,0.7094075679779053,-0.002666723681613803,9.809581756591797,-5.092918513582845e-07,-0.0018555191345512867,-3.4057889024552424e-06,270.01431675974567,-0.0029338996905039494,0.0018130548135353332
243.90000363439322,1.6431832313537598,0.002100753365084529,9.809608459472656,-1.768708898453042e-06,-0.0012076462153345346,-4.520299171417719e-06,270.01431675974567,-0.0029338977714701286,0.0018080564818038546
244.00000363588333,1.1732089519500732,-0.01773451454937458,9.8102445602417,-3.195965837221593e-05,0.0004624542489182204,-0.0011697571026161313,270.00969955186673,-0.0029338977714701286,0.0018029530158220526
244.10000363737345,-0.4495930075645447,8.106861787382513e-05,9.810625076293945,3.4755525120999664e-05,0.0015446870820596814,0.00016159567167051136,270.00833351403276,-0.0029338974973285303,0.0017978897119463064
244.20000363886356,-1.5787804126739502,-0.0022447456140071154,9.809813499450684,-2.894106728490442e-06,0.0010422313353046775,2.5539864509482868e-05,270.00871600462625,-0.0029338974973285303,0.0017929682776260812
244.30000364035368,-1.7873512506484985,0.0002834573097061366,9.809367179870605,-3.298991657629813e-07,0.0001849117106758058,6.281950390985003e-06,270.0087706461396,-0.0029338974973285303,0.0017882072175860104
244.4000036418438,-1.267309308052063,0.00020467954163905233,9.809271812438965,8.488686944474466e-07,-0.0010996368946507573,1.9250851437391248e-06,270.0087979668963,-0.0029338974973285303,0.0017835599273344253
244.5000036433339,-0.03359723091125488,1.543989492347464e-05,9.809576988220215,-1.87314853405951e-07,-0.0019065756350755692,-2.1904515961068682e-06,270.0087979668963,-0.0029338974973285303,0.0017789152414514923
244.60000364482403,0.9992130994796753,-0.0001428995601600036,9.809845924377441,-1.196997345687123e-07,-0.0019530472345650196,-2.6997795430361293e-06,270.0087979668963,-0.0029338974973285303,0.0017741810475301483
244.70000364631414,1.5354784727096558,-0.00022413014085032046,9.809807777404785,-4.207476536066679e-07,-0.0013084167148917913,-4.282562258595135e-06,270.0087706461396,-0.0029338974973285303,0.0017693090962143127
244.80000364780426,1.3471441268920898,-0.0026349255349487066,9.810028076171875,-3.088179073529318e-05,-0.0002911748306360096,-0.0011606140760704875,270.00420807977406,-0.0029338977714701286,0.001764316247364207
244.90000364929438,0.6417051553726196,0.002482488052919507,9.810220718383789,3.1688177841715515e-05,0.0003557804157026112,0.00018631060083862394,270.00297864572343,-0.0029338977714701286,0.0017592658282596866
245.0000036507845,0.07476504892110825,1.1341161552991252e-05,9.81006145477295,-4.600379725161474e-06,0.00024937596754170954,2.364576175750699e-05,270.00338845707364,-0.0029338977714701286,0.0017542089667695535
245.1000036522746,0.05071217566728592,7.434111466864124e-06,9.809869766235352,-9.367236657453759e-07,-0.00035552860936149955,2.0794411739188945e-06,270.00347041934367,-0.0029338977714701286,0.0017491475819022876
245.20000365376472,0.5598117709159851,-2.325383320567198e-05,9.809686660766602,-4.869281724495522e-07,-0.0009663182427175343,-2.535364956202102e-06,270.00347041934367,-0.0029338977714701286,0.0017440358915984263
245.30000365525484,1.102940559387207,-5.558349585044198e-05,9.809722900390625,-5.976951342745451e-07,-0.000889718474354595,-3.062816404053592e-06,270.003443098587,-0.0029338977714701286,0.0017388253723578202
245.40000365674496,1.0818955898284912,-5.3794086852576584e-05,9.809938430786133,-5.389687771639728e-07,-0.00018256096518598497,-2.371429218328558e-06,270.00341577783036,-0.0029338977714701286,0.0017335178061169158
245.50000365823507,0.45513466000556946,-1.6541060176678002e-05,9.810199737548828,1.9225792868837743e-07,0.00044254661770537496,-1.2169367664682795e-06,270.00341577783036,-0.0029338977714701286,0.0017281693924097838
245.6000036597252,-0.1781793087720871,2.1083400497445837e-05,9.810128211975098,1.9419155705691082e-07,0.0004248546320013702,3.164127235777414e-07,270.00341577783036,-0.0029338977714701286,0.0017228371532027017
245.7000036612153,-0.34744617342948914,3.112132253590971e-05,9.809894561767578,2.199519428813801e-07,-0.00011459477536845952,-1.461486220932784e-07,270.00341577783036,-0.0029338977714701286,0.0017175360293474101
245.80000366270542,0.030190614983439445,8.665420864417683e-06,9.809755325317383,2.0288471205276437e-06,-0.000810581143014133,-1.4987374470365467e-06,270.00341577783036,-0.0029338977714701286,0.0017122321640514323
245.90000366419554,0.6570779085159302,-2.858733932953328e-05,9.809749603271484,1.0671237760107033e-06,-0.0010667078895494342,-2.33203263633186e-06,270.00341577783036,-0.0029338977714701286,0.0017068694948527312
246.00000366568565,0.8975033760070801,-4.222254574415274e-05,9.809983253479004,-3.5690675304067554e-07,-0.00037525364314205945,-1.8927578366856324e-06,270.00338845707364,-0.0029338977714701286,0.0017014263643698841
246.10000366717577,0.2257343828678131,-2.7727119231713004e-06,9.810315132141113,7.277783424797235e-07,0.0006648862618021667,6.14575839108511e-08,270.00338845707364,-0.0029338977714701286,0.0016959629472259577
246.2000036686659,-0.8855517506599426,0.015180069021880627,9.810233116149902,3.364542135386728e-05,0.0010354712139815092,0.0011852746829390526,270.0079510234392,-0.0029338961266205388,0.001690579031861937
246.300003670156,-1.5417612791061401,-0.002235839143395424,9.809714317321777,-3.532921618898399e-05,0.0005163773894309998,-0.00015636692114640027,270.00945366505664,-0.002933895304195744,0.0016853332851085108
246.40000367164612,-1.3996803760528564,-0.009767312556505203,9.809367179870605,4.49296749138739e-06,-0.00048680530744604766,-2.0212630261084996e-05,270.00912581597646,-0.0029338950300399347,0.001680213233410556
246.50000367313623,-0.5214738249778748,-0.0024071671068668365,9.809541702270508,-1.1692367252180702e-07,-0.0016281752614304423,-3.1548224797006696e-06,270.0090711744631,-0.0029338950300399347,0.0016751399232763043
246.60000367462635,0.9216321706771851,-0.0001352834515273571,9.809524536132812,-1.8906807781604584e-06,-0.0028748526237905025,-4.330633601057343e-06,270.0090711744631,-0.0029338950300399347,0.0016699838216333233
246.70000367611647,2.8845067024230957,-0.0004425904480740428,9.8086519241333,-1.1100457868451485e-06,-0.00341265881434083,-8.057904778979719e-06,270.0090165329498,-0.0029338947558983364,0.0016645689279895463
246.80000367760658,4.321094512939453,0.019335051998496056,9.807328224182129,-5.260727675704402e-07,-0.002952108159661293,-3.297589273643098e-06,270.0089618914364,-0.0029338931110345357,0.0016587663946327122
246.9000036790967,5.040794849395752,-0.0007706507458351552,9.805994033813477,-1.939883986779023e-07,-0.002188932616263628,-5.063847129349597e-05,270.008907249923,-0.002933891466170735,0.0016525116606346565
247.00000368058681,5.354794025421143,-0.0008146950858645141,9.804871559143066,6.489296993095195e-07,-0.0014993412187322974,9.418280387762934e-05,270.00885260840965,-0.002933889547165336,0.001645776900372412
247.10000368207693,5.166485786437988,-0.0007812537951394916,9.805044174194336,-1.235370518770651e-06,0.00018123396148439497,-6.821005081292242e-05,270.0087979668963,-0.002933887902301535,0.0016385789737062006
247.20000368356705,3.4297728538513184,-0.0005103697767481208,9.807844161987305,-8.086990419542417e-07,0.00288049946539104,-4.4151447582407854e-06,270.00874332538297,-0.002933885983296136,0.0016310735944670093
247.30000368505716,0.09803948551416397,-0.0025038199964910746,9.810895919799805,-1.3554870292864507e-07,0.004770083352923393,1.964486500583007e-06,270.00874332538297,-0.0029338843384181246,0.0016235598538337243
247.40000368654728,-2.923105478286743,0.0029591755010187626,9.81004524230957,1.0711579534472548e-06,0.004171841777861118,7.67401979828719e-06,270.0087979668963,-0.0029338826935685347,0.0016163086061461622
247.5000036880374,-3.7423486709594727,0.0005862843245267868,9.807905197143555,1.4453885910370445e-07,0.0009853000519797206,6.913058768986957e-06,270.008825287653,-0.002933880774548925,0.0016093933220147185
247.6000036895275,-2.4493353366851807,0.00038789756945334375,9.808098793029785,1.0552323601586977e-06,0.0005786190158687532,5.9217613852524664e-06,270.00885260840965,-0.0029338791296709132,0.0016026976272822554
247.70000369101763,-3.3558197021484375,0.0005304034566506743,9.808274269104004,-3.138019906145928e-07,0.0010937368497252464,8.299608452944085e-06,270.008907249923,-0.002933877210679725,0.001596302942737159
247.80000369250774,-3.9393234252929688,-0.0018749679438769817,9.807076454162598,1.2159306095327338e-07,-0.0001844135986175388,7.561261554656085e-06,270.0089618914364,-0.002933875565830135,0.0015902613557524708
247.90000369399786,-3.1203413009643555,0.002998930402100086,9.8074951171875,1.9493813852022868e-07,-0.0012571023544296622,5.636632522509899e-06,270.00898921219306,-0.0029338739209521236,0.00158449953278983
248.00000369548798,-1.6623432636260986,-0.004728731699287891,9.808595657348633,2.4950509214249905e-08,-0.0030883699655532837,1.100148097066267e-06,270.0090165329498,-0.002933872276088323,0.0015788865700564604
248.1000036969781,0.8722983002662659,0.0048730638809502125,9.809534072875977,1.868655772341299e-07,-0.004247107543051243,-4.0878057916415855e-06,270.0090165329498,-0.0029338706312103113,0.0015731953391914942
248.2000036984682,2.8657612800598145,-0.00043778971303254366,9.809393882751465,-3.7632278804267116e-07,-0.0032328846864402294,-5.950083050265675e-06,270.0089618914364,-0.0029338689863465106,0.0015672465499740407
248.30000369995832,2.8410212993621826,-0.0004323276807554066,9.809674263000488,-1.3282080999488244e-06,-0.0002732484426815063,-4.83887197333388e-06,270.0089618914364,-0.0029338670673411116,0.0015610430809168206
248.40000370144844,0.36552542448043823,-4.6396606194321066e-05,9.811155319213867,-3.989373453805456e-07,0.0025291917845606804,7.102081553966855e-07,270.0089618914364,-0.0029338654224915217,0.001554806851643398
248.50000370293856,-2.0272793769836426,0.00032760266913101077,9.810158729553223,2.6941904707200592e-08,0.002229605568572879,4.3264185478619765e-06,270.0089618914364,-0.002933863503471912,0.0015487526540315527
248.60000370442867,-2.501544713973999,-0.002097547519952059,9.808897018432617,-1.260428007299197e-06,0.0005589731736108661,4.487490059545962e-06,270.00898921219306,-0.002933861858622322,0.0015429229804119233
248.7000037059188,-1.64162278175354,0.0027683160733431578,9.808923721313477,1.68870201378013e-06,-0.0011683852644637227,1.7005190784402657e-06,270.0090165329498,-0.0029338602137443104,0.0015372403850851192
248.8000037074089,0.24408043920993805,-2.8073602152289823e-05,9.809281349182129,7.822814040991943e-07,-0.0031693303026258945,-3.4121437693102052e-06,270.0090165329498,-0.0029338582947389114,0.0015315359953048582
248.90000370889902,2.587254524230957,-0.0003941597242373973,9.808927536010742,1.2468931345210876e-06,-0.0036979883443564177,-8.982868166640401e-06,270.0089618914364,-0.0029338566498608998,0.0015255991313543906
249.00000371038914,3.9625840187072754,-0.0006080432212911546,9.808084487915039,-1.7344356137982686e-06,-0.002589042065665126,-5.628803592117038e-06,270.0089618914364,-0.0029338547308697116,0.0015193069766909655
249.10000371187925,3.7398476600646973,-0.0030690680723637342,9.808331489562988,-4.805341973224131e-07,0.00017398704949300736,-7.010571607679594e-06,270.008907249923,-0.002933853086005911,0.0015126792696875252
249.20000371336937,1.2315670251846313,0.0023199301213026047,9.810633659362793,6.640998435614165e-07,0.0027543234173208475,-9.634904927224852e-07,270.008907249923,-0.00293385144114211,0.0015059413567684915
249.30000371485949,-1.0913794040679932,-0.022475937381386757,9.810477256774902,-4.0883987821871415e-05,0.002511127619072795,-0.0013768022181466222,270.0036343438838,-0.00293385144114211,0.0014993014503539965
249.4000037163496,-1.8773622512817383,0.0025672600604593754,9.80948543548584,3.932551044272259e-05,0.001211832044646144,0.00015603943029418588,270.00174921167286,-0.00293385144114211,0.0014928302796137496
249.50000371783972,-1.3103169202804565,-0.0076131452806293964,9.80916690826416,-4.2411462345626205e-05,-0.0009092867258004844,-0.0013243220746517181,269.99696807925386,-0.002933852263566905,0.001486476716678949
249.60000371932983,0.626400351524353,0.002561064437031746,9.80918025970459,4.00206190533936e-05,-0.002871923614293337,0.0001934560714289546,269.9953834753664,-0.0029338528118501017,0.0014800666800660089
249.70000372081995,2.6865808963775635,0.005207523237913847,9.808873176574707,-3.7845311453565955e-06,-0.0028982649091631174,2.105663952534087e-05,269.9957932867166,-0.0029338528118501017,0.001473415670816734
249.80000372231007,3.2131974697113037,0.0002449294552206993,9.808916091918945,-3.981551799370209e-08,-0.0007020134944468737,-1.3871364217266091e-06,269.99582060747326,-0.0029338528118501017,0.0014664763990792844
249.90000372380018,1.4183852672576904,0.00011418969370424747,9.810526847839355,-6.78238620821503e-09,0.0019022997003048658,-6.217144914444361e-07,269.9957932867166,-0.0029338528118501017,0.0014594100615660198
250.0000037252903,-0.9780340194702148,-6.060478335712105e-05,9.810667991638184,-1.7672464025508816e-07,0.002550136996433139,2.9164784791646525e-06,269.99584792823,-0.0029338528118501017,0.0014524315872267545
250.10000372678041,-2.1629011631011963,-0.00014593839296139777,9.809518814086914,-2.4982966806419427e-09,0.0016306678298860788,4.6822910917398985e-06,269.99584792823,-0.0029338528118501017,0.0014456473439601208
250.20000372827053,-2.2854888439178467,-0.0001533522445242852,9.808913230895996,-8.461951495064568e-08,0.0003465020563453436,4.383841314847814e-06,269.99590256974335,-0.0029338528118501017,0.0014390680233847953
250.30000372976065,-1.547899842262268,-0.00010042620124295354,9.80899715423584,6.649814849879476e-07,-0.0011454640189185739,1.8615130557009252e-06,269.99590256974335,-0.0029338528118501017,0.001432627556780236
250.40000373125076,-0.15775999426841736,-6.888567440910265e-07,9.80954647064209,3.9076104485502583e-07,-0.002136065624654293,-1.3199811519370996e-06,269.9959298905,-0.0029338528118501017,0.0014262010715231773
250.50000373274088,0.9813882112503052,0.0075447652488946915,9.8098783493042,4.094582618563436e-05,-0.0016639705281704664,0.00139904604293406,270.0013667210793,-0.0029338519894395176,0.0014196865860200852
250.600003734231,0.9596503376960754,-0.0025415520649403334,9.81021499633789,-3.935145286959596e-05,-0.0005968871992081404,-0.0001795929274521768,270.00311524950683,-0.00293385144114211,0.0014130857451353715
250.7000037357211,0.4709283411502838,-0.005011457018554211,9.8102388381958,3.2277691843773937e-06,-0.00022396445274353027,-3.021202064701356e-05,270.00267811739997,-0.00293385144114211,0.001406442960208156
250.80000373721123,0.47863444685935974,0.0024888196494430304,9.809896469116211,-1.3956002931081457e-07,-0.001102915732190013,-7.04273907103925e-06,270.00259615512994,-0.00293385144114211,0.0013997571346621638
250.90000373870134,1.9015758037567139,-0.0025748834013938904,9.808876991271973,-1.1895634770553443e-06,-0.0025793800596147776,-6.8534300226019695e-06,270.0025688343733,-0.00293385144114211,0.0013929006544334433
251.00000374019146,3.3635244369506836,-0.00013769745419267565,9.808267593383789,1.1394165539968526e-06,-0.001573387999087572,-7.352346528932685e-06,270.00254151361656,-0.00293385144114211,0.0013857424786571846
251.10000374168158,2.6385741233825684,-0.014891710132360458,9.809436798095703,-4.697939220932312e-05,0.0010276393732056022,-0.001544929458759725,269.9965036263903,-0.0029338528118501017,0.0013783478536217237
251.2000037431717,0.08983626216650009,0.005014081485569477,9.810897827148438,4.34921748819761e-05,0.002893297467380762,0.00014303586794994771,269.99420868282914,-0.0029338536342891075,0.0013709452784082725
251.3000037446618,-1.8642667531967163,0.020073918625712395,9.810038566589355,4.3196163460379466e-05,0.0022778010461479425,0.001491159782744944,270.0001919285421,-0.0029338528118501017,0.0013637100681487258
251.40000374615192,-2.36371111869812,-0.004890469368547201,9.809066772460938,-4.0829108911566436e-05,0.0008994530071504414,-0.00013915589079260826,270.00240490983316,-0.002933852263566905,0.0013566871824703408
251.50000374764204,-1.6776798963546753,-0.004929845687001944,9.808907508850098,3.0655692171421833e-06,-0.0010333146201446652,-2.231588223366998e-05,270.0020497399963,-0.002933852263566905,0.0013498145277415707
251.60000374913216,0.1127520352602005,6.517110705317464e-06,9.809328079223633,2.89367221739667e-07,-0.0027717258781194687,-6.36385311736376e-06,270.00199509848295,-0.002933852263566905,0.0013429317296822607
251.70000375062227,2.0127596855163574,-5.812172457808629e-05,9.809349060058594,-1.0993546766258078e-06,-0.002590518444776535,-6.297033905866556e-06,270.0019677777263,-0.002933852263566905,0.0013358682706817169
251.8000037521124,2.3053395748138428,-6.722764373989776e-05,9.809792518615723,-2.4652533170410607e-07,-0.0005583679303526878,-4.413150236359797e-06,270.00194045696963,-0.002933852263566905,0.0013285979699813844
251.9000037536025,0.7694718241691589,-1.5441612049471587e-05,9.810656547546387,-3.7921466855550534e-07,0.0014948806492611766,-5.213742042542435e-07,270.00194045696963,-0.002933852263566905,0.0013212588591198233
252.00000375509262,-1.115135908126831,4.806660581380129e-05,9.810434341430664,4.936432560498361e-07,0.001904231496155262,2.850998043868458e-06,270.00194045696963,-0.002933852263566905,0.0013140198108433157
252.10000375658274,-1.9706447124481201,0.015323268249630928,9.809493064880371,4.330867523094639e-05,0.0008964264998212457,0.0014444721164181828,270.0074319290623,-0.0029338508928447027,0.0013069574484190466
252.20000375807285,-1.5247719287872314,0.002762728137895465,9.8091402053833,-4.108254870516248e-05,-0.0007253739167936146,-0.00015469775826204568,270.00950830657,-0.0029338495221225003,0.0013000320209570631
252.30000375956297,-0.09478934854269028,0.0025253582280129194,9.809414863586426,1.9045135104533983e-06,-0.0022084377706050873,-2.7826121367979795e-05,270.00912581597646,-0.002933847603131312,0.001293114954889173
252.40000376105309,1.4772260189056396,-0.00022290328342933208,9.809560775756836,-1.7440379451727495e-06,-0.002232722705230117,-8.81654614204308e-06,270.0090711744631,-0.002933845684111702,0.00128606547723613
252.5000037625432,1.8671958446502686,-0.00028213002951815724,9.809856414794922,-9.43836823807942e-07,-0.0007141534006223083,-4.632161562767578e-06,270.00898921219306,-0.0029338440392479015,0.0012788482234130795
252.60000376403332,0.7791985869407654,-0.02509373426437378,9.81050968170166,-4.658024408854544e-05,0.000970718392636627,-0.0015007017645984888,270.0032245325336,-0.0029338443133895,0.0012715611999245598
252.70000376552343,-0.7311469912528992,0.005018911324441433,9.810418128967285,4.1191971831722185e-05,0.0014595495304092765,0.00015235932369250804,270.00109351351256,-0.0029338443133895,0.0012643398339404796
252.80000376701355,-1.5013370513916016,4.8894933570409194e-05,9.809717178344727,-3.254779812777997e-06,0.0007333597168326378,2.8950087653356604e-05,270.00147600410605,-0.0029338443133895,0.0012572532097661357
252.90000376850367,-1.221729040145874,4.3317988456692547e-05,9.809404373168945,7.362882570305374e-07,-0.0005400803056545556,6.010737251926912e-06,270.0015579663761,-0.0029338443133895,0.001250276243219248
253.00000376999378,-0.1471068114042282,1.4389925127034076e-05,9.809548377990723,-1.594326306531002e-07,-0.001679988345131278,-2.99027277606001e-07,270.0015579663761,-0.0029338443133895,0.001243312435587655
253.1000037714839,1.0306227207183838,-1.7299631508649327e-05,9.809680938720703,2.127336756529985e-06,-0.0017421810189262033,-3.2267830647469964e-06,270.0015579663761,-0.0029338443133895,0.0012362559672608616
253.20000377297401,1.356557846069336,-2.5570621801307425e-05,9.810009956359863,3.6125572933087824e-07,-0.0006727415602654219,-2.826481704687467e-06,270.0015306456194,-0.0029338443133895,0.0012290779160396264
253.30000377446413,0.28321805596351624,2.941013008239679e-06,9.810614585876465,4.446744981123629e-07,0.0018113035475835204,1.0173283726544469e-06,270.0015306456194,-0.0029338443133895,0.001221874506492042
253.40000377595425,-2.365917682647705,7.41329713491723e-05,9.810229301452637,2.616095002849761e-07,0.0026966934092342854,6.627536549785873e-06,270.0015579663761,-0.0029338443133895,0.001214883284453585
253.50000377744436,-3.8711960315704346,0.0001178361417260021,9.808000564575195,2.3595092102368653e-07,0.001995458733290434,9.4068027465255e-06,270.0015852871328,-0.0029338443133895,0.001208239540022129
253.60000377893448,-4.415708065032959,0.0001386842195643112,9.806596755981445,2.949610689029214e-07,0.0011004357365891337,1.0068933079310227e-05,270.00166724940283,-0.0029338443133895,0.0012019916596257894
253.7000037804246,-4.510605812072754,0.015541588887572289,9.805973052978516,3.709918019012548e-05,0.00020587811013683677,0.0011939557734876871,270.006175174255,-0.0029338432168088957,0.0011961484158747623
253.8000037819147,-4.099450588226318,0.005924610886722803,9.806145668029785,-1.0757116797321942e-06,-0.001168114016763866,0.0010208672611042857,270.01215841996793,-0.0029338412978177075,0.0011906725251757129
253.90000378340483,-2.942188262939453,0.0006906372145749629,9.8074951171875,-3.075126733165234e-05,-0.001963689224794507,-0.00016694696387276053,270.01338785401856,-0.002933839652939696,0.0011854604981427293
254.00000378489494,-1.4412399530410767,-0.002163900528103113,9.808838844299316,3.5038228816119954e-06,-0.0034040752798318863,-2.1868550902581774e-05,270.013005363425,-0.002933838008090106,0.0011803774558940409
254.10000378638506,0.9910631775856018,-0.0002137575065717101,9.809627532958984,-1.8221355730929645e-06,-0.004336722195148468,-7.152753823902458e-06,270.0129507219117,-0.0029338363632120945,0.001175205042678976
254.20000378787518,2.766782760620117,0.0018884683959186077,9.809615135192871,4.331395757617429e-07,-0.0024289682041853666,-5.088800207886379e-06,270.0128960803983,-0.0029338344441924846,0.0011697843920097574
254.3000037893653,2.077876329421997,-0.00045557445264421403,9.810153007507324,1.2700752449745778e-06,-0.0012714775511994958,-5.053951554145897e-06,270.01286875964166,-0.002933832799328684,0.0011641773233738637
254.4000037908554,2.608184576034546,-0.0005733970901928842,9.808686256408691,-8.92522052708955e-07,-0.0023327218368649483,-5.600729309662711e-06,270.01284143888495,-0.002933830880323285,0.00115833640984742
254.50000379234552,4.082803726196289,-0.0009006657637655735,9.80702018737793,4.5253477765072603e-07,-0.002428848762065172,-1.4913926861481741e-05,270.0128141181283,-0.002933829235473695,0.0011521292398452734
254.60000379383564,4.9021806716918945,-0.0035781417973339558,9.805907249450684,-4.9453831252321834e-08,-0.0019566703122109175,1.1508827810757793e-06,270.0127594766149,-0.0029338275905956834,0.0011454824798290625
254.70000379532576,4.866591930389404,0.001433973666280508,9.805912017822266,-5.872854558219842e-07,0.0004403218044899404,-1.3655897419084795e-05,270.01270483510154,-0.0029338256715902844,0.001138399419527611
254.80000379681587,2.2552907466888428,-0.00048601915477775037,9.809739112854004,4.929488000016136e-07,0.003959849942475557,-2.0012998902529944e-06,270.0126501935882,-0.0029338240267406945,0.001131114383583589
254.900003798306,-1.5982491970062256,0.00036464608274400234,9.811105728149414,-4.63587639387697e-07,0.004516808316111565,5.08350149175385e-06,270.0126775143449,-0.0029338221077210846,0.0011239729305955173
255.0000037997961,-3.5362203121185303,0.0007939848001115024,9.808856010437012,7.277803319993836e-07,0.003289521671831608,8.743189027882181e-06,270.01270483510154,-0.002933820462843073,0.0011171490049749478
255.10000380128622,-4.294221878051758,0.0009665010729804635,9.807174682617188,9.366921176479082e-07,0.001972334226593375,9.960166607925203e-06,270.0127867973716,-0.002933818817993483,0.0011107103203068347
255.20000380277634,-4.572378158569336,-0.01687370054423809,9.806163787841797,-3.774155266000889e-05,0.0009054348338395357,-0.0012006312608718872,270.00833351403276,-0.0029338182697102866,0.0011046816866293898
255.30000380426645,-4.588442325592041,-0.001969236647710204,9.805732727050781,3.886599006364122e-05,0.0001330458326265216,0.00012145199434598908,270.0065030233352,-0.0029338182697102866,0.0010990646117349906
255.40000380575657,-10.85978889465332,0.0013131314190104604,9.776835441589355,-2.6345114747527987e-06,0.01722848042845726,3.835728784906678e-05,270.0068855139287,-0.0029338182697102866,0.0010944212280363838
255.50000380724669,-24.498348236083984,0.0030029567424207926,9.733110427856445,-3.676449864542519e-07,-0.0030547045171260834,4.125703526369762e-06,270.0070221177121,-0.0029338182697102866,0.0010919760000161493
255.6000038087368,-2.6720423698425293,0.0003350329934619367,9.815606117248535,-1.813091330404859e-07,-0.015302791260182858,-3.807660050370032e-06,270.0070221177121,-0.0029338182697102866,0.0010897690717275802
255.70000381022692,5.339510440826416,-0.0006407361361198127,9.814716339111328,4.5571528062282596e-07,-0.0110393725335598,-5.641802090394776e-06,270.00699479695544,-0.0029338182697102866,0.001087081911566771
255.80000381171703,6.041459083557129,-0.0007202247506938875,9.80832290649414,-1.3304659205459757e-06,-0.00633274344727397,-5.5453533605032135e-06,270.00694015544207,-0.0029338182697102866,0.0010838523573661577
255.90000381320715,5.813361644744873,-0.0006872506928630173,9.805572509765625,-8.106470090751827e-07,-0.003255273215472698,-5.991684702166822e-06,270.0068855139287,-0.0029338182697102866,0.0010801011755389395
256.00000381469727,5.282699108123779,-0.0006232641753740609,9.805232048034668,-4.877292099081387e-07,-0.0007894212030805647,-5.182793302083155e-06,270.0068855139287,-0.0029338182697102866,0.0010758763412971285
256.1000038161874,3.3037257194519043,-0.0003856080584228039,9.837072372436523,-5.756135124102002e-07,0.004256087820976973,2.690585745313001e-07,270.0068855139287,-0.0029338182697102866,0.0010713553629251693
256.2000038176775,-12.429810523986816,0.001502655679360032,9.745983123779297,6.027316885592882e-07,0.023967599496245384,9.341045370092615e-06,270.0068855139287,-0.0029338182697102866,0.0010679500138405405
256.3000038191676,-24.89427947998047,0.0026791212148964405,9.761445045471191,-1.1763071597670205e-05,-0.0021663042716681957,-0.00022016948787495494,270.006175174255,-0.0029338182697102866,0.0010667783906271903
256.40000382065773,-1.4212815761566162,9.857117402134463e-05,9.80498218536377,-3.2555526559008285e-05,-0.01373068057000637,0.0012292107567191124,270.0040168344773,-0.0029338182697102866,0.0010657332163655003
256.50000382214785,5.964372158050537,-0.009507489390671253,9.81258487701416,2.4365039280382916e-05,-0.010245644487440586,0.005666885990649462,270.01942574124485,-0.0029338190921350815,0.001064151953377585
256.60000382363796,6.020201206207275,0.012149663642048836,9.808781623840332,1.5169127436820418e-05,-0.0054320115596055984,0.011693131178617477,270.0274580437088,-0.0029338182697102866,0.0010620302153583458
256.7000038251281,5.955582141876221,0.012362409383058548,9.805685997009277,1.3788165233563632e-05,-0.00338476849719882,0.005176433362066746,270.02568219452456,-0.0029338163507048876,0.0010593743076213614
256.8000038266182,6.192962646484375,-0.007604409009218216,9.803730010986328,-3.59667387783702e-06,-0.0017098073149099946,0.0003161825588904321,270.0242888359339,-0.002933814705826876,0.0010561629154652954
256.9000038281083,5.401982307434082,0.0002411976456642151,9.80475902557373,-1.3374342415772844e-06,0.0014422095846384764,8.265050382760819e-06,270.0241795529072,-0.002933813060977286,0.001052467316347994
257.0000038295984,1.6282222270965576,-0.015601018443703651,9.810270309448242,-1.0292235856468324e-05,0.005359879694879055,0.0005728742689825594,270.0201907224319,-0.0029338125126798786,0.0010486259411221933
257.10000383108854,-1.708843469619751,-0.004491880536079407,9.81070327758789,1.8890139472205192e-05,0.0037634612526744604,0.006378013174980879,270.0175952505473,-0.0029338125126798786,0.0010449383607188997
257.20000383257866,-1.3873131275177002,0.01296013593673706,9.809107780456543,1.7202193703269586e-05,0.0009861272992566228,0.0074445027858018875,270.01792309962747,-0.0029338114160992745,0.0010413753787948028
257.3000038340688,-0.2276657074689865,-0.01748804561793804,9.809293746948242,-3.078726149396971e-05,0.0002841881359927356,0.006150608416646719,270.01243162753474,-0.002933811964396682,0.001037832957675854
257.4000038355589,-0.30037400126457214,0.010097404010593891,9.809940338134766,2.746130667219404e-05,9.22016697586514e-05,0.007879887707531452,270.0126228728315,-0.0029338114160992745,0.001034317334139615
257.500003837049,0.09006611257791519,-0.002498476067557931,9.809736251831055,-1.2890163816337008e-05,-0.0012659934582188725,0.005570145323872566,270.0123496652647,-0.0029338111419576762,0.001030793691889368
257.6000038385391,2.265043020248413,-0.002912087133154273,9.808690071105957,-3.5932775972469244e-06,-0.0031972480937838554,0.00013465034135151654,270.01084702364733,-0.0029338111419576762,0.0010270668403482416
257.70000384002924,3.9500138759613037,-0.000733065593522042,9.807943344116211,-1.184555230793194e-06,-0.0014186798362061381,-3.4281108582945308e-06,270.0108197028906,-0.0029338111419576762,0.0010229855205263637
257.80000384151936,1.9678970575332642,-0.00273944903165102,9.810429573059082,-1.9162964235874824e-05,0.002945292042568326,-0.0010433064308017492,270.0059566082016,-0.0029338114160992745,0.0010187279260683503
257.9000038430095,-1.7932573556900024,0.002708005253225565,9.811144828796387,2.8233342163730413e-05,0.003785296343266964,0.00025933689903467894,270.00598392895824,-0.0029338114160992745,0.001014631391250663
258.0000038444996,-2.2477076053619385,0.0002617579302750528,9.808992385864258,-6.687535460514482e-06,0.00016781121667008847,-4.650669609418401e-07,270.00628445728177,-0.0029338114160992745,0.0010107365579314774
258.1000038459897,0.6814218759536743,-6.418435805244371e-05,9.80868911743164,-2.155153197236359e-06,-0.0028442530892789364,-3.153459147142712e-06,270.00628445728177,-0.0029338114160992745,0.0010067805904849852
258.2000038474798,2.765016794204712,-0.0002912039344664663,9.809017181396484,-1.4085455859458307e-06,-0.0010942547814920545,-1.845077008510998e-06,270.00625713652505,-0.0029338114160992745,0.0010025765226563737
258.30000384896994,0.3925153911113739,-3.227120396331884e-05,9.811287879943848,-4.6958371058281045e-07,0.00291514303535223,2.506681767044938e-06,270.00625713652505,-0.0029338114160992745,0.000998337227314942
258.40000385046005,-2.9071266651153564,0.0003287028521299362,9.810151100158691,-1.970278162843897e-08,0.003332770662382245,3.9715514503768645e-06,270.00628445728177,-0.0029338114160992745,0.0009943589171268557
258.50000385195017,-3.7947726249694824,0.015748921781778336,9.807870864868164,9.577260243531782e-06,0.0021588453091681004,0.0008447584696114063,270.0105464953238,-0.002933810045377072,0.0009907210938720201
258.6000038534403,-3.8175418376922607,-0.009309861809015274,9.80710506439209,-2.1368392481235787e-05,0.0011928852181881666,-0.00020949194731656462,270.01038257078375,-0.0029338094971080864,0.0009874256080228988
258.7000038549304,-2.8608202934265137,-0.0044900462962687016,9.807650566101074,4.310262738727033e-06,-0.002017205348238349,-3.4442309697624296e-06,270.01013668397366,-0.0029338094971080864,0.0009843865839499902
258.8000038564205,-0.4050692319869995,8.148104097926989e-05,9.809247016906738,1.931131919263862e-06,-0.0008407571585848927,1.5103123587323353e-06,270.0101640047303,-0.0029338094971080864,0.000981383609822108
258.90000385791063,-1.9967583417892456,0.0003631741274148226,9.810013771057129,1.5643622646166477e-06,0.0011686539510264993,3.412149908399442e-06,270.0101640047303,-0.0029338094971080864,0.0009785597203070644
259.00000385940075,-3.1553537845611572,0.000568079820368439,9.80853271484375,1.8263646097693709e-06,0.001175024313852191,3.7840216009499272e-06,270.0101640047303,-0.0029338094971080864,0.0009760187474708575
259.10000386089087,-3.3511698246002197,0.0006049916846677661,9.8077974319458,1.040681283370759e-07,0.000800449401140213,3.7053130199637963e-06,270.01019132548697,-0.0029338094971080864,0.0009737782365338801
259.200003862381,-3.3328588008880615,0.0006040379521436989,9.807610511779785,1.932401119120186e-06,0.00046402218868024647,3.901006948581198e-06,270.0102186462437,-0.0029338094971080864,0.0009718364740957029
259.3000038638711,-2.572017192840576,0.00046779969125054777,9.808011054992676,-3.366577914221125e-07,-0.0020639721769839525,-1.6600628782725835e-07,270.0102186462437,-0.0029338094971080864,0.0009701253353552693
259.4000038653612,0.5889720320701599,-9.506288915872574e-05,9.809209823608398,-8.279650955955731e-07,-0.004453044850379229,-9.60096940616495e-07,270.0102186462437,-0.0029338094971080864,0.0009683610126655195
259.50000386685133,2.8936824798583984,-0.000504010880831629,9.809621810913086,-1.2102441360184457e-06,-0.001472763135097921,-9.459424745728029e-07,270.01019132548697,-0.0029338094971080864,0.0009663368699347161
259.60000386834145,0.11039881408214569,-9.112703992286697e-06,9.811577796936035,-1.0979955504808458e-06,0.002090327674522996,1.9950441583205247e-06,270.01019132548697,-0.0029338094971080864,0.0009643029265534588
259.70000386983156,-2.4713730812072754,0.0004510144062805921,9.810150146484375,-7.959131380630424e-07,0.008183224126696587,4.9004920583684e-06,270.0102186462437,-0.0029338094971080864,0.0009624905601156798
259.8000038713217,-15.208200454711914,0.0034740488044917583,9.789201736450195,-0.00015624167281202972,-8.292292477563024e-05,0.021865203976631165,270.02254030750635,-0.0029338097712496847,0.0009620431569956594
259.9000038728118,-0.8906680345535278,0.020428186282515526,9.80190658569336,0.00015078131400514394,-0.01015196368098259,-0.00325585575774312,270.0233872509635,-0.002933808126371673,0.000961674981511476
260.0000038743019,5.091197967529297,-0.01677851937711239,9.809782981872559,0.00014457556244451553,-0.007819156162440777,-0.01070453692227602,269.9915585694312,-0.002933808126371673,0.0009608493966487666
260.100003875792,5.621697425842285,-0.0038672927767038345,9.80774974822998,-2.205068631155882e-05,-0.0050058672204613686,-0.003884032368659973,269.96276249189043,-0.002933808948796468,0.0009595193181637425
260.20000387728214,6.130164623260498,0.013650421053171158,9.805190086364746,6.887437484692782e-05,-0.002375040901824832,0.008852249942719936,269.9663415110155,-0.0029338086746690806,0.000957639443749061
260.30000387877226,5.111906051635742,-0.0038875630125403404,9.8062162399292,4.8122827138286084e-05,0.0023773834109306335,0.01192422118037939,269.9880888333328,-0.002933808948796468,0.000955301063379579
260.4000038802624,1.5818204879760742,0.0021979580633342266,9.810054779052734,4.72083265776746e-05,0.002474856795743108,0.009236880578100681,270.0128960803983,-0.002933808948796468,0.0009528212246706788
260.5000038817525,2.1120846271514893,1.4476819038391113,9.807010650634766,0.005051945336163044,-0.0003229903522878885,0.16090857982635498,270.57969249848264,-0.002933677633791376,0.0009501535972747602
260.6000038832426,4.409385681152344,0.9382619857788086,9.80517864227295,-0.0010706901084631681,-0.0018673003651201725,0.11741109192371368,271.2587225850086,-0.0029334536581018256,0.0009470925731403432
260.7000038847327,5.36634635925293,0.12621185183525085,9.804750442504883,-0.00011730783444363624,-0.0013575865887105465,0.10911143571138382,271.87059825161504,-0.0029332030904214434,0.0009435507688455489
260.80000388622284,5.429523468017578,0.24416017532348633,9.804343223571777,0.0002404114493401721,-0.0007578147342428565,0.10225293785333633,272.44859617993825,-0.0029329097562680317,0.0009395236610132445
260.90000388771296,4.70045280456543,0.23990660905838013,9.823419570922852,9.940229938365519e-05,0.0022042496129870415,0.08814983069896698,272.9682369719928,-0.0029325736556273796,0.0009350767700758353
261.0000038892031,-1.2558759450912476,0.07819827646017075,9.78748607635498,-0.0007583301048725843,0.013705877587199211,0.09824103862047195,273.4894896886915,-0.002932237555015149,0.0009307432377108087
261.1000038906932,-11.771377563476562,-0.01571953296661377,9.795515060424805,0.00019886111840605736,0.002826172625645995,0.04320232942700386,273.90509303930844,-0.0029319749249907545,0.0009274637207536856
261.2000038921833,-0.8572507500648499,0.08149587363004684,9.8164701461792,5.1361159421503544e-05,-0.006406949833035469,0.028598710894584656,274.0816124482182,-0.0029317103759751717,0.0009242612382798504
261.3000038936734,4.425511837005615,0.09344881772994995,9.810770034790039,0.00018588616512715816,-0.005506796762347221,0.029677290469408035,274.2453184222451,-0.0029314079950637506,0.0009206629603069162
261.40000389516354,4.7395148277282715,0.08759289979934692,9.808208465576172,8.929159957915545e-05,-0.001849884632974863,0.02711554430425167,274.40126530137485,-0.0029310653149678956,0.0009166412668199675
261.50000389665365,2.0241899490356445,0.04595884680747986,9.810328483581543,-3.105174982920289e-05,0.0030711288563907146,0.022117802873253822,274.53502772608033,-0.0029307042672286343,0.0009124389809278022
261.60000389814377,-2.0958895683288574,0.025022953748703003,9.810879707336426,-6.224249955266714e-05,0.004219228867441416,0.017073094844818115,274.640431205352,-0.0029303561042723913,0.0009084245522586725
261.7000038996339,-2.870861053466797,1.9804987907409668,9.8066987991333,0.007510101888328791,0.0005728825926780701,0.22407078742980957,275.4556825846847,-0.0029298560654780204,0.0009046835822980112
261.800003901124,0.3210565149784088,3.263392925262451,9.804019927978516,0.0010812730761244893,-0.0027256901375949383,0.3077206313610077,277.0876606642109,-0.0029290629667002577,0.0009009498771551689
261.9000039026141,3.511678457260132,1.2430319786071777,9.806797981262207,-0.0011114522349089384,-0.0033723297528922558,0.2775338888168335,278.6768544387761,-0.0029281125091955573,0.0008969213300665043
262.00000390410423,4.757150173187256,0.7122650146484375,9.83090591430664,-0.00014388974523171782,-0.002570502460002899,0.2512451112270355,280.12056518402005,-0.002927025253825377,0.0008924837600274287
262.10000390559435,3.247023582458496,0.5644761323928833,9.792099952697754,-0.0016139759682118893,0.0017855637706816196,0.20986762642860413,281.39895803059295,-0.002925831356407116,0.0008877706751993699
262.20000390708447,1.8655390739440918,2.3702046871185303,9.792805671691895,0.005003386177122593,0.0004025904927402735,0.39304783940315247,283.26034850396155,-0.0029243929224946896,0.000882943546438757
262.3000039085746,3.857776641845703,4.528411865234375,9.79664134979248,0.0032311566174030304,0.00035089999437332153,0.5493072867393494,286.10151595339005,-0.002922469527703697,0.0008778962799910261
262.4000039100647,4.579294204711914,4.900047779083252,9.794126510620117,0.00153042480815202,0.0012930008815601468,0.6672011613845825,289.6936763624399,-0.002919995925779517,0.0008726099599154412
262.5000039115548,4.587080955505371,5.330944538116455,9.789692878723145,0.0036428950261324644,0.0018681136425584555,0.7408444881439209,293.86801477558487,-0.0029169203034769,0.0008671400318498846
262.60000391304493,5.033374786376953,3.0402584075927734,11.424723625183105,0.05170010030269623,0.08566849678754807,0.9014163017272949,298.98759672834626,-0.0029134044058025665,0.0008613821154402218
262.70000391453505,2.6876907348632812,12.430829048156738,6.4166765213012695,0.009184451773762703,-0.020434431731700897,0.8213413953781128,303.9309598005213,-0.0029088281188620613,0.0008560485740488136
262.80000391602516,4.571511268615723,4.736312389373779,11.386514663696289,0.018506698310375214,0.011895246803760529,0.9004852771759033,309.1564096854179,-0.0029036659860679492,0.0008506659608691188
262.9000039175153,0.5150413513183594,7.49008846282959,10.040096282958984,0.011762440204620361,0.01424893457442522,0.9459663033485413,314.74661899274986,-0.0028979964125994684,0.0008457228691674711
263.0000039190054,-3.0663156509399414,9.236618041992188,9.76092529296875,0.013354615308344364,0.014027127996087074,1.1133191585540771,320.9614627600578,-0.002892021168491965,0.0008415946707098558
263.1000039204955,-3.1698551177978516,8.266697883605957,9.735855102539062,-0.0025954009033739567,0.007487979717552662,0.8835845589637756,326.7979960096171,-0.002885880067196922,0.0008382402438859769
263.2000039219856,-1.8928403854370117,6.654330730438232,9.752156257629395,0.001404756330884993,0.004774495959281921,0.8587517738342285,332.0268883098554,-0.002879610392355403,0.0008354897564453119
263.30000392347574,-0.23130130767822266,7.471256256103516,9.75794506072998,0.002008732408285141,0.002821562346071005,0.8803005814552307,337.26088959159284,-0.0028731016638943174,0.0008333622614006312
263.40000392496586,1.3503875732421875,8.742610931396484,9.752693176269531,0.006009411066770554,0.004683374427258968,1.044260025024414,343.0843635194591,-0.0028662499811957787,0.0008319459646060199
263.500003926456,2.397108554840088,6.962210178375244,9.772767066955566,-0.006795096676796675,0.0030472553335130215,0.8119301795959473,348.4645581701915,-0.002859063294437192,0.00083109529556103
263.6000039279461,1.7017643451690674,3.0950636863708496,9.79782485961914,-0.008387221954762936,0.0030454015359282494,0.5263891220092773,352.29659482289213,-0.002851688270695263,0.0008304964963791031
263.7000039294362,-0.6417770385742188,1.9456841945648193,9.804491996765137,-0.005688764154911041,0.0033519286662340164,0.34273242950439453,354.877204215863,-0.0028443551910299902,0.0008300745886574662
263.8000039309263,-2.0849921703338623,1.903977632522583,9.804912567138672,-0.003705983515828848,0.002168472856283188,0.24414926767349243,356.74725536909915,-0.002837199756697828,0.0008298323138368056
263.90000393241644,-2.05867075920105,1.3134877681732178,9.806711196899414,-0.0038523119874298573,0.0004602705594152212,0.14232027530670166,358.04365259432427,-0.0028302244350300043,0.0008297129240949128
264.00000393390656,-1.0046277046203613,0.7664345502853394,9.808172225952148,-0.0028059114702045918,-0.0013837513979524374,0.07823187112808228,358.899803146407,-0.0028233379360358413,0.0008296630984104376
264.10000393539667,0.8074281811714172,0.5349525213241577,9.809019088745117,-0.001981497509405017,-0.002458041300997138,0.0419313870370388,359.47924907483423,-0.002816378514737039,0.0008296600142896653
264.2000039368868,2.1010844707489014,0.3877274990081787,9.809334754943848,-0.0014931552577763796,-0.0015619221376255155,0.017354458570480347,359.88810419855116,-0.0028092304822848746,0.0008296909240334045
264.3000039383769,1.6823729276657104,0.016140103340148926,9.810189247131348,-0.001838986179791391,0.0004519491922110319,-0.028100064024329185,0.08156468499537084,-0.0028019313964620096,0.0008297232044974869
264.400003939867,0.016009464859962463,-0.011939296498894691,9.810636520385742,-0.0007121872622519732,0.001874976442195475,-0.03602726384997368,0.17017418985129412,-0.002794630939931153,0.0008297542513132603
264.50000394135714,-1.3955376148223877,0.0719987154006958,9.810110092163086,-0.00041561468970030546,0.0017156690591946244,-0.04031536355614662,0.23406796817454534,-0.0027874560413607696,0.0008297911236904924
264.60000394284725,-1.6917319297790527,0.050400376319885254,9.809366226196289,-0.0002651232061907649,0.0005602266173809767,-0.044450804591178894,0.2804633621331792,-0.0027804324703453176,0.0008298316970126511
264.70000394433737,-0.9215863347053528,0.029358267784118652,9.809348106384277,-0.00015957793220877647,-0.0009092857362702489,-0.045718688517808914,0.3127866720913092,-0.0027734919649589074,0.0008298744634873589
264.8000039458275,0.4748380482196808,0.017001330852508545,9.80957317352295,-0.00013247993774712086,-0.0018324712291359901,-0.04509737715125084,0.33279096214895426,-0.0027665086930994676,0.0008299188748264786
264.9000039473176,1.5457203388214111,-0.12816321849822998,9.809696197509766,-0.0004977673524990678,-0.0012758556986227632,-0.05934338644146919,0.2907401554718303,-0.002759386704354938,0.0008299525945469214
265.0000039488077,1.343992829322815,-0.08962082862854004,9.810144424438477,-1.9588012946769595e-05,0.00021272632875479758,-0.05640706792473793,0.23821109155596631,-0.002752144092198705,0.0008299787067694594
265.10000395029783,0.1559198945760727,-0.013867676258087158,9.810531616210938,2.170773223042488e-05,0.0013563173124566674,-0.053907401859760284,0.2065338081035711,-0.002744887498735693,0.0008300037224157227
265.20000395178795,-0.9579645991325378,-0.006340146064758301,9.81013298034668,3.2158102840185165e-05,0.0013444139622151852,-0.05308106541633606,0.18974563001050287,-0.002737716712331917,0.0008300278470937631
265.30000395327806,-1.2539154291152954,-0.015004992485046387,9.80963134765625,4.464940866455436e-05,0.0005012322217226028,-0.053133923560380936,0.17582935970043992,-0.002730658599148228,0.0008300503269073915
265.4000039547682,-0.7237511277198792,0.007184743881225586,9.809555053710938,0.00010130996815860271,-0.0005999787244945765,-0.05007972940802574,0.17358940449821952,-0.002723665458105984,0.000830073217937123
265.5000039562583,0.2772027254104614,-0.010887622833251953,9.809685707092285,-2.2510066628456116e-05,-0.0012720031663775444,-0.05018680915236473,0.17017418985129412,-0.0027166473699651306,0.0008300952179986313
265.6000039577484,1.0456818342208862,-0.08094537258148193,9.809825897216797,-0.00019260356202721596,-0.0009242392843589187,-0.056190453469753265,0.13562092985086077,-0.0027095355245450037,0.0008301102273863893
265.70000395923853,0.9411824345588684,-0.05067312717437744,9.810151100158691,2.5978552002925426e-05,7.821195322321728e-05,-0.05405640974640846,0.10087055485984905,-0.002702339242745211,0.0008301208504690492
265.80000396072865,0.1582023650407791,-0.012261107563972473,9.81035041809082,3.554730210453272e-05,0.000887660775333643,-0.05258595570921898,0.08156468499537084,-0.002695128705468619,0.0008301304455114515
265.90000396221876,-0.6052278876304626,0.0018769502639770508,9.81013298034668,3.9794191252440214e-05,0.000928588502574712,-0.05197910591959953,0.06852804166478502,-0.002687972448711662,0.0008301400405538539
266.0000039637089,-0.8408821225166321,-0.008545160293579102,9.809799194335938,3.976526204496622e-05,0.00035905151162296534,-0.05184170603752136,0.06255725571100383,-0.0026808915815479395,0.0008301488131640505
266.100003965199,-0.4833206534385681,0.0048732757568359375,9.809715270996094,6.736250361427665e-05,-0.0003863032325170934,-0.05000779405236244,0.06255725571100383,-0.002673854029183076,0.000830158065526367
266.2000039666891,0.16728834807872772,-0.035923585295677185,9.809798240661621,-8.936825906857848e-05,-0.0008084197761490941,-0.053062111139297485,0.04423465961263638,-0.0026668019471713933,0.0008301640966958771
266.3000039681792,0.6530261039733887,-0.02734130620956421,9.809915542602539,2.0188570488244295e-05,-0.0005910219624638557,-0.0513659231364727,0.03426402083239251,-0.002659690650034463,0.0008301677291047866
266.40000396966934,0.5857943296432495,-0.006531357765197754,9.810149192810059,1.370968675473705e-06,3.781011400860734e-05,-0.050925180315971375,0.01978234059262607,-0.002652526991383297,0.0008301706761535245
266.50000397115946,0.11296591907739639,-0.012607090175151825,9.810199737548828,-1.4470657333731651e-05,0.0005411857855506241,-0.051595982164144516,0.01978234059262607,-0.002645353463563538,0.000830172595162005
266.6000039726496,-0.3676202893257141,-0.011311709880828857,9.810064315795898,1.644901931285858e-05,0.0005800645449198782,-0.051444072276353836,0.0,-0.0026382125588639838,0.000830173486130228
266.7000039741397,-0.5105173587799072,0.006237387657165527,9.809915542602539,5.2225019317120314e-05,0.00022232507762964815,-0.0501873604953289,359.9802297900763,-0.00263111798452087,0.0008301749939226056
266.8000039756298,-0.2979806959629059,0.0043718814849853516,9.809877395629883,1.579831587150693e-05,-0.0002404514525551349,-0.05001932755112648,359.9802297900763,-0.0026240497279985675,0.0008301768443950689
266.9000039771199,0.11240595579147339,-0.001249171793460846,9.809816360473633,6.741174729540944e-06,-0.00048232890549115837,-0.049519412219524384,359.9802297900763,-0.0026169713281518625,0.0008301785577954978
267.00000397861004,0.3828309178352356,7.450580596923828e-06,9.809996604919434,-3.1442614272236824e-06,-0.00034602542291395366,-0.049294859170913696,359.9802297900763,-0.00260985866029273,0.000830180339731944
267.10000398010015,0.3479810953140259,-0.015016406774520874,9.810051918029785,-5.037220398662612e-05,2.3409436835208908e-05,-0.05094165354967117,359.9802297900763,-0.0026027147400213835,0.0008301806824120298
267.20000398159027,0.060285165905952454,0.001263793557882309,9.810154914855957,3.232306335121393e-05,0.0003177720936946571,-0.04968075454235077,359.9802297900763,-0.0025955656110170366,0.0008301812307001671
267.3000039830804,-0.22006331384181976,0.004355102777481079,9.810037612915039,-6.803893484175205e-07,0.000342728104442358,-0.050075940787792206,359.9802297900763,-0.0025884362203782985,0.000830182053132373
267.4000039845705,-0.29778870940208435,-0.016372323036193848,9.809972763061523,-3.108695091214031e-05,0.00012694860924966633,-0.0515979565680027,359.9802297900763,-0.00258133342170197,0.0008301815733802529
267.5000039860606,-0.1677674949169159,0.003709554672241211,9.809908866882324,4.7096938942559063e-05,-0.00014538437244482338,-0.04980044439435005,359.9802297900763,-0.002574245426814059,0.0008301812992361843
267.60000398755074,0.06495752930641174,0.002522505819797516,9.809873580932617,1.9007711671292782e-07,-0.0002798852510750294,-0.049634210765361786,359.9802297900763,-0.0025671519490515493,0.0008301812992361843
267.70000398904085,0.23020343482494354,6.595253944396973e-05,9.81003475189209,-2.6885390980169177e-06,-0.0001971106685232371,-0.049524396657943726,359.9802297900763,-0.0025600379104702142,0.0008301812992361843
267.80000399053097,0.1902933269739151,-0.015607699751853943,9.810052871704102,-4.2918727558571845e-05,1.563710975460708e-05,-0.05108428746461868,359.9802297900763,-0.002552906600811866,0.0008301798599798239
267.9000039920211,0.03517399728298187,0.0006442293524742126,9.810049057006836,3.5597317037172616e-05,0.0001853831927292049,-0.049684349447488785,359.9802297900763,-0.0025457720014401275,0.0008301785577954978
268.0000039935112,-0.1250283271074295,0.005586102604866028,9.810039520263672,-2.7458881959319115e-06,0.00019834104750771075,-0.0499696284532547,359.9802297900763,-0.002538648916114994,0.0008301776668272748
268.1000039950013,-0.17016172409057617,-0.0006816387176513672,9.809967994689941,4.763678589370102e-06,7.089552673278376e-05,-0.050014428794384,359.9802297900763,-0.0025315411828614742,0.0008301768443950689
268.20000399649143,-0.10014107078313828,-2.9012560844421387e-05,9.809979438781738,5.344576493371278e-06,-8.748900290811434e-05,-0.049895770847797394,359.9802297900763,-0.0025244419480543456,0.0008301759534268458
268.30000399798155,0.0399978868663311,-0.01690569892525673,9.809922218322754,-3.61036800313741e-05,-0.00016209870227612555,-0.05118148773908615,359.9720335630723,-0.0025173396976754248,0.000830173486130228
268.40000399947166,0.13262932002544403,0.003200322389602661,9.81000804901123,3.574387665139511e-05,-0.00011255894787609577,-0.04950471967458725,359.9720335630723,-0.002510225110796682,0.000830171361513696
268.5000040009618,0.11267545819282532,0.004444234073162079,9.810028076171875,-6.5745557549234945e-06,1.0350509001000319e-05,-0.04968554526567459,359.9657497890359,-0.002503100654763557,0.0008301696481132671
268.6000040024519,0.017611095681786537,1.9593164324760437e-05,9.810039520263672,-2.0486913854256272e-06,0.00010752900561783463,-0.04982771724462509,359.9657497890359,-0.0024959745538524203,0.000830167866176821
268.700004003942,-0.07750488817691803,-0.0006550401449203491,9.810029983520508,6.159170879982412e-07,0.00011437508510425687,-0.04992657154798508,359.9657497890359,-0.0024888553065380847,0.0008301661527763919
268.80000400543213,-0.09508390724658966,0.0005857720971107483,9.809990882873535,3.1086092349141836e-06,3.997247404186055e-05,-0.049938179552555084,359.9657497890359,-0.0024817448318401603,0.0008301643708399458
268.90000400692225,-0.057578183710575104,0.01191851869225502,9.809922218322754,4.3194177123950794e-05,-5.174407488084398e-05,-0.048414453864097595,359.9720335630723,-0.002474639291733638,0.0008301636854797742
269.00000400841236,0.02750677429139614,0.0006461609154939651,9.810039520263672,-3.685007686726749e-05,-9.387316822540015e-05,-0.04992320388555527,359.9802297900763,-0.002467531284324309,0.0008301630686556197
269.1000040099025,0.07258893549442291,-0.0030858218669891357,9.809981346130371,2.0320003386586905e-06,-6.351235788315535e-05,-0.04975659400224686,359.9802297900763,-0.0024604169716155866,0.0008301621776873967
269.2000040113926,0.06511460244655609,3.631412982940674e-05,9.809990882873535,-2.789885002130177e-06,7.2515590545663144e-06,-0.0497661754488945,359.9802297900763,-0.002453296627720647,0.0008301612867191735
269.3000040128827,0.010074594989418983,0.0006394349038600922,9.810049057006836,-1.726584741845727e-06,6.301121175056323e-05,-0.04983226954936981,359.9802297900763,-0.0024461757355283,0.0008301603957509505
269.4000040143728,-0.042496535927057266,0.011935431510210037,9.809990882873535,3.801316779572517e-05,6.614462472498417e-05,-0.048435524106025696,359.9802297900763,-0.002439058133091976,0.0008301606698950192
269.50000401586294,-0.06253674626350403,0.0006240904331207275,9.810019493103027,-3.8273945392575115e-05,2.2420525056077167e-05,-0.05004004389047623,359.9802297900763,-0.0024319465618134473,0.0008301609440390877
269.60000401735306,-0.027523213997483253,-0.021932734176516533,9.809961318969727,-3.3793905458878726e-05,-2.9790258849970996e-05,-0.051323555409908295,359.9802297900763,-0.002424837183696127,0.0008301592991746759
269.7000040188432,0.017514584586024284,0.004392597824335098,9.810009956359863,3.9936341636348516e-05,-5.4363546951208264e-05,-0.049646854400634766,359.9802297900763,-0.0024177264348423932,0.0008301579284543327
269.8000040203333,0.04006163030862808,0.0037765540182590485,9.80997085571289,-3.3992000680882484e-06,-3.648759957286529e-05,-0.049743980169296265,359.9802297900763,-0.0024106118479636507,0.0008301569689500924
269.9000040218234,0.03508470207452774,-0.01503312960267067,9.810039520263672,-3.8980579120106995e-05,4.850902769248933e-06,-0.05123499780893326,359.9720335630723,-0.0024034942455273267,0.0008301547072615262
270.0000040233135,0.007553457282483578,0.0006342511624097824,9.809990882873535,3.658996502053924e-05,3.689420555019751e-05,-0.049676649272441864,359.9657497890359,-0.002396376094807806,0.00083015244557296
270.10000402480364,-0.02498811110854149,0.006247175857424736,9.810019493103027,-2.691918780328706e-06,3.7728266761405393e-05,-0.04983395338058472,359.9720335630723,-0.002389259863065263,0.0008301508007085481
270.20000402629375,-0.03501475602388382,0.010052844882011414,9.809981346130371,3.9912210922921076e-05,1.2220305507071316e-05,-0.048407815396785736,359.9720335630723,-0.00238214719520613,0.0008301499782763422
270.30000402778387,-0.020005470141768456,0.0006275270134210587,9.8100004196167,-3.708830627147108e-05,-1.8553697373135947e-05,-0.049987636506557465,359.9802297900763,-0.002375036172210798,0.0008301492929161706
270.400004029274,0.01752205565571785,-0.0024824943393468857,9.809981346130371,3.7367481127148494e-06,-3.161384665872902e-05,-0.049832187592983246,359.9802297900763,-0.0023679235043516655,0.0008301483334119303
270.5000040307641,0.020047441124916077,0.0012685451656579971,9.810019493103027,-6.247100827749819e-07,-2.056353332591243e-05,-0.04979753494262695,359.9802297900763,-0.0023608089175013447,0.0008301474424437073
270.6000040322542,0.022547943517565727,1.9555911421775818e-05,9.809990882873535,-6.176671831781277e-07,2.956250227725832e-06,-0.049803294241428375,359.9802297900763,-0.0023536926857730123,0.0008301466200115014
270.70000403374434,-0.0024611596018075943,0.010697384364902973,9.810019493103027,3.7332130887079984e-05,2.0947351003997028e-05,-0.048375554382801056,359.9802297900763,-0.00234657645404468,0.0008301467570835357
270.80000403523445,-0.007480289787054062,0.0006386330351233482,9.810009956359863,-3.907403879566118e-05,2.169926665374078e-05,-0.049996815621852875,359.9802297900763,-0.002339460770599544,0.0008301468941555699
270.90000403672457,-0.022486822679638863,-0.01943117193877697,9.809981346130371,-3.753261989913881e-05,7.180369721027091e-06,-0.051323652267456055,359.9802297900763,-0.0023323472803156164,0.0008301453178271753
271.0000040382147,-0.007493112236261368,0.0031323335133492947,9.8100004196167,3.798280522460118e-05,-1.0274728992953897e-05,-0.04968567192554474,359.9802297900763,-0.0023252346124564838,0.0008301440156428492
271.1000040397048,2.1599698811769485e-05,0.004385449457913637,9.809981346130371,-3.474497134448029e-06,-1.8147353330277838e-05,-0.04978722333908081,359.9802297900763,-0.0023181213963283653,0.0008301431246746262
271.2000040411949,0.02002338506281376,1.8630176782608032e-05,9.80997085571289,1.6958347259787843e-07,-1.1654778063530102e-05,-0.049800798296928406,359.9802297900763,-0.0023110068094496228,0.000830142233706403
271.30000404268503,0.015044180676341057,0.0006415853276848793,9.810088157653809,6.152124569780426e-07,2.433724830552819e-06,-0.04981141537427902,359.9802297900763,-0.0023038908518770995,0.0008301414112741972
271.40000404417515,0.0050446935929358006,-0.000612504780292511,9.809990882873535,8.465603968943469e-07,1.2709648217423819e-05,-0.04982682317495346,359.9802297900763,-0.0022967746201345562,0.0008301405203059741
271.50000404566526,-0.02247660607099533,1.2237578630447388e-06,9.809951782226562,1.9157869246555492e-07,1.3127854799677152e-05,-0.04983622580766678,359.9802297900763,-0.0022896600332842354,0.000830139629337751
271.6000040471554,-0.0024768670555204153,0.0006344248540699482,9.810039520263672,-9.499858606432099e-07,3.789307811530307e-06,-0.049837566912174225,359.9802297900763,-0.002282545720575513,0.000830138738369528
271.7000040486455,-0.01497635431587696,-0.0006207022815942764,9.809981346130371,-5.27740667166654e-07,-6.4958476286847144e-06,-0.04982787370681763,359.9802297900763,-0.0022754329156384756,0.0008301378474013048
271.8000040501356,0.012523130513727665,0.0006405767053365707,9.809981346130371,5.852361937286332e-07,-1.0885703886742704e-05,-0.04981815069913864,359.9802297900763,-0.002268319014135045,0.0008301370249690989
271.90000405162573,0.005023644771426916,-0.000612498726695776,9.80997085571289,-6.890727490826976e-07,-6.843636583653279e-06,-0.04981391876935959,359.9802297900763,-0.0022612044272847243,0.0008301361340008758
272.00000405311584,0.0025374223478138447,1.1479482054710388e-05,9.810117721557617,2.9348564112297026e-07,1.4989652754593408e-06,-0.049817584455013275,359.9802297900763,-0.0022540898404059817,0.0008301352430326528
272.10000405460596,3.716460196301341e-05,0.000635450123809278,9.809931755065918,-2.631637926242547e-06,7.6250548772804905e-06,-0.04982460290193558,359.9802297900763,-0.00224697525354145,0.0008301343520644296
272.2000040560961,3.267638385295868e-05,-0.01817450113594532,9.80997085571289,-3.971215119236149e-05,7.816121069481596e-06,-0.05128232389688492,359.9720335630723,-0.0022398606666769183,0.0008301318847678119
272.3000040575862,-0.002480803756043315,0.0012538551818579435,9.81005859375,3.984304566984065e-05,1.5855111996643245e-06,-0.04968077689409256,359.9657497890359,-0.0022327460798123866,0.0008301295545432285
272.4000040590763,0.0025173211470246315,0.006886804476380348,9.809951782226562,-2.1250948520901147e-06,-3.7813424569321796e-06,-0.049800463020801544,359.9657497890359,-0.0022256314929620657,0.0008301277726067823
272.5000040605664,2.1929852664470673e-05,0.011317925527691841,9.810039520263672,3.989033211837523e-05,-6.414029485313222e-06,-0.04836393892765045,359.9720335630723,-0.002218516906083323,0.0008301270872466107
272.60000406205654,-0.002468170365318656,-0.000615566736087203,9.809951782226562,-3.9181511965580285e-05,-3.491528332233429e-06,-0.049969181418418884,359.9802297900763,-0.0022114023192187915,0.0008301262648144048
272.70000406354666,0.002533520106226206,-0.0018635150045156479,9.810039520263672,2.101506652252283e-06,7.235389603010844e-07,-0.049846723675727844,359.9802297900763,-0.00220428773235426,0.0008301253053101645
272.8000040650368,2.8976413886994123e-05,0.0006354501820169389,9.810009956359863,-8.654069461044855e-07,4.289390744816046e-06,-0.049829281866550446,359.9802297900763,-0.002197173145503939,0.0008301244828779587
272.9000040665269,-0.0024710234720259905,0.0006344113498926163,9.809981346130371,-1.1974311746598687e-06,4.498360794968903e-06,-0.04982919991016388,359.9802297900763,-0.0021900585586394072,0.0008301235919097355
273.000004068017,0.0025236492510885,-0.0006135061848908663,9.809981346130371,-8.310273074130237e-07,1.1670611002045916e-06,-0.04982899874448776,359.9802297900763,-0.0021829439717606647,0.0008301227009415125
273.1000040695071,2.0005740225315094e-05,0.010692925192415714,9.810039520263672,3.8053749449318275e-05,-1.9208964658901095e-06,-0.048373743891716,359.9802297900763,-0.002175829384910344,0.0008301227694775296
273.20000407099724,-0.002473280066624284,0.0006347403395920992,9.809981346130371,-3.929724698537029e-05,-3.2135940273292363e-06,-0.049974143505096436,359.9802297900763,-0.0021687147980316013,0.0008301228380135468
273.30000407248735,0.0025295992381870747,-0.001238822704181075,9.809981346130371,3.2894761261559324e-06,-2.070150685540284e-06,-0.04984723776578903,359.9802297900763,-0.0021616002111670696,0.0008301228380135468
273.40000407397747,2.9236132832011208e-05,1.0450262379890773e-05,9.810019493103027,-4.5947112425892556e-07,6.232864961930318e-07,-0.049827106297016144,359.9802297900763,-0.0021544856243167487,0.0008301228380135468
273.5000040754676,-0.0024707636330276728,9.716488420963287e-06,9.8100004196167,-1.3342120155357406e-06,2.2671761144010816e-06,-0.049826495349407196,359.9802297900763,-0.002147371037438006,0.0008301228380135468
273.6000040769577,0.002529235789552331,1.1183787137269974e-05,9.810019493103027,-1.569075720908586e-06,2.738502416832489e-06,-0.04982738196849823,359.9802297900763,-0.0021402564505876853,0.0008301228380135468
273.7000040784478,3.145821392536163e-05,-0.017548760399222374,9.809981346130371,-3.758292950806208e-05,8.86080670170486e-07,-0.05127781629562378,359.9802297900763,-0.0021331418637089428,0.0008301212616851521
273.80000407993793,-0.0024742719251662493,9.375857189297676e-06,9.810009956359863,3.912203465006314e-05,-1.0644762369338423e-06,-0.04967354238033295,359.9720335630723,-0.002126027276858622,0.0008301196853567574
273.90000408142805,0.002523719798773527,0.007511508651077747,9.809990882873535,-3.154099886160111e-06,-1.6160292943823151e-06,-0.049796298146247864,359.9720335630723,-0.0021189126899798794,0.0008301188629245515
274.00000408291817,-0.1251831352710724,0.0005822032690048218,9.810047149658203,3.763125278055668e-06,0.00047310415538959205,-0.05050685256719589,359.9802297900763,-0.0021118093430345652,0.0008301179719563285
274.1000040844083,-0.7709611058235168,-0.0009442567825317383,9.810178756713867,2.215476706624031e-05,0.0010312888771295547,-0.05140138790011406,359.9720335630723,-0.0021047749433193985,0.0008301170809881053
274.2000040858984,-1.5045322179794312,-0.0006409883499145508,9.809757232666016,5.4064556024968624e-05,0.0010618502274155617,-0.052387479692697525,359.9802297900763,-0.0020978758336696046,0.0008301161900198823
274.3000040873885,-1.8203320503234863,-0.00015795230865478516,9.809406280517578,7.851299596950412e-05,0.0005521529819816351,-0.05347943305969238,359.9802297900763,-0.0020911398397771563,0.0008301152990516592
274.40000408887863,-1.6004985570907593,-0.0013173818588256836,9.809267044067383,8.154277020366862e-05,-0.00015751506725791842,-0.05415169149637222,359.9720335630723,-0.0020845472232053908,0.0008301144766194533
274.50000409036875,-1.0300391912460327,-0.00044167041778564453,9.80950927734375,6.921670865267515e-05,-0.0006711906753480434,-0.05417007580399513,359.9720335630723,-0.002078047130268601,0.0008301135856512301
274.60000409185886,-0.4993446171283722,0.00041428208351135254,9.809809684753418,4.9377093091607094e-05,-0.0006746797007508576,-0.05415055900812149,359.9802297900763,-0.0020715914486828524,0.0008301126946830071
274.700004093349,-0.36640527844429016,-0.0007770657539367676,9.810065269470215,3.402763104531914e-05,-0.00021090119844302535,-0.054636139422655106,359.9720335630723,-0.002065168664387329,0.0008301118037147841
274.8000040948391,-0.6614946126937866,0.0003407597541809082,9.810074806213379,3.174730227328837e-05,0.00032878469210118055,-0.05542892590165138,359.9720335630723,-0.0020588052322665362,0.000830110912746561
274.9000040963292,-1.134464144706726,-0.001124739646911621,9.809929847717285,4.651094786822796e-05,0.000551087548956275,-0.056259870529174805,359.9802297900763,-0.0020525435075740006,0.0008301100903143551
275.0000040978193,-1.4099295139312744,-0.0006259679794311523,9.809632301330566,5.923377466388047e-05,0.0003612243162933737,-0.05703716352581978,359.9720335630723,-0.002046408300401481,0.0008301091993461319
275.10000409930944,-1.3425759077072144,1.811981201171875e-05,9.8095121383667,6.242863310035318e-05,-4.7352044930448756e-05,-0.05753108114004135,359.9720335630723,-0.002040393442470645,0.0008301083083779089
275.20000410079956,-1.0073200464248657,0.00016963481903076172,9.80965518951416,5.6051823776215315e-05,-0.0004137749783694744,-0.057637300342321396,359.9720335630723,-0.0020344689149993656,0.000830107485945703
275.3000041022897,-0.6368542909622192,-0.0015341639518737793,9.809772491455078,4.193268250674009e-05,-0.0004855979641433805,-0.057676561176776886,359.9720335630723,-0.0020286012724426428,0.000830106663513497
275.4000041037798,-0.4789867401123047,-0.014052748680114746,9.810015678405762,-1.0754738468676805e-06,-0.00022264922154136002,-0.05929205194115639,359.9657497890359,-0.002022776670486337,0.000830104538896965
275.5000041052699,-0.6264852285385132,0.0021535158157348633,9.80998420715332,5.6936449254862964e-05,0.00015613580762874335,-0.05856679379940033,359.9657497890359,-0.002017008131005582,0.0008301026198884846
275.60000410676,-0.9392738938331604,0.015851378440856934,9.80993938446045,5.498740938492119e-05,0.00036317200283519924,-0.058202967047691345,359.9720335630723,-0.0020113238908265885,0.0008301021401363645
275.70000410825014,-1.1745942831039429,-0.0024154186248779297,9.809788703918457,6.947433575987816e-06,0.00028029156965203583,-0.06019277125597,359.9657497890359,-0.002005744784881358,0.00083010152331221
275.80000410974026,-1.1572299003601074,-0.0030444860458374023,9.80966854095459,4.7744299081387e-05,7.85486918175593e-07,-0.06045606732368469,359.9720335630723,-0.0020002694424618994,0.0008301007008800042
275.9000041112304,-0.9295783042907715,0.009683430194854736,9.809667587280273,6.618881889153272e-05,-0.00028209196170791984,-0.05937168747186661,359.9802297900763,-0.0019948777139973117,0.0008301007694160213
276.0000041127205,-0.6492336988449097,-0.0027410387992858887,9.809846878051758,-3.9473234210163355e-06,-0.0003697697538882494,-0.06073782593011856,359.9802297900763,-0.001989543966999463,0.0008301005638079698
276.1000041142106,-0.5039461255073547,-0.0033094286918640137,9.8099365234375,2.192327519878745e-05,-0.0001972010068129748,-0.060915812849998474,359.9802297900763,-0.001984255316699546,0.0008301001525918668
276.2000041157007,-0.5889002084732056,-0.011562466621398926,9.810032844543457,-1.155359495896846e-05,9.471653174841776e-05,-0.06260976195335388,359.9657497890359,-0.001979019439147578,0.0008300986447994893
276.30000411719084,-0.8316045999526978,-0.008633732795715332,9.809922218322754,2.0182953448966146e-05,0.0002754676097538322,-0.06305897235870361,359.9657497890359,-0.00197385812876405,0.0008300964516469402
276.40000411868095,-1.0193793773651123,0.017035365104675293,9.809825897216797,7.102978997863829e-05,0.00022942274517845362,-0.06133204326033592,359.9657497890359,-0.0019687882454348937,0.0008300958348227858
276.50000412017107,-1.0269862413406372,0.0013786554336547852,9.809734344482422,-1.2391518794174772e-05,8.960558261605911e-06,-0.06303790956735611,359.9720335630723,-0.0019638104745212104,0.0008300954236066828
276.6000041216612,-0.8393625020980835,-0.006034791469573975,9.809762001037598,2.2216190700419247e-05,-0.00022765531321056187,-0.06298322230577469,359.9720335630723,-0.001958907956137068,0.0008300944641024425
276.7000041231513,-0.6090720295906067,-0.010387063026428223,9.809883117675781,-1.1147494660690427e-05,-0.0003122510970570147,-0.06406685709953308,359.9657497890359,-0.0019540599924283697,0.0008300926136299792
276.8000041246414,-0.4713395833969116,0.013560652732849121,9.809906959533691,5.475003854371607e-05,-0.00017171981744468212,-0.06204162538051605,359.9720335630723,-0.0019492541098315996,0.0008300919968058248
276.90000412613153,-0.5512967705726624,0.001604914665222168,9.810015678405762,-3.779646795010194e-05,8.255310240201652e-05,-0.06393654644489288,359.9720335630723,-0.0019444979843967758,0.0008300915855897218
277.00000412762165,-0.7639757394790649,-0.0060024261474609375,9.80993366241455,-5.266774678602815e-07,0.0002431294706184417,-0.0643753781914711,359.9657497890359,-0.0019398099837530935,0.0008300905575494644
277.10000412911177,-0.9217086434364319,0.00016367435455322266,9.809898376464844,-8.340430213138461e-07,0.0001996490464080125,-0.064797542989254,359.9657497890359,-0.0019352047746252765,0.0008300897351172585
277.2000041306019,-0.9293028116226196,0.0001556873321533203,9.809761047363281,1.9569811229303014e-06,-1.8442551663611084e-07,-0.06501772254705429,359.9720335630723,-0.0019306829052680996,0.0008300888441490355
277.300004132092,0.5919860005378723,0.0019834041595458984,9.808937072753906,-8.016894571483135e-05,0.0017272502882406116,-0.047238145023584366,359.92867552222106,-0.0019261077149224093,0.0008300881587888639
277.4000041335821,-0.13800622522830963,-0.029301390051841736,9.812170028686523,-0.00014755385927855968,0.0022898998577147722,-0.04780156537890434,359.8321512888704,-0.0019215449981260235,0.000830084800524023
277.50000413507223,-2.2738163471221924,-0.03223299980163574,9.788921356201172,0.00024220626801252365,0.008718187920749187,0.05639749392867088,0.01978234059262607,-0.0019171862444977705,0.0008300785637464614
277.60000413656235,-4.624762535095215,0.04903888702392578,9.815789222717285,7.165898568928242e-05,-0.0022534362506121397,-0.004844033159315586,0.06561060373405075,-0.0019132424079231214,0.0008300763020578952
277.70000413805246,1.474076509475708,0.17969560623168945,9.82348918914795,0.0002028713934123516,-0.004360738676041365,0.010026718489825726,0.11014343045242728,-0.0019091658856353888,0.000830090351941413
277.8000041395426,3.309905529022217,0.043889760971069336,9.810223579406738,-0.00018435507081449032,-0.0022488075774163008,0.0053729284554719925,0.14536995767399616,-0.0019047926023887385,0.0008301089937380805
277.9000041410327,1.1767919063568115,-0.005102872848510742,9.824833869934082,-7.491628639400005e-05,0.0024500745348632336,0.0037248432636260986,0.16785879574329948,-0.0019003136365967066,0.0008301274984627137
278.0000041425228,-2.431363821029663,0.0012035369873046875,9.777837753295898,-4.375772550702095e-05,0.003301035612821579,0.003178860992193222,0.18662631463306978,-0.0018960527524143345,0.0008301453863631924
278.1000041440129,-2.8731942176818848,0.0058057308197021484,9.822063446044922,-2.8513313736766577e-05,0.0006562501075677574,0.002285207388922572,0.20174118976097744,-0.0018920498377923423,0.0008301629315835854
278.20000414550304,-1.37800931930542,-0.004213452339172363,9.811300277709961,-1.4238758012652397e-06,-0.0010161251993849874,-0.0003846511244773865,0.21306245509389837,-0.0018881705621538458,0.0008301796543717725
278.30000414699316,0.2086990624666214,0.002351626753807068,9.809432029724121,-2.9408838599920273e-06,-0.002010188065469265,-0.0013808001531288028,0.22117343813542073,-0.0018842723705745357,0.000830196582768011
278.4000041484833,0.9500321745872498,0.007491469383239746,9.809669494628906,8.36484832689166e-06,-0.00037464805063791573,-0.0017926142318174243,0.23069991118136213,-0.0018802887830986492,0.0008302145392045069
278.5000041499734,-0.7134447693824768,-0.0007805228233337402,9.810381889343262,-3.111199475824833e-06,0.0016635091742500663,-0.004072088748216629,0.23656256136676027,-0.0018763692082899297,0.000830232152960917
278.6000041514635,-1.7532880306243896,-0.0026742219924926758,9.809514045715332,1.4237011782824993e-06,0.0006823217263445258,-0.005818898789584637,0.23984830924435951,-0.0018726069921655153,0.0008302489442851212
278.7000041529536,-1.163439393043518,-0.011429667472839355,9.809268951416016,3.547378582879901e-06,-0.00045295021845959127,-0.006794412154704332,0.23984830924435951,-0.0018689489507863755,0.0008302642278169479
278.80000415444374,-0.10733252018690109,0.024286828935146332,9.80955696105957,4.996138159185648e-05,-0.0012367687886580825,-0.003894450142979622,0.24787220737396423,-0.0018653006415121354,0.0008302815674292893
278.90000415593386,0.794517993927002,1.9133530855178833,9.808050155639648,0.00784878246486187,-0.0019370326772332191,0.2144729495048523,0.989920340585987,-0.0018615837962556725,0.0008304713436608054
279.000004157424,2.615891456604004,3.851445436477661,9.802435874938965,0.0034745661541819572,-0.002465298864990473,0.3683338761329651,2.819111701381515,-0.0018576494176443248,0.0008310166847493475
279.1000041589141,4.466351509094238,1.9323217868804932,9.811664581298828,-0.0013978213537484407,-0.002780237002298236,0.3377532958984375,4.749492421452488,-0.0018533301407757108,0.0008317670170652151
279.2000041604042,4.494009017944336,0.8061838150024414,9.82482624053955,-0.0016280992422252893,0.0021498578134924173,0.3505529761314392,6.4668713443790855,-0.0018486184266635064,0.0008326337920742376
279.3000041618943,1.8463454246520996,0.5891849398612976,9.781007766723633,-0.00021604684297926724,0.00039149314397946,0.30046021938323975,7.942826132034182,-0.0018437501762917918,0.000833575065733913
279.40000416338444,3.4374771118164062,0.7061209678649902,9.803936004638672,0.0013449228135868907,-0.00240257172845304,0.23816247284412384,9.181362263479166,-0.001838587632278177,0.0008346275733494391
279.50000416487455,5.074402809143066,2.6427719593048096,9.80299186706543,0.007913743145763874,-0.00044554658234119415,0.4369274377822876,11.042877387800074,-0.001833023741326656,0.0008359989105167935
279.60000416636467,4.613751411437988,4.626482963562012,9.79642105102539,0.006317623890936375,0.0010608057491481304,0.6013078689575195,13.889321158362451,-0.0018271574694637138,0.0008378709032895017
279.7000041678548,4.56729793548584,5.452630519866943,9.789737701416016,0.00600156607106328,0.0020018781069666147,0.7349298000335693,17.612901237232453,-0.001821048443062523,0.0008403311406974942
279.8000041693449,4.195791721343994,7.603670597076416,9.771862030029297,0.015836108475923538,0.005419617518782616,1.0428017377853394,22.605156511033766,-0.0018148530612478453,0.0008435626824426052
279.900004170835,3.5341134071350098,9.68620491027832,9.755170822143555,0.006082582753151655,0.00857013463973999,1.162905216217041,28.83444271334172,-0.0018087974929272832,0.0008477051363917897
280.00000417232513,0.3207986354827881,10.256661415100098,9.745752334594727,0.008015265688300133,0.014280715025961399,1.3568280935287476,35.96027320648389,-0.0018032564930052786,0.0008526054616187296
280.10000417381525,-3.0334527492523193,11.989055633544922,9.72472858428955,0.0034774597734212875,0.014820758253335953,1.449783205986023,43.908509702114365,-0.0017986544365413693,0.0008580885485995809
280.20000417530537,-3.640972852706909,11.945530891418457,9.71898365020752,0.00019447505474090576,0.013193536549806595,1.4689706563949585,52.110778008450545,-0.0017950944016575932,0.0008639689388719087
280.3000041767955,-2.476344585418701,11.356880187988281,9.722888946533203,-0.0006393534131348133,0.009866232052445412,1.4391438961029053,60.21552145872269,-0.0017925244380876393,0.0008701602770540914
280.4000041782856,0.7817023992538452,8.938117980957031,9.75098991394043,-0.007240063510835171,0.0040544806979596615,1.1937888860702515,67.36071895325644,-0.0017906629998662993,0.0008767235602014014
280.5000041797757,2.899462938308716,6.834719657897949,9.769550323486328,-0.0035943968687206507,0.0036546173505485058,1.0718567371368408,73.48218037423199,-0.0017893111954663254,0.0008837097791106058
280.60000418126583,2.5672414302825928,6.356727600097656,9.77674388885498,-0.004152588080614805,0.00495826406404376,0.9568510055541992,78.9320702752552,-0.0017884709439073276,0.0008910308649996538
280.70000418275595,0.537153959274292,4.2820587158203125,9.793851852416992,-0.008900193497538567,0.004717912990599871,0.6925967335700989,83.18927254341078,-0.001788003391183679,0.0008984450228000053
280.80000418424606,-1.4914448261260986,2.304175615310669,9.8031587600708,-0.007172764278948307,0.00344859273172915,0.4735444188117981,86.04846486205899,-0.0017877489854924988,0.0009057397908584639
280.9000041857362,-2.311854124069214,1.7116845846176147,9.805147171020508,-0.00539496261626482,0.0017260347958654165,0.33443352580070496,87.93707363927004,-0.0017876537204131182,0.0009128327888824036
281.0000041872263,-1.8994272947311401,1.2789299488067627,9.806687355041504,-0.004031485412269831,-0.00016165983106475323,0.24906626343727112,89.22756958105225,-0.0017876742812177326,0.0009197569826960781
281.1000041887164,-0.43511486053466797,0.30054494738578796,9.808978080749512,-0.0046298005618155,-0.0021114444825798273,0.12611183524131775,89.88574026985302,-0.0017877210227936757,0.0009266423851240402
281.2000041902065,1.4422227144241333,0.1327909529209137,9.809394836425781,-0.0019178108777850866,-0.002516846638172865,0.09894769638776779,90.22995448326499,-0.0017877798266994205,0.0009336571835524002
281.30000419169664,2.2472622394561768,0.2878758907318115,9.809585571289062,-0.001244323793798685,-0.0009731925674714148,0.0876225084066391,90.4845771053339,-0.0017878656337728671,0.0009408734778712108
281.40000419318676,1.2206093072891235,0.18621014058589935,9.810372352600098,-0.0009145763469859958,0.001134431455284357,0.0782369077205658,90.67399191139668,-0.0017879693973270605,0.0009481990186013742
281.5000041946769,-0.5780293345451355,0.1177229955792427,9.81063461303711,-0.0006761074182577431,0.002068630885332823,0.06992585957050323,90.80655222280829,-0.0017880826188161336,0.000955472403422479
281.600004196167,-1.7078007459640503,0.08565647900104523,9.809733390808105,-0.0005038706585764885,0.0014618458226323128,0.06472504884004593,90.89738690858029,-0.001788201049052418,0.000962592541709214
281.7000041976571,-1.6107549667358398,-0.33428066968917847,9.809245109558105,-0.001413622871041298,6.760319956811145e-05,0.02177763730287552,90.80596482653966,-0.0017882875415011767,0.0009695684802158444
281.8000041991472,-0.5142544507980347,-0.2396232634782791,9.809364318847656,-3.354259024490602e-05,-0.001417842460796237,0.029626160860061646,90.67329523210134,-0.0017883519653736357,0.0009764986366630118
281.90000420063734,0.9863370060920715,-0.030627524480223656,9.809593200683594,7.814608397893608e-05,-0.0019171495223417878,0.036376506090164185,90.5939489245133,-0.0017884146072759677,0.0009835174101803673
282.00000420212746,1.731658935546875,-0.02183866873383522,9.809802055358887,7.430362893501297e-05,-0.0008762411889620125,0.04065766558051109,90.54783148723737,-0.0017884769750509122,0.0009906915548486242
282.1000042036176,1.0691314935684204,-0.022381162270903587,9.810342788696289,8.038933447096497e-05,0.0007345070480369031,0.04434569552540779,90.51797673037525,-0.0017885379721178651,0.0009979616499409052
282.2000042051077,-0.2908506691455841,-0.013875902630388737,9.810445785522461,5.979540947009809e-05,0.0015757376095280051,0.04717731475830078,90.49896148372594,-0.0017885975984626157,0.0010052054957386141
282.3000042065978,-1.242228627204895,-0.17799650132656097,9.809959411621094,-0.00044688183697871864,0.0012007595505565405,0.03174213320016861,90.4193214780036,-0.001788640501999339,0.0010123380390444552
282.4000042080879,-1.2386114597320557,-0.13340045511722565,9.809492111206055,9.72364068729803e-05,0.0001459130144212395,0.038609493523836136,90.33580192483268,-0.0017886707949088532,0.001019359554002497
282.50000420957804,-0.4499731659889221,-0.025695255026221275,9.809568405151367,9.046547347679734e-05,-0.0009752145269885659,0.04274330288171768,90.2848418834352,-0.0017886986205297717,0.0010263406327104142
282.60000421106815,0.6438233852386475,-0.019401442259550095,9.809706687927246,7.411892875097692e-05,-0.0013762040762230754,0.044010501354932785,90.25483686241134,-0.001788724938364794,0.0010333796243528317
282.70000421255827,1.2074527740478516,-0.00392698310315609,9.809890747070312,8.133692608680576e-05,-0.0006889538490213454,0.045463621616363525,90.23643633278733,-0.0017887515303414148,0.0010405269714383793
282.8000042140484,0.8000032901763916,-0.00952241849154234,9.810266494750977,8.236955909524113e-05,0.00043944321805611253,0.04759739711880684,90.22566512446622,-0.0017887774369569343,0.0010477460757338933
282.9000042155385,-0.13835126161575317,-0.014561265707015991,9.810348510742188,4.061239815200679e-05,0.0010786299826577306,0.04883119463920593,90.21846610508102,-0.0017888019728502513,0.0010549526379382672
283.0000042170286,-0.8233065605163574,-0.08027778565883636,9.809999465942383,-0.0002020506508415565,0.000864677072968334,0.0418032705783844,90.18199972510233,-0.0017888192439414752,0.0010620853868521594
283.10000421851873,-0.8599295020103455,-0.05688830837607384,9.809732437133789,4.583562622428872e-05,0.00013101556396577507,0.04507681354880333,90.14401021293871,-0.0017888311692075831,0.0010691409642107298
283.20000422000885,-0.32076483964920044,-0.01328164990991354,9.809683799743652,2.9219021598692052e-05,-0.0006372323259711266,0.04645917937159538,90.12005673951948,-0.0017888418608293932,0.00107616782497811
283.30000422149897,0.40506604313850403,-0.004627868998795748,9.809802055358887,4.0278428059536964e-05,-0.0008985959575511515,0.04704836383461952,90.10614364418016,-0.0017888521412032787,0.0010832310783706021
283.4000042229891,0.7732350826263428,-0.016399139538407326,9.810009002685547,2.960470737889409e-05,-0.0004587546281982213,0.04713163524866104,90.09597349250602,-0.001788861187975499,0.0010903636902124603
283.5000042244792,0.5170957446098328,0.010386938229203224,9.810132026672363,8.312510180985555e-05,0.0002591665252111852,0.049654439091682434,90.09406786972758,-0.0017888711942362079,0.0010975427009379357
283.6000042259693,-0.06846822798252106,-0.025027994066476822,9.81027603149414,-6.47189881419763e-05,0.0006727706058882177,0.04711059853434563,90.0834059444332,-0.0017888788702720149,0.0011047155434218668
283.70000422745943,-0.5053488612174988,-0.02952652983367443,9.80998420715332,7.03319358308363e-07,0.0005512725911103189,0.0477764755487442,90.06820194334074,-0.0017888839419271108,0.0011118429465264209
283.80000422894955,-0.5356363654136658,-0.014559422619640827,9.809858322143555,7.05987804394681e-06,8.407999848714098e-05,0.0486784353852272,90.05689798026437,-0.001788887642874215,0.0011189223744189627
283.90000423043966,-0.19167041778564453,0.013927452266216278,9.809835433959961,4.062074367539026e-05,-0.0003917384601663798,0.050157710909843445,90.0548420933242,-0.0017888925774656173,0.0011259845997711976
284.0000042319298,0.24505728483200073,0.003511379938572645,9.809863090515137,-2.1194939563429216e-06,-0.000534965714905411,0.04938589036464691,90.05535435751194,-0.0017888977861986177,0.0011330688251849407
284.1000042334199,0.4554593563079834,-0.00043953373096883297,9.810018539428711,1.2773301023116801e-05,-0.0002708449901547283,0.049253128468990326,90.05534752732278,-0.0017889031320237336,0.0011401938980649111
284.20000423491,0.30547967553138733,-0.024081645533442497,9.810111999511719,-3.8508187572006136e-05,0.00015217126929201186,0.04748937115073204,90.04722643239964,-0.0017889062846734305,0.0011473463853517458
284.3000042364001,-0.03855021297931671,0.0012852319050580263,9.810128211975098,6.205897807376459e-05,0.0003988230018876493,0.0501399040222168,90.04437141332657,-0.001788909574401032,0.001154495377301705
284.40000423789024,-0.30393561720848083,-0.012383169494569302,9.810004234313965,-5.940783739788458e-05,0.00032782903872430325,0.048162251710891724,90.03691284675291,-0.0017889116304701247,0.001161617228988869
284.50000423938036,-0.31161582469940186,-0.021152403205633163,9.80994987487793,7.412649665639037e-06,4.210218321532011e-05,0.04891321063041687,90.02849805369546,-0.0017889119046259339,0.0011687109809089974
284.6000042408705,-0.10773444920778275,0.012555841356515884,9.809889793395996,2.8546215617097914e-05,-0.0002330346906092018,0.05004137009382248,90.02698175169972,-0.0017889132753481363,0.0011757951377867235
284.7000042423606,0.1475563943386078,0.018727628514170647,9.809911727905273,3.758598177228123e-05,-0.00030887575121596456,0.05103777348995209,90.0330469596827,-0.0017889162909341394,0.0011828924535797441
284.8000042438507,0.2640205919742584,-0.015186971984803677,9.81003189086914,-6.907137139933184e-05,-0.0001535750925540924,0.04789070785045624,90.02931767639586,-0.0017889179357979401,0.0011900134828347023
284.9000042453408,0.17279702425003052,-0.0025757558178156614,9.810073852539062,4.9946575018111616e-05,8.978279947768897e-05,0.04978979378938675,90.02689978942968,-0.0017889194435838363,0.0011971500012295385
285.00000424683094,-0.023624254390597343,0.003771731397137046,9.81005859375,1.6656523484925856e-06,0.0002309635019628331,0.049914292991161346,90.0272139781315,-0.0017889212255255416,0.0012042844635438599
285.10000424832106,-0.17884461581707,-0.0011543872533366084,9.810017585754395,-1.719840270197892e-06,0.0001886402751551941,0.050035908818244934,90.02729594040154,-0.0017889228703893423,0.001211402888430166
285.2000042498112,-0.1789426952600479,0.0013456546002998948,9.809947967529297,-4.0960967453429475e-06,2.1837891836185008e-05,0.050003908574581146,90.02730960077987,-0.0017889246523310476,0.0012185051388164223
285.3000042513013,-0.06262598931789398,-0.001209803274832666,9.809950828552246,-2.507696308384766e-06,-0.0001372883707517758,0.04983436316251755,90.02726861964486,-0.001788926434258542,0.0012256019063213055
285.4000042527914,0.09003505855798721,-0.012583659030497074,9.809961318969727,-3.9256727177416906e-05,-0.00017848079733084887,0.048216380178928375,90.0214971097962,-0.0017889269825559495,0.0012327064869321453
285.5000042542815,0.15267004072666168,-0.021356789395213127,9.810007095336914,-1.1242856999160722e-05,-8.675704157212749e-05,0.047730617225170135,90.01134744868956,-0.0017889256118195362,0.0012398250488904856
285.60000425577164,0.100184366106987,0.004989792127162218,9.810047149658203,5.832652095705271e-05,5.347443220671266e-05,0.049970678985118866,90.00884076926417,-0.0017889246523310476,0.0012469525205310568
285.70000425726175,-0.018662523478269577,0.021322879940271378,9.810039520263672,3.875165566569194e-05,0.000134412752231583,0.051357805728912354,90.01513820367892,-0.0017889257488974408,0.001254078347307216
285.80000425875187,-0.10129351168870926,0.008858511224389076,9.809999465942383,5.087507588541484e-07,0.00010931620636256412,0.0512516051530838,90.02296560046776,-0.0017889275308391461,0.0012611949902570758
285.900004260242,-0.10385670512914658,-0.022514138370752335,9.809989929199219,-7.557243952760473e-05,1.0029352779383771e-05,0.0482989102602005,90.01892895866827,-0.0017889272566975478,0.001268302312308602
286.0000042617321,-0.033806752413511276,0.002520140493288636,9.809961318969727,3.983427814091556e-05,-8.061531843850389e-05,0.04994567483663559,90.01644959999956,-0.0017889272566975478,0.0012754067558474072
286.1000042632222,0.0525362491607666,-4.846782758249901e-06,9.809961318969727,-2.726448656176217e-06,-0.00010236091475235298,0.04975157231092453,90.01669548680968,-0.0017889272566975478,0.0012825157227633452
286.20000426471233,0.08636226505041122,-1.4685877431475092e-05,9.810018539428711,2.0132429199293256e-06,-4.872604040428996e-05,0.049714602530002594,90.01669548680968,-0.0017889272566975478,0.0012896325027852394
286.30000426620245,0.05761226266622543,-6.3071729528019205e-06,9.810009002685547,1.357892301712127e-06,3.1552415748592466e-05,0.04976645112037659,90.01669548680968,-0.0017889272566975478,0.0012967544915444378
286.40000426769257,-0.008692696690559387,1.2994866665394511e-05,9.81005859375,1.3974060948385159e-06,7.794352131895721e-05,0.049844950437545776,90.01666133586383,-0.0017889272566975478,0.0013038755207993957
286.5000042691827,-0.061265669763088226,2.825194678734988e-05,9.809990882873535,-5.45038062682579e-07,6.269045115914196e-05,0.04989093542098999,90.01665450567465,-0.0017889272566975478,0.0013109913413170496
286.6000042706728,-0.05879702419042587,2.750610110524576e-05,9.809981346130371,-1.0427720553707331e-06,5.000083092454588e-06,0.04987671226263046,90.01663401510714,-0.0017889272566975478,0.0013181016789533307
286.7000042721629,-0.021263116970658302,0.020076192915439606,9.809990882873535,3.855712930089794e-05,-4.6914232370909303e-05,0.051269881427288055,90.02229624192908,-0.0017889290386250423,0.0013252102346531657
286.80000427365303,0.033782850950956345,-0.002503841184079647,9.80997085571289,-3.8659196434309706e-05,-5.9946989495074376e-05,0.04961387813091278,90.02426333641006,-0.0017889306835030538,0.0013323216688657215
286.90000427514315,0.04882821440696716,0.002490161219611764,9.8100004196167,4.995618382963585e-06,-2.7194841095479205e-05,0.04972811043262482,90.02384669487068,-0.0017889323283526437,0.0013394374893833754
287.00000427663326,0.03257666155695915,-0.001253075315617025,9.810029983520508,1.5809425804036437e-06,1.9167644495610148e-05,0.04978194087743759,90.02384669487068,-0.001788934110294349,0.0013465563254857842
287.1000042781234,-0.006205042824149132,0.0012630368582904339,9.810029983520508,1.0812446049612845e-07,4.5743301598122343e-05,0.04983200132846832,90.02371009108728,-0.0017889358922218435,0.001353674613300056
287.2000042796135,-0.03374817222356796,-0.0012255936162546277,9.80997085571289,-1.0671209338397603e-06,3.551791451172903e-05,0.04985886812210083,90.02368960051977,-0.0017889376741635488,0.0013607897484575382
287.3000042811036,-0.03626515716314316,0.0012754235649481416,9.810019493103027,-1.0082852668347186e-06,2.450042529744678e-06,0.04984975606203079,90.02366910995227,-0.001788939456119465,0.0013679017309582312
287.4000042825937,-0.01001567393541336,1.4580760762328282e-05,9.809931755065918,-5.254414077171532e-07,-2.8101017960580066e-05,0.04981667548418045,90.02366910995227,-0.0017889411009690548,0.0013750128910267182
287.50000428408384,0.018781056627631187,-0.001247270847670734,9.810078620910645,1.4781988966205972e-06,-3.441552689764649e-05,0.04978632181882858,90.02359397787139,-0.001788942882924971,0.001382125695959617
287.60000428557396,0.03005664423108101,0.001248115673661232,9.809961318969727,1.7813904378272127e-06,-1.5093862202775199e-05,0.04977988451719284,90.02355982692553,-0.0017889446648382545,0.001389241105261168
287.7000042870641,0.01754913292825222,-0.02255493588745594,9.810009956359863,-3.7863199395360425e-05,1.1457893378974404e-05,0.048347339034080505,90.01782246802273,-0.0017889445277745608,0.0013963580223550966
287.8000042885542,-0.0024659368209540844,-0.016326304525136948,9.810009956359863,-1.4396620827028528e-05,2.5417446522624232e-05,0.04792487621307373,90.00772061824028,-0.0017889427458186447,0.0014034748023769908
287.9000042900443,-0.02248702198266983,0.0012572749983519316,9.810009956359863,5.3256891987985e-05,2.047305133601185e-05,0.05008121579885483,90.00522076900405,-0.0017889411009690548,0.0014105896633904045
288.0000042915344,-0.018747154623270035,0.005007119383662939,9.809981346130371,-2.691132976906374e-06,7.829430046513153e-07,0.0498773530125618,90.00578767470516,-0.0017889401414663553,0.001417702742467372
288.10000429302454,-0.0024849181063473225,0.018839433789253235,9.8100004196167,5.624473487841897e-05,-1.6236397641478106e-05,0.05187441408634186,90.01392243000666,-0.001788940689749552,0.0014248155474002708
288.20000429451466,0.0062851146794855595,0.015070701017975807,9.809981346130371,-1.4301886039902456e-05,-1.8769716916722246e-05,0.05103562772274017,90.02246016646917,-0.0017889426087691618,0.0014319290376933413
288.3000042960048,0.016287684440612793,-0.021301772445440292,9.810019493103027,-7.374906999757513e-05,-9.069811312656384e-06,0.0481543242931366,90.01821178880542,-0.0017889426087691618,0.001439043898706755
288.4000042974949,0.013794096186757088,-0.0012433173833414912,9.8100004196167,4.05141654482577e-05,6.210262199601857e-06,0.049923866987228394,90.01569827919086,-0.0017889423346275635,0.0014461599933684776
288.500004298985,-0.003717603627592325,-0.0012385048903524876,9.810019493103027,-3.665354597615078e-06,1.558231633680407e-05,0.0498417392373085,90.01596465656849,-0.0017889421975496589,0.0014532758138861314
288.6000043004751,-0.011216558516025543,0.0025135844480246305,9.810019493103027,-4.5695108497056935e-07,1.1373856978025287e-05,0.049833573400974274,90.01596465656849,-0.0017889421975496589,0.0014603905378275108
288.70000430196524,-0.012487134896218777,1.3934862181486096e-05,9.809922218322754,4.256699526195007e-07,5.36872505563224e-07,0.04982706904411316,90.01597148675765,-0.0017889421975496589,0.0014675041651926156
288.80000430345535,-0.0024763194378465414,0.016318870708346367,9.810039520263672,3.87221880373545e-05,-9.515799320070073e-06,0.051265448331832886,90.02164737395793,-0.0017889435682718613,0.001474617655485686
288.90000430494547,0.010030265897512436,0.0025063264183700085,9.809981346130371,-3.96964096580632e-05,-1.1028118933609221e-05,0.049652956426143646,90.02362812881724,-0.0017889453502135666,0.0014817319682109624
289.0000043064356,0.002537928521633148,0.0012594369472935796,9.810019493103027,2.75777847491554e-06,-5.038236849941313e-06,0.04977598786354065,90.02321831746704,-0.0017889471321268502,0.0014888465550803075
289.1000043079257,3.058060974581167e-05,-0.022547367960214615,9.810019493103027,-3.933276457246393e-05,3.6039764381712303e-06,0.04835356026887894,90.0174194868617,-0.0017889469950631565,0.0014959611419496526
289.2000043094158,0.0012847513426095247,0.015067465603351593,9.809961318969727,7.746380288153887e-05,9.264595064450987e-06,0.05141972750425339,90.02106680787848,-0.0017889479545800668,0.0015030757288189975
289.30000431090593,-0.0012252251617610455,0.00626096036285162,9.810019493103027,-4.257747423253022e-05,6.61208878227626e-06,0.04969817399978638,90.02342322314215,-0.0017889497365217721,0.0015101903156883427
289.40000431239605,1.264134880329948e-05,-0.020049206912517548,9.810019493103027,-3.575926530174911e-05,-2.5916054369190533e-07,0.04834853112697601,90.01738533591585,-0.0017889495994438676,0.0015173049025576876
289.50000431388617,0.0012725528795272112,0.0012601165799424052,9.809961318969727,3.732974801096134e-05,-5.897107712371508e-06,0.049962177872657776,90.01528846784066,-0.0017889495994438676,0.0015244194894270327
289.6000043153763,-0.0012219331692904234,1.0791129170684144e-05,9.810039520263672,-2.702324763959041e-06,-6.670890343229985e-06,0.04983446002006531,90.01562314710999,-0.0017889495994438676,0.0015315340762963778
289.7000043168664,0.0012780664255842566,1.0109360118804034e-05,9.809961318969727,9.772073639169321e-08,-3.0680107556690928e-06,0.04981254041194916,90.01562314710999,-0.0017889495994438676,0.0015386486631657227
289.8000043183565,-0.0012219331692904234,1.0791108252306003e-05,9.810019493103027,2.72879020712935e-07,2.3511809104093118e-06,0.049812376499176025,90.01562314710999,-0.0017889495994438676,0.0015457632500350679
289.90000431984663,2.806668999255635e-05,1.0450265108374879e-05,9.810019493103027,8.390821903958567e-07,5.074221007816959e-06,0.04981691390275955,90.01562314710999,-0.0017889495994438676,0.0015528778369044128
290.00000432133675,0.0012784970458596945,0.013817460276186466,9.809961318969727,3.928328078472987e-05,3.720277391039417e-06,0.05127052217721939,90.02128537393193,-0.0017889508330881654,0.001559992423773758
290.10000432282686,-0.001226257300004363,0.0037609576247632504,9.810019493103027,-3.948273297282867e-05,3.6273851833357185e-07,0.049666665494441986,90.0232729589804,-0.0017889523408740615,0.001567107010643103
290.200004324317,2.3887758288765326e-05,0.0012604501098394394,9.8100004196167,2.7625876555248396e-06,-3.241012109356234e-06,0.04978781193494797,90.02286997781937,-0.0017889541228157668,0.001574221597512448
290.3000043258071,0.0012721078237518668,-0.020047873258590698,9.810019493103027,-3.875684706144966e-05,-3.6560677472152747e-06,0.04835546016693115,90.01707114721403,-0.0017889539857378622,0.001581336184381793
290.4000043272972,-0.001219267025589943,0.0012607775861397386,9.809961318969727,3.8248941564233974e-05,-1.6164680118890828e-06,0.0499609038233757,90.01501526027386,-0.0017889539857378622,0.001588450771251138
290.5000043287873,3.0405579309444875e-05,1.0450264198880177e-05,9.810019493103027,-2.795840373437386e-06,1.3620611980513786e-06,0.04983943700790405,90.01535676973235,-0.0017889539857378622,0.0015955652210484488
290.60000433027744,0.0012804055586457253,1.0115244549524505e-05,9.810019493103027,8.868603629252902e-08,2.5408517103642225e-06,0.04982045292854309,90.01535676973235,-0.0017889539857378622,0.0016026798079177937
290.70000433176756,-0.0012192139402031898,0.01381838507950306,9.809961318969727,3.9162085158750415e-05,2.8714964628306916e-06,0.05126912146806717,90.02108046825683,-0.001788955219396371,0.0016097943947871389
290.8000043332577,0.0012748984154313803,0.0037599466741085052,9.810019493103027,-3.750079122255556e-05,-1.1051962900410217e-07,0.04966532438993454,90.0230680533053,-0.0017889567271680562,0.001616908981656484
290.9000043347478,-0.0012237776536494493,0.0012609445257112384,9.8100004196167,1.4344708461067057e-06,-1.9817427983070957e-06,0.04978766292333603,90.02266507214426,-0.0017889585091239724,0.0016240235685258289
291.0000043362379,2.2179681764100678e-05,-0.020047660917043686,9.810019493103027,-3.854570604744367e-05,-2.217510655100341e-06,0.0483565628528595,90.01686624153893,-0.0017889583720460678,0.001631138155395174
291.100004337728,0.0012795589864253998,0.0012601270573213696,9.809981346130371,3.8637233956251293e-05,-9.009929158310115e-07,0.04996304214000702,90.01481035459875,-0.0017889583720460678,0.001638252742264519
291.20000433921814,-0.0012207638937979937,1.0780809134303126e-05,9.8100004196167,-3.314929927000776e-06,8.054851718952705e-07,0.049840085208415985,90.01515186405726,-0.0017889583720460678,0.001645367329133864
291.30000434070826,2.92360782623291e-05,1.045024509949144e-05,9.8100004196167,1.8458932800058392e-06,2.1075575205031782e-06,0.049820005893707275,90.01515186405726,-0.0017889583720460678,0.001652481916003209
291.4000043421984,0.00127923593390733,1.0119681064679753e-05,9.8100004196167,9.305115895585914e-07,1.2136896430092747e-06,0.04981675744056702,90.01515186405726,-0.0017889583720460678,0.001659596502872554
291.5000043436885,-0.0012192699359729886,0.013818380422890186,9.809981346130371,3.904607365257107e-05,-2.2087672846282658e-07,0.05126671493053436,90.02084141163587,-0.0017889596057045765,0.0016667110897418992
291.6000043451786,0.0012783912243321538,0.0037599517963826656,9.810019493103027,-3.928948717657477e-05,-9.30747376060026e-07,0.04966287314891815,90.02282899668435,-0.0017889611134762617,0.0016738256766112441
291.7000043466687,-0.0012219332857057452,1.0939480489469133e-05,9.8100004196167,4.361722403700696e-06,-1.3123612916388083e-06,0.049786388874053955,90.02242601552332,-0.0017889627583542733,0.0016809402634805893
291.80000434815884,2.8555870812851936e-05,0.0012604501098394394,9.8100004196167,1.1069612071423762e-07,-4.688412218456506e-07,0.049808233976364136,90.02242601552332,-0.0017889645402817678,0.0016880548503499342
291.90000434964895,0.0012785528087988496,0.0012599638430401683,9.8100004196167,-5.070482416158484e-07,6.393972853402374e-07,0.049813225865364075,90.02228941173992,-0.0017889661851597793,0.0016951694372192793
292.00000435113907,-0.0012219331692904234,1.0936493708868511e-05,9.810019493103027,2.7558763804336195e-07,8.427459761151113e-07,0.049814678728580475,90.02228941173992,-0.0017889679670872738,0.0017022840240886244
292.1000043526292,2.7580354071687907e-05,-0.0012395496014505625,9.809981346130371,-1.7528137163935753e-07,4.5483096755560837e-07,0.04981517046689987,90.02228941173992,-0.001788969749028979,0.0017093986109579693
292.2000043541193,0.0012700597289949656,-0.023799479007720947,9.809981346130371,-3.924965130863711e-05,-3.353866304678377e-07,0.048364050686359406,90.01649741132374,-0.0017889692007457825,0.0017165131978273144
292.3000043556094,-0.0012224720558151603,0.0025107653345912695,9.810019493103027,3.877172639477067e-05,-6.792985232095816e-07,0.04996580630540848,90.01444835457275,-0.0017889690636678779,0.0017236277846966594
292.40000435709953,0.0012775426730513573,0.002510127378627658,9.8100004196167,-2.3026652797852876e-06,-7.615120125592512e-07,0.0498405322432518,90.01479669422041,-0.0017889690636678779,0.0017307423715660045
292.50000435858965,-0.0012231026776134968,1.07730493255076e-05,9.8100004196167,1.0770241942736902e-06,-2.951074691281974e-07,0.04981865733861923,90.01479669422041,-0.0017889690636678779,0.0017378569584353496
292.60000436007977,2.689719076442998e-05,1.045024509949144e-05,9.8100004196167,-2.6645171402606138e-08,1.8730020201473963e-07,0.049815043807029724,90.01479669422041,-0.0017889690636678779,0.0017449715453046945
292.7000043615699,0.001276897150091827,1.012744087347528e-05,9.8100004196167,1.2091177268303e-06,5.645521241604001e-07,0.049815066158771515,90.01479669422041,-0.0017889690636678779,0.0017520861321740396
292.80000436306,-0.0012231026776134968,1.07730493255076e-05,9.8100004196167,7.421567715937272e-07,3.7064452840240847e-07,0.04981517046689987,90.01479669422041,-0.0017889690636678779,0.0017592007190433846
292.9000043645501,3.18017446261365e-05,0.013817925937473774,9.8100004196167,3.988966273027472e-05,9.196207884087926e-08,0.0512658953666687,90.02043843047484,-0.0017889702972979649,0.0017663153059127297
293.00000436604023,0.0012783646816387773,0.0037599606439471245,9.8100004196167,-3.916163768735714e-05,-2.83799749922764e-07,0.049662597477436066,90.02241918533414,-0.0017889718051122827,0.0017734298927820748
293.10000436753035,-0.00122550455853343,-0.006239068694412708,9.8100004196167,2.908546775870491e-06,-1.4725938513038273e-07,0.04978727549314499,90.02201620417311,-0.0017889729016928868,0.0017805444796514197
293.20000436902046,3.025986734428443e-05,0.008760449476540089,9.8100004196167,-3.3919275210791966e-07,1.419638451238825e-08,0.049809232354164124,90.02201620417311,-0.0017889746836203813,0.0017876590665207648
293.3000043705106,0.001270653330720961,-0.02629832737147808,9.810019493103027,-3.862637822749093e-05,6.8853882595476534e-09,0.048362478613853455,90.01618322262193,-0.0017889741353229738,0.0017947736533901098
293.4000043720007,-0.0012218693736940622,0.005010758526623249,9.809961318969727,3.769632530747913e-05,5.400316638315417e-09,0.04996588081121445,90.01413416587093,-0.0017889739982450692,0.0018018882402594549
293.5000043734908,0.0012821800773963332,0.01506748516112566,9.810019493103027,3.573763387976214e-05,-2.89468626846201e-08,0.05129236727952957,90.02017888328639,-0.0017889752319035779,0.0018090028271287998
293.6000043749809,-0.001227069995366037,-0.013798417523503304,9.8100004196167,-7.648197060916573e-05,-2.23785860953285e-08,0.04821708798408508,90.01653156226959,-0.0017889752319035779,0.001816117413998145
293.70000437647104,2.6280826205038466e-05,-0.0024895495735108852,9.8100004196167,4.258272747392766e-05,-3.612259433793952e-07,0.04993971437215805,90.01412733568175,-0.0017889749577619796,0.00182323200086749
293.80000437796116,0.0012775256764143705,0.0025101357605308294,9.8100004196167,-3.002592848133645e-06,-3.153700447455776e-07,0.04983595013618469,90.01440737343772,-0.0017889749577619796,0.001830346587736835
293.9000043794513,-0.0012231026776134968,1.076454373105662e-05,9.8100004196167,1.0237896930220813e-07,-1.742981226016127e-07,0.04981815814971924,90.01440737343772,-0.0017889749577619796,0.00183746117460618
294.0000043809414,2.6897192583419383e-05,1.0450244189996738e-05,9.8100004196167,5.835375418428157e-07,-1.6767035049269907e-07,0.04981503635644913,90.01440737343772,-0.0017889749577619796,0.001844575761475525
294.1000043824315,0.001276897150091827,1.0135944648936857e-05,9.8100004196167,9.629848136682995e-07,5.535048686056143e-08,0.049814559519290924,90.01440737343772,-0.0017889749577619796,0.0018516903483448701
294.2000043839216,-0.0012231026776134968,1.076454373105662e-05,9.8100004196167,6.700794870084792e-07,8.091297587498048e-08,0.04981468617916107,90.01440737343772,-0.0017889749577619796,0.0018588049352142152
294.30000438541174,0.001281703938730061,0.013817488215863705,9.8100004196167,3.91724897781387e-05,2.4262541842290375e-07,0.051265448331832886,90.02002861912464,-0.0017889761914062774,0.0018659195220835601
294.40000438690186,-0.0012270183069631457,-0.013796741142868996,9.8100004196167,-7.741579611320049e-05,-1.2932413540056586e-07,0.048212066292762756,90.01631299621616,-0.0017889761914062774,0.0018730341089529053
294.500004388392,2.59874650510028e-05,-0.0037395497784018517,9.8100004196167,4.142615580349229e-05,-1.6765665122875362e-07,0.049939192831516266,90.01390193943914,-0.001788975917264679,0.0018801486958222502
294.6000043898821,2.7825135475723073e-05,0.003760450053960085,9.8100004196167,-2.7578346362133743e-06,2.2491842344152246e-07,0.04983591288328171,90.01417514700594,-0.001788975917264679,0.0018872632826915953
294.7000043913722,0.002526897005736828,9.83161498879781e-06,9.8100004196167,1.6724165163850557e-08,-2.741720095400524e-07,0.04981829971075058,90.01417514700594,-0.001788975917264679,0.0018943778695609404
294.8000043928623,3.166922033415176e-05,0.013817925937473774,9.8100004196167,3.882836608681828e-05,-4.132840274451155e-07,0.051266126334667206,90.01988518515208,-0.0017889771509231878,0.0019014924564302853
294.90000439435244,-0.0024726255796849728,0.0012614043662324548,9.8100004196167,-3.806081076618284e-05,2.14409325849374e-07,0.049662865698337555,90.02187277020055,-0.0017889785216311793,0.0019086070432996305
295.00000439584255,0.002521393122151494,-0.020048828795552254,9.8100004196167,-3.6081215512240306e-05,-1.8975457294345688e-07,0.048336952924728394,90.01576658108256,-0.0017889779733621936,0.0019157216301689754
295.10000439733267,3.238732097088359e-05,0.016317924484610558,9.8100004196167,7.781817112118006e-05,-3.526632781358785e-07,0.05141186714172363,90.01935926058599,-0.0017889790699285868,0.0019228362170383205
295.2000043988228,-0.0024712085723876953,0.005011396482586861,9.8100004196167,-4.1324277844978496e-05,-1.0012170292839073e-07,0.049688130617141724,90.02170201547129,-0.0017889804406507892,0.0019299508039076656
295.3000044003129,0.0025207458529621363,-0.02254987135529518,9.8100004196167,-3.6378518416313455e-05,-4.949062031300855e-07,0.048341505229473114,90.015664128245,-0.0017889798923533817,0.0019370653907770105
295.400004401803,2.7785061320173554e-05,0.003760450053960085,9.8100004196167,3.9038550312398e-05,-3.105191694885434e-07,0.04996196925640106,90.01356726016981,-0.001788979755289688,0.0019441799776463557
295.50000440329313,-0.002472496125847101,0.0025110566057264805,9.8100004196167,-3.951363396481611e-06,-5.224844912277149e-08,0.04984024912118912,90.01390193943914,-0.001788979755289688,0.0019512945645157006
295.60000440478325,0.002526897005736828,9.843733096204232e-06,9.8100004196167,-1.132832139205675e-07,4.893363581004451e-08,0.04981906712055206,90.01390193943914,-0.001788979755289688,0.0019584091513850455
295.70000440627337,2.6897192583419383e-05,1.0450244189996738e-05,9.8100004196167,1.0133464911632473e-06,-3.91288807577439e-07,0.04981522262096405,90.01390193943914,-0.001788979755289688,0.0019655237382543906
295.8000044077635,3.1598839996149763e-05,0.013817925937473774,9.8100004196167,3.835969982901588e-05,4.9516142297534316e-08,0.05126535892486572,90.01959148701776,-0.001788980988919775,0.0019726383251237357
295.9000044092536,-0.0024731026496738195,1.1391714906494599e-05,9.8100004196167,-3.846486288239248e-05,-1.9321169020258822e-07,0.04966259002685547,90.02157907206623,-0.0017889822225782837,0.001979752911993081
296.0000044107437,0.002521815709769726,-0.013740472495555878,9.8100004196167,2.4449113880109508e-06,3.0363636938091076e-07,0.049787625670433044,90.0211760909052,-0.0017889822225782837,0.001986867498862426
296.10000441223383,2.689719076442998e-05,1.0450244189996738e-05,9.8100004196167,-9.950357480192906e-07,-2.2312474357022438e-07,0.04980938881635666,90.0211760909052,-0.0017889822225782837,0.0019939820857317707
296.20000441372395,-0.0024731026496738195,1.1368078048690222e-05,9.8100004196167,-2.946372319456714e-07,-3.266034411808505e-07,0.049813635647296906,90.02103265693263,-0.0017889822225782837,0.002001096672601116
296.30000441521406,0.002526897005736828,9.532412150292657e-06,9.8100004196167,3.5851752500093426e-07,1.4461333819326683e-07,0.049814239144325256,90.02103265693263,-0.0017889822225782837,0.002008211259470461
296.4000044167042,2.6897192583419383e-05,1.045024509949144e-05,9.8100004196167,5.445870669973374e-07,9.550481649966969e-08,0.049814216792583466,90.02103265693263,-0.0017889822225782837,0.002015325846339806
296.5000044181943,-0.0024731026496738195,1.1368078048690222e-05,9.8100004196167,-2.4071812276815763e-07,-1.1297502311435892e-07,0.049814075231552124,90.02103265693263,-0.0017889822225782837,0.002022440433209151
296.6000044196844,0.002526896772906184,9.537801815895364e-06,9.8100004196167,-6.358589530464087e-07,-3.4846794960685656e-07,0.04981403052806854,90.02090971352757,-0.0017889822225782837,0.002029555020078496
296.7000044211745,2.6897192583419383e-05,1.045024509949144e-05,9.8100004196167,-8.762789320826414e-07,-4.883997917204397e-07,0.049814142286777496,90.02090971352757,-0.0017889822225782837,0.002036669606947841
296.80000442266464,-0.0024731026496738195,1.1362688383087516e-05,9.8100004196167,-1.0117847750734654e-06,-3.505259371650027e-07,0.04981420189142227,90.02090971352757,-0.0017889822225782837,0.002043784193817186
296.90000442415476,0.0025378898717463017,0.02381676621735096,9.8100004196167,3.8911668525543064e-05,1.7482595637829945e-07,0.05126502364873886,90.02651729883615,-0.0017889842786473764,0.0020508987806865313
297.0000044256449,2.6897188945440575e-05,1.0450242371007334e-05,9.8100004196167,-3.767387170228176e-05,-1.8517580713250936e-07,0.049662619829177856,90.02850488388464,-0.0017889864718227955,0.0020580133675558764
297.100004427135,-0.0024818992242217064,-0.022546736523509026,9.8100004196167,-3.5645764000946656e-05,-5.774510896117135e-07,0.04833661764860153,90.02239869476664,-0.0017889866088864892,0.002065127954425221
297.2000044286251,0.002527782227844,0.00250956485979259,9.8100004196167,3.8448732084361836e-05,-5.61729052606097e-07,0.0499609038233757,90.02028816631311,-0.001788987020105992,0.002072242541294566
297.3000044301152,2.9146471206331626e-05,0.006260449532419443,9.8100004196167,-3.824643499683589e-06,-1.1524482346203513e-07,0.049839623272418976,90.02062284558244,-0.0017889878425449979,0.0020793571281639113
297.40000443160534,2.3298342057387345e-05,-0.009989549405872822,9.8100004196167,4.635872699054744e-07,1.945969501093714e-07,0.04981885850429535,90.02062284558244,-0.0017889878425449979,0.0020864717150332565
297.50000443309546,-0.0024731026496738195,1.1349957276252098e-05,9.8100004196167,9.395740221407323e-07,-1.5251961826834304e-07,0.04981493949890137,90.02062284558244,-0.0017889878425449979,0.0020935863019026016
297.60000443458557,0.002526896772906184,9.550532922730781e-06,9.8100004196167,1.4774443570786389e-06,1.9274665419288795e-07,0.049814373254776,90.02062284558244,-0.0017889878425449979,0.0021007008887719463
297.7000044360757,2.689719076442998e-05,1.045024509949144e-05,9.8100004196167,1.5672376321163028e-06,-2.0670283618073881e-07,0.04981396347284317,90.02062284558244,-0.0017889878425449979,0.0021078154756412914
297.8000044375658,-0.0024605044163763523,0.02756906859576702,9.8100004196167,3.91010325984098e-05,3.843068441256037e-07,0.051264964044094086,90.02625092145853,-0.0017889903098335935,0.0021149300625106365
297.9000044390559,0.002532819053158164,0.010071669705212116,9.8100004196167,1.218225861521205e-06,1.1460692661557914e-07,0.05111372470855713,90.03393488427479,-0.001788993599561195,0.0021220446493799817
298.00000444054604,2.3019674699753523e-05,-0.006234322674572468,9.8100004196167,-3.655522232293151e-05,-1.3544526211717312e-07,0.049636684358119965,90.03554680891891,-0.0017889964780692935,0.002129159236249327
298.10000444203615,-0.0024807550944387913,-0.012482790276408195,9.8100004196167,1.1852389434352517e-06,8.48662295993563e-08,0.04978320002555847,90.03507552586618,-0.001788998122947305,0.0021362738231186715
298.20000444352627,0.0025276620872318745,0.0012641444336622953,9.8100004196167,-1.3215058061177842e-06,2.7101401656182134e-07,0.04980926215648651,90.03507552586618,-0.0017889999048747995,0.0021433884099880166
298.3000044450164,2.689719076442998e-05,1.0450243280502036e-05,9.8100004196167,-1.3070567774775554e-06,8.990777899953173e-08,0.04981366544961929,90.03493209189361,-0.0017890016868165048,0.0021505029968573617
298.4000044465065,-0.0024775618221610785,-0.00879674218595028,9.8100004196167,-4.0444985643262044e-05,-4.6707731371498085e-07,0.04836328327655792,90.02920156317997,-0.001789002783382898,0.002157617583726707
298.5000044479966,0.0025298588443547487,0.006259264424443245,9.8100004196167,3.791170456679538e-05,-8.800500239658504e-08,0.049965426325798035,90.02715250642896,-0.001789004291183005,0.002164732170596052
298.60000444948673,2.0960220354027115e-05,-0.017575349658727646,9.8100004196167,-5.7478911912767217e-05,-2.8548689101626223e-07,0.04778885096311569,90.01944122285602,-0.001789004291183005,0.0021718467574653967
298.70000445097685,-0.002474190667271614,-0.0037440492305904627,9.8100004196167,5.428137592389248e-05,1.0286431262329643e-07,0.05003299564123154,90.01662718491798,-0.0017890040170414068,0.002178961344334742
298.80000445246696,0.0025261484552174807,-0.0038034957833588123,9.8100004196167,-4.179197640041821e-05,-6.286987286330259e-07,0.048401616513729095,90.01143624114877,-0.0017890033316660947,0.002186075931204087
298.9000044539571,2.689719076442998e-05,5.225122094998369e-06,9.8100004196167,4.034640733152628e-05,5.160658247405081e-07,0.0499727725982666,90.00948963723532,-0.0017890025092412998,0.002193190518073432
299.0000044554472,-0.0024718132335692644,0.007505654823035002,9.8100004196167,-2.0080867670912994e-06,-1.470069719289313e-07,0.04984205216169357,90.00985163726132,-0.0017890025092412998,0.002200305104942777
299.1000044569373,0.0025268972385674715,4.7953012654033955e-06,9.8100004196167,1.5459232827197411e-06,-2.046890728024664e-07,0.049819350242614746,90.00985163726132,-0.0017890025092412998,0.002207419691812122
299.20000445842743,2.6897192583419383e-05,5.225122094998369e-06,9.8100004196167,2.318266069778474e-06,1.057133758308737e-07,0.04981522262096405,90.00985163726132,-0.0017890025092412998,0.002214534278681467
299.30000445991755,2.9271672246977687e-05,0.008817926980555058,9.8100004196167,4.01476354454644e-05,3.068692251417815e-07,0.05126548558473587,90.01554801502911,-0.0017890034687439993,0.002221648865550812
299.40000446140766,-0.002473867731168866,-0.0024887844920158386,9.8100004196167,-3.8983667764114216e-05,-5.282136612549948e-07,0.04966314136981964,90.0175356000776,-0.0017890040170414068,0.0022287634524201573
299.5000044628978,0.0025234052445739508,-0.01754869893193245,9.8100004196167,-3.5927929275203496e-05,2.7223634901929472e-08,0.04833705723285675,90.0114294109596,-0.0017890029204465918,0.002235878039289502
299.6000044643879,2.7100584702566266e-05,0.0012604502262547612,9.8100004196167,4.0003254980547354e-05,-1.0856138032977469e-07,0.04996129870414734,90.00932571269523,-0.0017890020980360077,0.002242992626158847
299.700004465878,-0.002471206709742546,0.011260870844125748,9.8100004196167,-3.385124045962584e-06,-2.5963021244024276e-07,0.04984024912118912,90.0096535617754,-0.0017890022351139123,0.002250107213028192
299.8000044673681,0.0025292476639151573,0.008817254565656185,9.8100004196167,3.9449631003662944e-05,2.567927595009678e-07,0.051269859075546265,90.0153909206782,-0.0017890030575244964,0.0022572217998975373
299.90000446885824,2.5759085474419408e-05,-0.003739549545571208,9.8100004196167,-3.951703547500074e-05,-4.7279885961870605e-07,0.049663953483104706,90.01739216610503,-0.0017890036058219039,0.0022643363867668824
300.00000447034836,-0.0024756970815360546,-0.008738808333873749,9.8100004196167,3.6826338600803865e-06,-1.048764417532766e-07,0.04978816956281662,90.016989184944,-0.0017890034687439993,0.002271450973636227
300.1000044718385,0.0025276383385062218,0.0025097087491303682,9.8100004196167,1.1057235269618104e-06,-1.0074907663693011e-07,0.04980987310409546,90.016989184944,-0.0017890034687439993,0.0022785655605055723
300.2000044733286,2.689719076442998e-05,1.045024509949144e-05,9.8100004196167,-1.8023955590251717e-06,-1.8996097139734047e-07,0.049813613295555115,90.01685258116059,-0.0017890034687439993,0.0022856801473749174
300.3000044748187,-0.0024731026496738195,1.118563159252517e-05,9.8100004196167,1.3072251192625117e-07,1.1750538675414646e-07,0.0498143807053566,90.01685258116059,-0.0017890034687439993,0.0022927947342442625
300.4000044763088,0.002526897005736828,9.71485860645771e-06,9.8100004196167,-2.6669627573028265e-07,-1.1857070347787158e-07,0.04981452226638794,90.01685258116059,-0.0017890034687439993,0.002299909458185642
300.50000447779894,2.689719076442998e-05,1.045024509949144e-05,9.8100004196167,7.880941552684817e-07,-2.408424109034968e-07,0.049814485013484955,90.01685258116059,-0.0017890034687439993,0.002307024045054987
300.60000447928905,-0.0024731026496738195,1.1180450201209169e-05,9.8100004196167,2.9782430033264973e-07,-5.338962978385098e-07,0.049814373254776,90.0167364679447,-0.0017890034687439993,0.0023141386319243317
300.70000448077917,0.002526897005736828,9.720038178784307e-06,9.8100004196167,8.363734309568827e-07,-3.6838133610217483e-07,0.049814268946647644,90.0167364679447,-0.0017890034687439993,0.002321253218793677
300.8000044822693,2.689719076442998e-05,1.0450244189996738e-05,9.8100004196167,-4.057849878336128e-08,1.8818306912748994e-08,0.04981440305709839,90.0167364679447,-0.0017890034687439993,0.002328367805663022
300.9000044837594,-0.0024731026496738195,1.1180450201209169e-05,9.8100004196167,-1.1603327010334397e-07,1.7027872445396497e-07,0.0498146191239357,90.0167364679447,-0.0017890034687439993,0.002335482392532367
301.0000044852495,0.0025346879847347736,0.02006695047020912,9.8100004196167,3.927962825400755e-05,2.2566702284620987e-07,0.051265306770801544,90.0223167324966,-0.0017890052506999155,0.0023425969794017122
301.10000448673964,2.583670720923692e-05,-0.0024895495735108852,9.8100004196167,-3.844442107947543e-05,8.579168024880346e-07,0.049662671983242035,90.02430431754507,-0.0017890067584716007,0.002349711566271057
301.20000448822975,2.7940081054111943e-05,0.002510450081899762,9.8100004196167,1.5018667909316719e-06,-1.1408638300736129e-07,0.04978785663843155,90.02390133638404,-0.001789008540413306,0.002356826153140402
301.30000448971987,-0.0024736239574849606,-0.0012385067529976368,9.8100004196167,-3.587490198242449e-07,-2.2608881522501179e-07,0.049809373915195465,90.02390133638404,-0.0017890103223550113,0.002363940740009747
301.40000449121,0.0025274152867496014,0.0012594133149832487,9.8100004196167,2.1647215575626433e-08,-5.448249567052699e-07,0.04981335997581482,90.02376473260064,-0.001789012104268295,0.0023710553268790923
301.5000044927001,2.689719076442998e-05,1.045024509949144e-05,9.8100004196167,4.968301254848484e-07,-9.78962830799901e-08,0.04981399327516556,90.02376473260064,-0.0017890137491463065,0.002378169913748437
301.6000044941902,-0.002473620930686593,-0.0012385128065943718,9.8100004196167,-5.1083549834629594e-08,2.9470217555171985e-07,0.04981432855129242,90.02376473260064,-0.0017890155310880118,0.002385284500617782
301.70000449568033,0.0025274152867496014,0.0012594133149832487,9.8100004196167,-1.8200277906998963e-07,-4.063049630076421e-08,0.049814172089099884,90.02376473260064,-0.0017890173130155063,0.0023923990874871273
301.80000449717045,2.6381454517832026e-05,-0.0012395496014505625,9.8100004196167,4.213252111640031e-07,-4.62819457425212e-07,0.04981425404548645,90.02364178919558,-0.0017890190949430007,0.0023995136743564724
301.90000449866056,-0.0024725869297981262,0.001261481549590826,9.8100004196167,1.5108798834262416e-07,-5.877442390556098e-07,0.0498141273856163,90.02364178919558,-0.0017890208768989169,0.0024066282612258175
302.0000045001507,0.002526896772906184,9.41877078730613e-06,9.8100004196167,-5.8733093943885706e-09,1.0949334949827971e-07,0.04981414973735809,90.02364178919558,-0.0017890225217627176,0.002413742848095162
302.1000045016408,2.066673550871201e-05,-0.02004946582019329,9.8100004196167,-3.92345646105241e-05,2.901830384871573e-07,0.04836338013410568,90.01784978877942,-0.0017890225217627176,0.0024208574349645073
302.2000045031309,-0.0024731026496738195,1.1139884918520693e-05,9.8100004196167,3.845816172542982e-05,-1.3431869660962548e-07,0.04996576905250549,90.01580756221757,-0.0017890225217627176,0.0024279720218338525
302.30000450462103,0.0025261924602091312,-0.0024902543518692255,9.8100004196167,-2.6675027129385853e-06,-3.1346073114946194e-07,0.04984124004840851,90.01614907167608,-0.0017890223846990239,0.0024350866087031976
302.40000450611115,2.760187999228947e-05,0.002510450081899762,9.8100004196167,8.655050010020204e-07,-2.785877484257071e-07,0.04981937259435654,90.01614907167608,-0.0017890223846990239,0.0024422011955725427
302.50000450760126,-0.0024731026496738195,1.1154931598866824e-05,9.8100004196167,6.343735208247381e-07,-1.2790039249921392e-07,0.0498153418302536,90.01614907167608,-0.0017890223846990239,0.0024493157824418874
302.6000045090914,0.002524846000596881,-0.011300889775156975,9.8100004196167,-3.815052696154453e-05,-1.1198989113836433e-07,0.04836375266313553,90.01044586371911,-0.001789021288104209,0.0024564303693112325
302.7000045105815,2.708053943933919e-05,0.001255225040949881,9.8100004196167,3.9056394598446786e-05,-7.351715680670168e-07,0.04996605962514877,90.00840363715729,-0.0017890204656652031,0.0024635449561805777
302.8000045120716,2.84243214991875e-05,0.010010450147092342,9.8100004196167,-1.935352656801115e-06,1.7758853232408e-07,0.04984109848737717,90.00875197680496,-0.0017890204656652031,0.002470659543049923
302.9000045135617,-0.0024731026496738195,1.083202823792817e-05,9.8100004196167,4.532020909664425e-07,-4.5891331978964445e-07,0.04981926828622818,90.00875197680496,-0.0017890204656652031,0.002477774129919268
303.00000451505184,0.0025284758303314447,0.006317294202744961,9.8100004196167,3.967004522564821e-05,4.830927196053381e-07,0.05126620829105377,90.01446884514026,-0.0017890210139626106,0.0024848887167886126
303.10000451654196,3.173185177729465e-05,0.012573149986565113,9.8100004196167,-1.7622301129449625e-07,1.4981954166159994e-07,0.051113881170749664,90.0221596381457,-0.001789022795890105,0.0024920033036579577
303.2000045180321,-0.0024725839029997587,0.0012667124392464757,9.8100004196167,-3.612098953453824e-05,-2.471344942023279e-07,0.04963608831167221,90.02377156278982,-0.0017890244407681166,0.002499117890527303
303.3000045195222,0.002519984496757388,-0.022546814754605293,9.8100004196167,-3.599602496251464e-05,-1.7390600248745613e-07,0.048332348465919495,90.0176039019693,-0.001789024303690212,0.002506232477396648
303.4000045210123,2.7572667022468522e-05,0.002510450081899762,9.8100004196167,3.853948874166235e-05,5.60343380584527e-07,0.04996010661125183,90.01547971313741,-0.001789024303690212,0.002513347064265993
303.5000045225024,-0.0024731026496738195,1.1140153219457716e-05,9.8100004196167,-3.388075583643513e-06,5.085190082354529e-07,0.049839988350868225,90.01581439240675,-0.001789024303690212,0.002520461651135338
303.60000452399254,0.002526897005736828,9.760336979525164e-06,9.8100004196167,-4.49860294793325e-07,1.7305639232745307e-07,0.049819111824035645,90.01581439240675,-0.001789024303690212,0.002527576238004683
303.70000452548265,2.6897192583419383e-05,1.045024509949144e-05,9.8100004196167,8.952986831900489e-07,-3.0992194410828233e-07,0.04981513321399689,90.01581439240675,-0.001789024303690212,0.002534690824874028
303.80000452697277,-0.0024731026496738195,1.1140153219457716e-05,9.8100004196167,1.0579987019809778e-06,-2.3149546279910282e-07,0.04981447011232376,90.01581439240675,-0.001789024303690212,0.002541805411743373
303.9000045284629,0.002526897005736828,9.760336979525164e-06,9.8100004196167,-1.153482685367635e-06,-9.144077495193415e-08,0.04981457442045212,90.01581439240675,-0.001789024303690212,0.0025489199986127183
304.000004529953,2.6897192583419383e-05,1.045024509949144e-05,9.8100004196167,-7.229172069855849e-07,1.2245791936038586e-08,0.04981457442045212,90.01581439240675,-0.001789024303690212,0.002556034585482063
304.1000045314431,-0.0024731026496738195,1.1140153219457716e-05,9.8100004196167,1.2805558071704581e-06,-3.9611373381376325e-07,0.04981445521116257,90.01581439240675,-0.001789024303690212,0.002563149172351408
304.20000453293324,0.0025320297572761774,0.01381699275225401,9.8100004196167,3.9028502214932814e-05,3.9542817376059247e-07,0.05126531422138214,90.02138782676948,-0.001789025537320299,0.0025702637592207533
304.30000453442335,3.5776934964815155e-05,0.017573149874806404,9.8100004196167,-2.3776416924192745e-07,-3.466093119186553e-07,0.0511137917637825,90.02907178958574,-0.0017890284158568193,0.0025773783460900984
304.40000453591347,-0.0024784577544778585,-0.009982983581721783,9.8100004196167,-3.633442975115031e-05,-1.752633949081428e-07,0.049636393785476685,90.03068371422987,-0.0017890303348622183,0.0025844929329594435
304.5000045374036,0.002526237629354,-0.0012356427032500505,9.8100004196167,2.3067480015015462e-06,2.4700207745809166e-07,0.04978274554014206,90.03021243117713,-0.001789031979726019,0.002591607519828788
304.6000045388937,2.1572714103967883e-05,-0.012546034529805183,9.8100004196167,-4.038019687868655e-05,2.1094294311296835e-07,0.048357635736465454,90.02440677038263,-0.0017890328021650248,0.0025987221066981333
304.7000045403838,2.7872265491168946e-05,0.002510450081899762,9.8100004196167,3.7933423300273716e-05,6.253013111745531e-07,0.049964793026447296,90.02234405325328,-0.0017890336245898197,0.0026058366935674785
304.80000454187393,-0.03851752728223801,-0.0075186449103057384,9.869284629821777,4.360409366199747e-05,-0.002032926771789789,0.048014383763074875,90.01806152464368,-0.0017890337616535135,0.0026129474424198625
304.90000454336405,0.04184615984559059,-0.0025000034365803003,9.768030166625977,0.0001533099712105468,9.97443639789708e-05,0.0498993806540966,90.01590318486596,-0.0017890337616535135,0.002620061755145139
305.00000454485416,0.009204736910760403,-0.0024909849744290113,9.791237831115723,0.00011530100891832262,0.0001506773551227525,0.049834951758384705,90.01621737356778,-0.0017890336245898197,0.0026271766161585527
305.1000045463443,0.004098876845091581,0.002510448219254613,9.80825138092041,0.00011663075565593317,9.197626786772162e-05,0.049824170768260956,90.01624469432446,-0.0017890336245898197,0.0026342912030278974
305.2000045478344,0.03735371679067612,0.002493015257641673,9.863126754760742,3.349921462358907e-05,0.0010820304742082953,0.0496876984834671,90.01869673223649,-0.0017890337616535135,0.0026414090796260665
305.3000045493245,-0.03780774399638176,-0.002466864651069045,9.76674747467041,-1.7084429373426246e-06,-0.00011436555359978229,0.04980318248271942,90.0188333360199,-0.0017890337616535135,0.0026485236664954112
305.40000455081463,-0.002677488373592496,2.1703286620322615e-05,9.800849914550781,-6.1324408306973055e-06,-0.00011504966096254066,0.04982198774814606,90.01884699639824,-0.0017890337616535135,0.0026556382533647564
305.50000455230474,0.002405949169769883,1.4853581888019107e-05,9.809814453125,-6.636166290263645e-06,-6.979445606702939e-05,0.04982151836156845,90.01882650583072,-0.0017890337616535135,0.0026627528402341015
305.60000455379486,-0.0025337873958051205,0.018824225291609764,9.81104564666748,3.495078271953389e-05,-4.26970400440041e-05,0.051267534494400024,90.024502393031,-0.0017890355436094296,0.002669867152959378
305.700004555285,-9.873190720099956e-06,0.001265676342882216,9.81070327758789,-4.077523044543341e-05,-2.5264635041821748e-05,0.049661412835121155,90.0264831478903,-0.001789037325536924,0.0026769817398287227
305.8000045567751,-0.10267242789268494,6.251814920688048e-05,9.810516357421875,-1.984853270187159e-06,0.0003923200420103967,0.050390154123306274,90.02618261956682,-0.0017890391074786294,0.0026840870057997343
305.9000045582652,-0.6758574843406677,-0.0009306241408921778,9.810371398925781,-2.2261558115133084e-05,0.0009381670970469713,0.05128783360123634,90.02622360070184,-0.0017890407523282192,0.0026911314117875076
306.0000045597553,-1.3968751430511475,0.001903880387544632,9.809958457946777,-4.819303285330534e-05,0.0010472455760464072,0.05224072188138962,90.02642850637694,-0.0017890425342841354,0.0026980508080799805
306.10000456124544,-1.7652069330215454,-0.00041681056609377265,9.809514045715332,-7.329318759730086e-05,0.0006201140931807458,0.053311124444007874,90.02674269507877,-0.0017890443162116298,0.00270481174910078
306.20000456273556,-1.6229617595672607,0.002022345084697008,9.80931568145752,-8.16647443571128e-05,-4.900915519101545e-05,0.05405589938163757,90.02694760075387,-0.0017890460981533352,0.0027114271196211318
306.3000045642257,-1.1151070594787598,0.000535227416548878,9.809490203857422,-7.07925864844583e-05,-0.0005849157460033894,0.05417579039931297,90.0270295630239,-0.0017890478800808296,0.0027179427017004986
306.4000045657158,-0.5919546484947205,-0.0009618379990570247,9.809765815734863,-5.245394277153537e-05,-0.0006667469278909266,0.05415095388889313,90.02696809132138,-0.0017890495249588412,0.002724405099830549
306.5000045672059,-0.3839895725250244,-0.014901791699230671,9.810059547424316,-7.103525422280654e-05,-0.0002795239561237395,0.05322319641709328,90.02160639282292,-0.0017890499361641332,0.0027308332299520195
306.600004568696,-0.6239908337593079,-0.0047739967703819275,9.810052871704102,3.0342944228323177e-06,0.00024253627634607255,0.055459097027778625,90.01983737382788,-0.0017890497991004395,0.0027372054346834875
306.70000457018614,-1.0643980503082275,-0.0047640674747526646,9.809942245483398,-7.934992027003318e-05,0.0005083175492472947,0.05485056713223457,90.01515186405726,-0.0017890492508172429,0.0027434822372790686
306.80000457167625,-1.3573552370071411,0.00532977469265461,9.809684753417969,-2.1924159227637574e-05,0.00038313475670292974,0.057049620896577835,90.01372435452072,-0.0017890491137251274,0.002749637319908174
306.90000457316637,-1.3500441312789917,0.0015908899949863553,9.809572219848633,-6.460757867898792e-05,1.4240876225812826e-05,0.05746889114379883,90.01427076965432,-0.0017890491137251274,0.00275567123085894
307.0000045746565,-1.0598511695861816,0.00027192142442800105,9.809599876403809,-5.681764741893858e-05,-0.0003517311706673354,0.057620879262685776,90.01444835457275,-0.0017890491137251274,0.0027616102879619566
307.1000045761466,-0.6894227862358093,0.00018384492432232946,9.80978775024414,-4.602746048476547e-05,-0.00046658393694087863,0.05766578018665314,90.01444835457275,-0.0017890491137251274,0.0027674873885054608
307.2000045776367,-0.5140570998191833,0.0001393074489897117,9.80990982055664,-3.1144285458140075e-05,-0.00025922839995473623,0.057989079505205154,90.01440737343772,-0.0017890491137251274,0.002773318706989502
307.30000457912683,-0.6089943647384644,0.00016313782543875277,9.810054779052734,-2.5931547497748397e-05,9.636874165153131e-05,0.058610472828149796,90.01440054324856,-0.0017890491137251274,0.0027790951966598153
307.40000458061695,-0.8917242288589478,0.0002353672607569024,9.809922218322754,-3.164801455568522e-05,0.00032499374356120825,0.05931005999445915,90.0144825055186,-0.0017890491137251274,0.002784791910406154
307.50000458210707,-1.1295428276062012,0.0002987622865475714,9.809823989868164,-3.7961395719321445e-05,0.0002871741307899356,0.05993516743183136,90.01465326024784,-0.0017890491137251274,0.0027903871908470964
307.6000045835972,-1.154699683189392,0.000308994174702093,9.809673309326172,-4.3037864088546485e-05,4.121862366446294e-05,0.06035788357257843,90.0148445055446,-0.0017890491137251274,0.0027958791189741615
307.7000045850873,-0.9645899534225464,0.00026162955327890813,9.809687614440918,-3.917118738172576e-05,-0.00023390578280668706,0.06050645187497139,90.01495378857132,-0.0017890491137251274,0.0028012846917196046
307.8000045865774,-0.6917869448661804,0.0001904716482385993,9.809805870056152,-3.172903598169796e-05,-0.0003488356596790254,0.060563866049051285,90.01494695838215,-0.0017890491137251274,0.002806628033761467
307.90000458806753,-0.5314943790435791,0.0001482830848544836,9.809948921203613,-1.951244666997809e-05,-0.0002201477182097733,0.060836248099803925,90.01489914705796,-0.0017890491137251274,0.0028119236747353856
308.00000458955765,-0.5864160060882568,0.00016237350064329803,9.809964179992676,-1.1997779438388534e-05,4.8094731027958915e-05,0.06137146055698395,90.01487865649045,-0.0017890491137251274,0.002817166954192194
308.10000459104776,-0.791577935218811,0.0002162834716727957,9.809981346130371,-1.3143249816494063e-05,0.00024146710347849876,0.06198178231716156,90.01492646781465,-0.0017890491137251274,0.0028223392303352245
308.2000045925379,-0.9868234992027283,0.0002692794078029692,9.809856414794922,-2.028661583608482e-05,0.00022930186241865158,0.06250562518835068,90.01505624140887,-0.0017890491137251274,0.0028274229579440847
308.300004594028,-1.0169594287872314,0.0002798140048980713,9.80971908569336,-2.0024419427500106e-05,4.110335430596024e-05,0.06283988803625107,90.01520650557062,-0.0017890491137251274,0.0028324156697221562
308.4000045955181,-0.8643757104873657,0.00024060315627139062,9.80977725982666,-2.0366069293231703e-05,-0.00018654801533557475,0.06294288486242294,90.01528846784066,-0.0017890491137251274,0.0028373307987288026
308.5000045970082,-0.654124915599823,0.0001843945065047592,9.809814453125,-1.3822255823470186e-05,-0.0002932972274720669,0.06297697871923447,90.01527480746232,-0.0017890491137251274,0.00284218726090476
308.60000459849834,-0.4938741624355316,0.00014122022548690438,9.80997085571289,-3.1096649308892665e-06,-0.00019028634415008128,0.06321574002504349,90.01521333575978,-0.0017890491137251274,0.002846999585885666
308.70000459998846,-0.5463115572929382,0.00015479722060263157,9.809957504272461,2.376313432250754e-06,4.1227634937968105e-05,0.06370369344949722,90.01517235462477,-0.0017890491137251274,0.0028517628390782863
308.8000046014786,-0.7289525270462036,0.00020347570534795523,9.80997085571289,4.981020538252778e-06,0.00021271481818985194,0.06425129622220993,90.01519967538144,-0.0017890491137251274,0.00285646084598257
308.9000046029687,-0.8941642045974731,0.007855888456106186,9.809906959533691,2.319440318387933e-05,0.00020139508706051856,0.06572677195072174,90.01949586436939,-0.0017890497991004395,0.0028610788028188105
309.0000046044588,-0.9192769527435303,0.01048760674893856,9.809764862060547,-4.231301033996715e-07,2.968040826090146e-05,0.06623651832342148,90.02653778940366,-0.0017890513068863356,0.0028656139681463217
309.1000046059489,0.27954134345054626,-0.014064562506973743,9.808294296264648,-0.00012038787826895714,0.0002259769826196134,0.06246083229780197,90.06012182955261,-0.0017890517180916277,0.002870174354728148
309.20000460743904,-0.08066751062870026,0.03165814280509949,9.813430786132812,0.00023561189300380647,0.002791554667055607,0.04961877688765526,90.16512915785239,-0.0017890548707413245,0.002874727887708258
309.30000460892916,-0.6157802939414978,0.023128056898713112,9.793891906738281,-0.00010305839532520622,-0.00018237726180814207,-0.005045448429882526,90.16768364860198,-0.0017890599424248421,0.0028792257694424347
309.4000046104193,-0.7063521146774292,-0.014618022367358208,9.807650566101074,-7.91173370089382e-05,0.0010500045027583838,-0.00570831960067153,90.13267892910567,-0.0017890635063082527,0.002883660872184892
309.5000046119094,-1.612235426902771,0.0043335906229913235,9.829086303710938,-1.79660946741933e-05,0.000847436545882374,-0.00366124976426363,90.10899183306407,-0.0017890670701632416,0.0028879509527150395
309.6000046133995,-1.5451098680496216,-2.2729585907654837e-05,9.811485290527344,-2.6993609935743734e-05,-0.00018193114374298602,-0.0028253167401999235,90.09162949219389,-0.0017890706340466522,0.0028921025904905234
309.7000046148896,-0.4079701006412506,0.32887551188468933,9.807979583740234,0.00046401770669035614,-0.0017782404320314527,0.02462736703455448,90.20049587737472,-0.0017891033942731838,0.0028962174929608097
309.80000461637974,1.0804510116577148,0.07026083767414093,9.808335304260254,-0.00037083032657392323,-0.0012884581228718162,0.01242397353053093,90.28518339289371,-0.001789142871004401,0.002900429168287326
309.90000461786985,0.27237358689308167,-0.023771975189447403,9.809738159179688,-0.00013299938291311264,0.0011101998388767242,0.009275908581912518,90.34223596303083,-0.0017891804287444302,0.0029046657907240885
310.00000461935997,-1.491458773612976,0.0028034476563334465,9.809849739074707,-5.5721786338835955e-05,0.0015689564170315862,0.00747684296220541,90.3873630228771,-0.001789217301123358,0.0029087686308553544
310.1000046208501,-1.6596697568893433,0.012426996603608131,9.809088706970215,-2.5518778784316964e-05,0.0001738273276714608,0.007665195036679506,90.42397966701753,-0.0017892541734880751,0.0029127220624692116
310.2000046223402,-0.6792499423027039,0.005485104396939278,9.809331893920898,-1.1806726433860604e-05,-0.0009142033522948623,0.009111162275075912,90.45415544277066,-0.001789291045881214,0.0029166149082439
310.3000046238303,0.12168052047491074,0.009065734222531319,9.809767723083496,-3.815049240074586e-06,-0.0007074284949339926,0.008122619241476059,90.47836163318918,-0.0017893287406849367,0.0029205189939254016
310.40000462532043,-0.16572265326976776,0.009010003879666328,9.81028938293457,-1.2378883411656716e-06,0.0004466345999389887,0.008424917235970497,90.49905027618514,-0.0017893671208639716,0.00292440772753906
310.50000462681055,-1.0965834856033325,-0.0025925927329808474,9.81008529663086,-9.469668839301448e-06,0.0008233141852542758,0.008797088637948036,90.51564763586828,-0.0017894044044481916,0.0029281983175761454
310.60000462830067,-1.2719357013702393,0.006774233188480139,9.809651374816895,-5.17154057888547e-06,-5.716868690797128e-05,0.008863517083227634,90.52930118401913,-0.0017894411397634258,0.0029318751378247447
310.7000046297908,-0.325023889541626,1.32008957862854,9.808801651000977,0.0030932147055864334,-0.0016688224859535694,0.12930728495121002,91.03303446549674,-0.0017895956199254215,0.002935520431505451
310.8000046312809,2.219545364379883,0.6314801573753357,9.808591842651367,-0.0011250682873651385,-0.0035679168067872524,0.08380137383937836,91.54583140800297,-0.0017898117825296822,0.002939363383059646
310.900004632771,4.326842784881592,0.04911515489220619,9.807513236999512,-0.00024708182900212705,-0.0031207194551825523,0.07323402166366577,91.96804638173647,-0.0017900454903525542,0.0029435942484709672
311.00000463426113,4.509913444519043,2.3693807125091553,9.834441184997559,0.008230364881455898,0.0014836433110758662,0.32828983664512634,93.24059258637989,-0.0017905134542814949,0.002948217139900443
311.10000463575125,2.30045747756958,2.052037239074707,9.778127670288086,-0.0007263765437528491,0.001085216412320733,0.25327780842781067,94.74873250606456,-0.0017911811321482674,0.002953030013169487
311.20000463724136,3.5849103927612305,2.96089768409729,9.794669151306152,0.00862335879355669,0.0013979420764371753,0.48508965969085693,96.92003598283327,-0.001792149957282163,0.0029581301894224653
311.3000046387315,3.8081746101379395,3.293139934539795,9.802618980407715,-0.0005457571242004633,-0.00017954297072719783,0.41341379284858704,99.4317834085921,-0.0017934650263953245,0.002963518765235653
311.4000046402216,4.307213306427002,4.227957725524902,9.795844078063965,0.011172553524374962,0.001603438751772046,0.6720237135887146,102.7075899458544,-0.0017952331185711046,0.002969201497634491
311.5000046417117,4.2230048179626465,6.656552791595459,9.783604621887207,0.005487367045134306,0.002590941032394767,0.8001204133033752,107.09161516651878,-0.0017976808138655542,0.0029750709221440736
311.6000046432018,4.590152740478516,6.081543445587158,9.78242301940918,0.004830305464565754,0.0030235284939408302,0.8533720374107361,111.85699033911249,-0.0018007856325112925,0.0029811207334508208
311.70000464469194,3.7413411140441895,8.21640396118164,9.764363288879395,0.014531402848660946,0.00842191930860281,1.1449750661849976,117.65636052939774,-0.0018046957493709215,0.002987126681706586
311.80000464618206,1.3965575695037842,10.632721900939941,9.745481491088867,0.005707033909857273,0.011529642157256603,1.2551982402801514,124.62800291712146,-0.0018094585913388528,0.002992695918461007
311.9000046476722,-1.4986956119537354,10.976522445678711,9.736027717590332,0.005999928340315819,0.014505434781312943,1.3835617303848267,132.2555893519765,-0.0018148562138975421,0.0029975068727215704
312.0000046491623,-2.900360107421875,10.770922660827637,9.735452651977539,-0.0005666115321218967,0.011648943647742271,1.3095084428787231,139.88947322124633,-0.0018206743734765496,0.0030014145222759647
312.1000046506524,-3.1532983779907227,11.37382984161377,9.721899032592773,0.007522825617343187,0.013001633808016777,1.4667853116989136,147.81530669639918,-0.0018267939544500678,0.0030043122250814893
312.2000046521425,-1.401453971862793,11.819687843322754,9.72049617767334,-0.0015545906499028206,0.008123890496790409,1.3845391273498535,155.89464184295886,-0.001833230171811806,0.003006195868977115
312.30000465363264,2.2060866355895996,8.336081504821777,9.756189346313477,-0.006532118655741215,0.0035895854234695435,1.1437199115753174,162.93312446190032,-0.001840074041410844,0.003007427324133446
312.40000465512276,3.7610621452331543,5.552596092224121,9.780261993408203,-0.007303648162633181,0.0030425437726080418,0.9000932574272156,168.55669241313862,-0.0018473470835544958,0.003008241257873238
312.5000046566129,1.8717577457427979,3.9758338928222656,9.79421615600586,-0.007268989458680153,0.004478235729038715,0.6771131753921509,172.87894540294943,-0.001854830668335694,0.0030087256704425247
312.600004658103,-1.0137312412261963,2.670448064804077,9.802257537841797,-0.007088081911206245,0.004048745147883892,0.45628002285957336,175.9463287176888,-0.0018622402342032274,0.0030089666430788593
312.7000046595931,-2.35518217086792,1.7854052782058716,9.804988861083984,-0.005510260816663504,0.0023477806244045496,0.29864490032196045,177.98055029781534,-0.0018694440549751334,0.003009042032697735
312.8000046610832,-2.4102094173431396,1.305829405784607,9.806422233581543,-0.004267171025276184,0.0007024917285889387,0.1993546038866043,179.33589205557766,-0.001876433220928675,0.0030089992662230276
312.90000466257334,-1.4516810178756714,0.9033665657043457,9.807753562927246,-0.0030867503955960274,-0.0012911781668663025,0.13719241321086884,180.2624481976249,-0.0018832917572240149,0.0030088767238243453
313.00000466406345,0.5354971289634705,-0.09537658095359802,9.809471130371094,-0.004223030060529709,-0.0029198750853538513,0.021817224100232124,180.6218254309943,-0.0018901986799733095,0.0030087632281799283
313.10000466555357,2.3277852535247803,-0.12452149391174316,9.809440612792969,-0.001261186902411282,-0.002225808333605528,0.01627255044877529,180.75304702532858,-0.0018973147746379482,0.0030086579568575707
313.2000046670437,2.20582914352417,0.18415021896362305,9.809895515441895,-0.0007925268146209419,0.00010309065692126751,0.015716684982180595,180.86999352429754,-0.0019046283900934213,0.003008533495450408
313.3000046685338,0.3607293367385864,0.09823194146156311,9.810805320739746,-0.0006267973221838474,0.0020541506819427013,0.009942663833498955,180.9638949650069,-0.001911974080400114,0.0030083999872889803
313.4000046700239,-1.4122445583343506,0.06154072284698486,9.810189247131348,-0.0004307983908802271,0.0021092176903039217,0.0045649269595742226,181.02908229044547,-0.001919192979073614,0.003008263189398729
313.50000467151403,-1.9992564916610718,0.04063093662261963,9.809392929077148,-0.00028797099366784096,0.0009652251610532403,0.0011765756644308567,181.07174365200137,-0.0019262324504580874,0.003008126117364409
313.60000467300415,-1.3469407558441162,0.028821468353271484,9.80910587310791,-0.00018149905372411013,-0.0007044529775157571,-0.0006323825218714774,181.0993239558699,-0.001933150887253987,0.003007989045330089
313.70000467449427,0.18714872002601624,-0.43211597204208374,9.809405326843262,-0.0013020978076383471,-0.0020613581873476505,-0.04550999402999878,180.94709269964864,-0.0019400871434100964,0.00300789007932131
313.8000046759844,1.6823558807373047,-0.3038588762283325,9.809538841247559,0.00018179428298026323,-0.0018060053698718548,-0.03138460963964462,180.77102408322406,-0.0019471745900148107,0.003007816334566846
313.9000046774745,1.7995388507843018,-0.02913796901702881,9.809957504272461,0.00021089325309731066,-0.00013122757081873715,-0.019565390422940254,180.6644184906585,-0.0019544235074704375,0.0030077434122445876
314.0000046789646,0.5110454559326172,-0.04339635372161865,9.8106050491333,0.00011570961214601994,0.0014665607595816255,-0.01434557419270277,180.5990672406798,-0.0019617182069993078,0.003007673779651153
314.10000468045473,-0.9555867314338684,-0.033655643463134766,9.810260772705078,8.954049553722143e-05,0.0017315928125753999,-0.011555598117411137,180.5556818790719,-0.001968927373553697,0.0030076079850746796
314.20000468194485,-1.544292688369751,-0.021126389503479004,9.809650421142578,8.143705781549215e-05,0.0008707129745744169,-0.009308713488280773,180.52676285812606,-0.001975997823222997,0.0030075454802270295
314.30000468343496,-1.1007351875305176,-0.1949526071548462,9.80936050415039,-0.00038385827792808414,-0.00045120317372493446,-0.02446892112493515,180.44103032366405,-0.001982969581021621,0.0030075007947438412
314.4000046849251,0.07365382462739944,-0.11366907507181168,9.809557914733887,0.00015297567006200552,-0.0015073916874825954,-0.01777060516178608,180.35499726087858,-0.0019899481924312568,0.003007466526735261
314.5000046864152,1.1906758546829224,-0.03673195838928223,9.809709548950195,0.00012852170038968325,-0.0013588647125288844,-0.012533645145595074,180.30132563438062,-0.0019970335829384567,0.0030074350001673676
314.6000046879053,1.319038987159729,-0.018977880477905273,9.81008529663086,7.830474351067096e-05,-0.00017474339983891696,-0.009710541926324368,180.26688782058542,-0.002004237266632458,0.00300740429603168
314.7000046893954,0.43350017070770264,-0.0295867919921875,9.810399055480957,4.872481804341078e-05,0.000994930393062532,-0.008453922346234322,180.24229913957336,-0.0020114800158665957,0.0030073763333366785
314.80000469088554,-0.6275827288627625,-0.002713799476623535,9.810221672058105,5.1674316637218e-05,0.0012536650756374002,-0.007365864235907793,180.22556517610684,-0.0020186662914056797,0.003007348644785746
314.90000469237566,-1.0862815380096436,-0.07424712181091309,9.809844970703125,-0.00011342688230797648,0.0006524381460621953,-0.01232055388391018,180.19181038122863,-0.0020257551087325965,0.003007327809836529
315.0000046938658,-0.7788057327270508,-0.04811596870422363,9.80959415435791,7.386194192804396e-05,-0.00030472376965917647,-0.009474649094045162,180.15950358645446,-0.00203277415639036,0.0030073116353364795
315.1000046953559,0.042002201080322266,-0.020287340506911278,9.809670448303223,5.0889793783426285e-05,-0.0010200197575613856,-0.00770381186157465,180.13848026418918,-0.002039797042044711,0.0030072973798449102
315.200004696846,0.79304438829422,-0.004364132881164551,9.809858322143555,3.3921387512236834e-05,-0.0009109012316912413,-0.006599798332899809,180.1251204141726,-0.0020468909310551453,0.00300728339849741
315.3000046983361,0.863554835319519,-0.004353225231170654,9.810102462768555,2.8815149562433362e-05,-0.00012775631330441684,-0.00563071621581912,180.11704713057367,-0.002054062402805812,0.003007269417149909
315.40000469982624,0.2857373058795929,-0.005638569593429565,9.810271263122559,-1.4253775589168072e-05,0.0006457573035731912,-0.006426782347261906,180.1083591299494,-0.0020612595070446105,0.0030072559840905455
315.50000470131636,-0.4025161862373352,0.005737721920013428,9.810155868530273,5.953805521130562e-05,0.0008209538063965738,-0.004436023533344269,180.1065422996302,-0.0020684204242513715,0.003007242002743045
315.6000047028065,-0.7006970643997192,-0.028953194618225098,9.809924125671387,-7.251778151839972e-05,0.0004153721674811095,-0.0075390455313026905,180.0969253932788,-0.0020755184253857806,0.003007230762836231
315.7000047042966,-0.4882686138153076,-0.029408127069473267,9.80971908569336,1.944006362464279e-05,-0.00021701358491554856,-0.006836339831352234,180.08157112802462,-0.0020825727005728822,0.003007222264370103
315.8000047057867,0.04472138732671738,-0.017619160935282707,9.809854507446289,2.9541493859142065e-05,-0.0006436467519961298,-0.005766510497778654,180.07662607106553,-0.0020896310878839586,0.0030072151366243183
315.9000047072768,0.495405375957489,0.034370988607406616,9.809885025024414,3.724824637174606e-05,-0.0005504816072061658,-0.004397630225867033,180.07403059918093,-0.002096733749496593,0.0030072049932937787
316.00000470876694,0.5256620049476624,0.004328370094299316,9.810111999511719,1.0979201761074364e-06,-5.934010914643295e-05,-0.004536058753728867,180.07133950464794,-0.002103883700939946,0.0030071945758191705
316.10000471025705,0.16045361757278442,-0.0001996755599975586,9.810158729553223,2.726796083152294e-06,0.000397708237869665,-0.004587399307638407,180.07403059918093,-0.002111048044952213,0.003007184158344562
316.20000471174717,-0.24756690859794617,-0.04734565317630768,9.810107231140137,-7.460219785571098e-05,0.0004966228152625263,-0.007545731961727142,180.06256954175365,-0.002118190046232371,0.0030071778530309833
316.3000047132373,-0.42540648579597473,-0.029742926359176636,9.809965133666992,1.5051686204969883e-05,0.00023620350111741573,-0.006847369950264692,180.04847203130674,-0.002125293941460882,0.003007174289158091
316.4000047147274,-0.27790576219558716,0.0026355981826782227,9.809813499450684,2.599583240225911e-05,-0.00014916702639311552,-0.005759230814874172,180.03957912500738,-0.0021323728896049943,0.00300717045114113
316.5000047162175,0.04237643629312515,-0.005028720945119858,9.809931755065918,3.632419975474477e-05,-0.0003798892430495471,-0.004413732327520847,180.03957912500738,-0.002139455675745694,0.0030071668872682375
316.60000471770763,0.2977370619773865,0.007268458604812622,9.809944152832031,-3.885282785631716e-05,-0.0003063004114665091,-0.006028684787452221,180.03427889821145,-0.0021465651909551298,0.003007163049251277
316.70000471919775,0.29539474844932556,0.009869903326034546,9.810067176818848,7.997755892574787e-05,-2.0945815776940435e-05,-0.00296312035061419,180.03957912500738,-0.002153701023985377,0.003007158114658041
316.80000472068787,0.08026715368032455,0.007449634373188019,9.810115814208984,-4.059926141053438e-05,0.0002355616306886077,-0.004733294248580933,180.03957912500738,-0.002160844395973527,0.0030071523576325997
316.900004722178,-0.15502765774726868,-0.02488270401954651,9.810029983520508,4.1299499571323395e-06,0.0002849163138307631,-0.0046502635814249516,180.03957912500738,-0.0021679735124706667,0.003007149067903776
317.0000047236681,-0.2427176684141159,0.002677351236343384,9.809985160827637,1.2395321391522884e-06,0.00012627879914361984,-0.004640674218535423,180.03957912500738,-0.0021750809716110098,0.003007145504030884
317.1000047251582,-0.1552211493253708,-0.0023828595876693726,9.809918403625488,9.308714652433991e-07,-9.686684643384069e-05,-0.004632885567843914,180.03957912500738,-0.0021821745864372133,0.0030071419401579915
317.20000472664833,0.03995468094944954,0.0024829059839248657,9.809942245483398,1.004213117994368e-06,-0.00022104568779468536,-0.004623031243681908,180.03957912500738,-0.0021892716280831337,0.0030071383762850993
317.30000472813845,0.1651531606912613,-0.00010317564010620117,9.809979438781738,8.827046258375049e-07,-0.00017017906066030264,-0.0046088676899671555,180.03957912500738,-0.0021963836105669543,0.003007134812412207
317.40000472962856,0.16773328185081482,-0.0026048868894577026,9.81004524230957,6.457435119955335e-07,-3.507244400680065e-06,-0.004600614309310913,180.03957912500738,-0.0022035106709950014,0.0030071315226833832
317.5000047311187,0.050158411264419556,0.002476021647453308,9.81005859375,-6.162008503451943e-07,0.0001395989820593968,-0.00460778595879674,180.03957912500738,-0.0022106421177170432,0.0030071279588104907
317.6000047326088,-0.09999996423721313,7.927417755126953e-05,9.810029983520508,-2.717861207202077e-07,0.00016248751489911228,-0.004621024243533611,180.03957912500738,-0.002217764791836885,0.0030071243949375986
317.7000047340989,-0.1375853568315506,0.03767627477645874,9.809988975524902,3.966443182434887e-05,6.688119901809841e-05,-0.0031774546951055527,180.0442509743997,-0.002224874992393211,0.003007117267191814
317.800004735589,-0.08261492103338242,7.830560207366943e-05,9.809930801391602,-3.898485374520533e-05,-6.182814104249701e-05,-0.004785850178450346,180.04847203130674,-0.002231977653977424,0.003007110413590098
317.90000473707914,0.02248954214155674,-7.893890142440796e-06,9.809990882873535,1.8243736121803522e-06,-0.00012881148722954094,-0.004645956680178642,180.04847203130674,-0.002239082371673362,0.003007103285844313
318.00000473856926,0.10260608792304993,0.0024270042777061462,9.809968948364258,-1.7454585758969188e-06,-9.463959577260539e-05,-0.004615228623151779,180.04847203130674,-0.0022461964102404863,0.003007096432242597
318.1000047400594,0.09264528006315231,-0.002564847469329834,9.810076713562012,-1.6498006516485475e-08,2.5431775156903313e-06,-0.004607522860169411,180.04847203130674,-0.0022533188102045187,0.0030070893044968124
318.2000047415495,0.025098225101828575,-9.901821613311768e-06,9.809981346130371,-1.0367875802330673e-06,8.328470721608028e-05,-0.004611100070178509,180.04847203130674,-0.002260443129188161,0.0030070821767510278
318.3000047430396,-0.059994131326675415,5.928799510002136e-05,9.810039520263672,-1.0684016160666943e-06,9.307749132858589e-05,-0.004618021659553051,180.04847203130674,-0.002267562239424592,0.003007075323149312
318.4000047445297,-0.0875554159283638,0.002581685781478882,9.809981346130371,-5.266374500934035e-07,3.462316090008244e-05,-0.004622088745236397,180.04847203130674,-0.0022746736736536377,0.0030070681954035275
318.50000474601984,-0.037559498101472855,-0.002459019422531128,9.809951782226562,-1.0564326657913625e-07,-3.860718061332591e-05,-0.004620600491762161,180.04847203130674,-0.002281781543970851,0.0030070613418018114
318.60000474750996,0.017487933859229088,-0.03006177395582199,9.810039520263672,-3.8678186683682725e-05,-7.438851025654003e-05,-0.006068131420761347,180.03957912500738,-0.0022888909221023823,0.003007056955496713
318.7000047490001,0.05507076531648636,-0.005083557218313217,9.809951782226562,7.481467036996037e-07,-5.244189378572628e-05,-0.005903161596506834,180.03427889821145,-0.002296005508966914,0.003007053117479752
318.8000047504902,0.05509361997246742,-0.0050778575241565704,9.810049057006836,-1.5065497791511007e-06,3.911563453584677e-06,-0.005874493159353733,180.01979889717103,-0.002303124893359154,0.00300704955360686
318.9000047519803,0.0075644226744771,-0.002497970126569271,9.809990882873535,3.665481199277565e-05,4.957947749062441e-05,-0.004419549833983183,180.0279814637967,-0.0023102449630982846,0.003007046538022105
319.0000047534704,0.006307712756097317,0.005000980570912361,9.755423545837402,8.112285286188126e-06,0.0028052956331521273,-0.004634407348930836,180.0279814637967,-0.002317365855276421,0.0030070429741492124
319.10000475496054,-0.08438809216022491,3.935396671295166e-05,9.842873573303223,1.6604406482656486e-05,-3.009399188158568e-05,-0.004620654974132776,180.0279814637967,-0.002324479619701947,0.0030070394102763203
319.20000475645065,-0.04923785850405693,-0.0024703145027160645,9.832449913024902,1.415559381712228e-05,-0.00017387709522154182,-0.004615779034793377,180.0279814637967,-0.0023315892719750764,0.0030070358464034277
319.30000475794077,0.008429696783423424,0.0025051170960068703,9.812406539916992,1.121884270105511e-05,-0.0001441597705706954,-0.004614884965121746,180.0279814637967,-0.00233870002082881,0.003007032556674604
319.4000047594309,0.012630300596356392,5.027279257774353e-06,9.7594633102417,-4.2316969484090805e-06,-0.0015400625998154283,-0.004568205680698156,180.0279814637967,-0.002345812140390535,0.0030070289928017116
319.500004760921,0.06291922926902771,-0.0025159791111946106,9.848299026489258,-3.8781072362326086e-06,0.00010579332592897117,-0.004628556314855814,180.0279814637967,-0.002352929742826859,0.0030070254289288195
319.6000047624111,0.007767995819449425,0.0025072917342185974,9.8212890625,-2.100132405757904e-07,0.00015655923925805837,-0.004619592800736427,180.01979889717103,-0.0023600478935605906,0.003007021865055927
319.70000476390123,-0.024863051250576973,-0.0024789851158857346,9.810479164123535,1.1033189366571605e-06,0.00010694369120756164,-0.004618357867002487,180.01979889717103,-0.0023671641253173448,0.003007018301183035
319.80000476539135,-0.027432933449745178,0.0075822863727808,9.809004783630371,3.836566611425951e-05,5.254906136542559e-05,-0.0031665926799178123,180.03427889821145,-0.0023742776155870615,0.0030070144631660738
319.90000476688147,-0.007465583737939596,-0.007485374342650175,9.809189796447754,-3.8286892959149554e-05,6.636768375756219e-06,-0.0047785197384655476,180.03427889821145,-0.0023813905575877925,0.00300701117343725
320.0000047683716,0.002546980045735836,0.002509074518457055,9.809560775756836,2.022861735895276e-06,-1.434506157238502e-05,-0.0046433028765022755,180.03427889821145,-0.0023885034995885235,0.0030070076095643577
320.1000047698617,0.022544223815202713,-0.002501918002963066,9.809717178344727,1.066143340722192e-06,-9.87087423709454e-06,-0.004618661943823099,180.03427889821145,-0.002395618634736252,0.0030070040456914656
320.2000047713518,0.012561009265482426,0.0025035999715328217,9.809931755065918,-1.1480533430585638e-06,7.48742968426086e-06,-0.004614371340721846,180.03427889821145,-0.0024027348664503734,0.0030070004818185734
320.30000477284193,0.002559640910476446,9.080395102500916e-06,9.80997085571289,3.006607585120946e-08,2.1371226466726512e-05,-0.004614571575075388,180.03427889821145,-0.0024098510981929167,0.003006996917945681
320.40000477433205,-0.012479148805141449,-0.002482699230313301,9.809873580932617,-3.0790215532761067e-07,1.9938446712330915e-05,-0.004615957383066416,180.03427889821145,-0.0024169667816238416,0.0030069936282168573
320.50000477582216,-0.012476406991481781,0.002517297863960266,9.810078620910645,7.377643669315148e-07,5.865644197911024e-06,-0.004616627935320139,180.03427889821145,-0.002424080820190966,0.003006990064343965
320.6000047773123,-0.014977777376770973,1.8669292330741882e-05,9.809942245483398,-4.390958565636538e-07,-9.944517842086498e-06,-0.004616171587258577,180.03427889821145,-0.0024311934880500985,0.0030069865004710727
320.7000047788024,0.007520847488194704,-0.0024936585687100887,9.809961318969727,1.1695719877025113e-06,-1.565727507113479e-05,-0.0046150474809110165,180.03427889821145,-0.0024383072524756244,0.00300698293659818
320.8000047802925,0.015023584477603436,0.0025022318586707115,9.809990882873535,1.8527862266637385e-07,-9.63609909376828e-06,-0.004614470060914755,180.03427889821145,-0.002445422113510176,0.003006979372725288
320.9000047817826,0.015040727332234383,-0.0024977680295705795,9.810108184814453,-2.6218708626402076e-07,3.237963483115891e-06,-0.0046140714548528194,180.03427889821145,-0.0024525383452242977,0.0030069760829964645
321.00000478327274,0.0025434691924601793,0.002509079873561859,9.809961318969727,-2.519809640944004e-07,1.180722210847307e-05,-0.0046148900873959064,180.03427889821145,-0.0024596548510942284,0.003006972519123572
321.10000478476286,-0.01997777633368969,2.140924334526062e-05,9.809961318969727,6.599530024686828e-07,1.1439788977440912e-05,-0.004615492653101683,180.03427889821145,-0.002466769437972971,0.00300696895525068
321.200004786253,2.0849518477916718e-05,-0.002489549107849598,9.810049057006836,-2.418792064418085e-07,2.1143043795746053e-06,-0.004616209771484137,180.03427889821145,-0.002473884024823292,0.0030069653913777873
321.3000047877431,2.35892366617918e-05,0.002510449616238475,9.809961318969727,1.9527319636836182e-06,-6.175305315991864e-06,-0.004616038408130407,180.03427889821145,-0.0024809986116736127,0.003006961827504895
321.4000047892332,-0.002477779984474182,1.1820113286376e-05,9.809981346130371,9.375853551318869e-07,-9.399283953825943e-06,-0.004615333396941423,180.03427889821145,-0.0024881131985239335,0.003006958537776071
321.5000047907233,0.002520848996937275,-0.0024909190833568573,9.810009956359863,-3.8959069570410065e-07,-4.969924702891149e-06,-0.0046146404929459095,180.03427889821145,-0.002495227785402676,0.003006954973903179
321.60000479221344,0.007523587439209223,0.0025063403882086277,9.8100004196167,1.614211669220822e-06,1.2614190154636162e-06,-0.004614895675331354,180.03427889821145,-0.0025023431946920027,0.0030069514100302865
321.70000479370356,2.0849518477916718e-05,-0.002489549107849598,9.810039520263672,-1.3034004950895905e-06,6.4740384004835505e-06,-0.004614922683686018,180.03427889821145,-0.0025094583298681528,0.0030069478461573944
321.8000047951937,-0.009976407513022423,0.0025159292854368687,9.810009956359863,5.579468052019365e-07,6.140548975963611e-06,-0.004615622106939554,180.03427889821145,-0.0025165729167184736,0.003006944282284502
321.9000047966838,0.0025222189724445343,9.080162271857262e-06,9.809990882873535,-1.2015058246106491e-06,1.1039792298106477e-06,-0.00461606727913022,180.03427889821145,-0.0025236875035687945,0.0030069409925556783
322.0000047981739,2.0849518477916718e-05,-0.0024895493406802416,9.809961318969727,-1.0764069884316996e-06,-3.520199925333145e-06,-0.004615634214133024,180.03427889821145,-0.002530802090447537,0.003006937428682786
322.100004799664,2.3589469492435455e-05,0.0025104498490691185,9.810009956359863,-2.887350092350971e-07,-5.201618932915153e-06,-0.004615056794136763,180.03427889821145,-0.002537916677297858,0.0030069338648098937
322.20000480115414,-0.002477779984474182,1.1820113286376e-05,9.809990882873535,6.495513389381813e-07,-2.6727707336249296e-06,-0.004614691715687513,180.03427889821145,-0.0025450312641623896,0.0030069303009370016
322.30000480264425,0.002520848996937275,-0.0024909190833568573,9.810019493103027,6.759126449651376e-07,1.446705027774442e-06,-0.004614899400621653,180.03427889821145,-0.0025521458510269213,0.003006926737064109
322.40000480413437,2.3589469492435455e-05,0.0025104498490691185,9.810019493103027,1.6291819520120043e-06,3.850694156426471e-06,-0.004615166690200567,180.03427889821145,-0.002559260437891453,0.0030069234473352855
322.5000048056245,-0.0024791499599814415,-0.0024881791323423386,9.809990882873535,-5.380145466915565e-07,3.471626996542909e-06,-0.00461537716910243,180.03427889821145,-0.002566375024741774,0.003006919883462393
322.6000048071146,0.00252358871512115,0.002509079873561859,9.809990882873535,-2.205261182552931e-07,3.5207833093409135e-07,-0.004615618381649256,180.03427889821145,-0.0025734896116205164,0.003006916319589501
322.7000048086047,2.2219417587621137e-05,1.0450243280502036e-05,9.8100004196167,-4.755597728944849e-07,-2.4419455257884692e-06,-0.004615668673068285,180.03427889821145,-0.0025806041984708372,0.0030069127557166083
322.80000481009483,-0.0024791499599814415,-0.0024881791323423386,9.809990882873535,-3.0316027732624207e-07,-3.165054749842966e-06,-0.004615357611328363,180.03427889821145,-0.002587718785321158,0.003006909191843716
322.90000481158495,0.0025235889479517937,0.002509079873561859,9.810009956359863,1.5240711945807561e-06,-1.5292852140191826e-06,-0.004615006502717733,180.03427889821145,-0.0025948333721999006,0.0030069059021148926
323.00000481307507,2.2219417587621137e-05,1.0450243280502036e-05,9.8100004196167,4.679074550040241e-07,1.2274580285520642e-06,-0.004614992532879114,180.03427889821145,-0.0026019479590502215,0.003006902338242
323.1000048145652,-0.09262676537036896,-0.002438880503177643,9.810056686401367,9.216018952429295e-07,0.00033861069823615253,-0.004660909064114094,180.03427889821145,-0.0026090543216099604,0.003006898774369108
323.2000048160553,-0.8837370276451111,0.002987384796142578,9.810259819030762,3.50060872733593e-06,0.0020280221942812204,-0.0060697938315570354,180.0279814637967,-0.0026160817306646322,0.0030068952104962154
323.3000048175454,-2.956268072128296,-0.0009160041809082031,9.809364318847656,1.5554716810584068e-05,0.0026534725911915302,-0.007689619902521372,180.0279814637967,-0.0026228434940946954,0.0030068916466233233
323.40000481903553,-4.128558158874512,0.004691123962402344,9.807363510131836,3.056204877793789e-05,0.0020315423607826233,-0.008708717301487923,180.03427889821145,-0.0026292348889001005,0.0030068883568944993
323.50000482052565,-4.4926557540893555,-0.0022139549255371094,9.806204795837402,6.844790186733007e-05,0.0012973510893061757,-0.00828889012336731,180.0279814637967,-0.0026352235660880297,0.0030068850671656757
323.60000482201576,-4.576082706451416,0.010410308837890625,9.805782318115234,1.66945974342525e-05,0.0006952199037186801,-0.010189739987254143,180.03957912500738,-0.0026408018495800434,0.0030068812291487146
323.7000048235059,-7.354559898376465,-0.00012683868408203125,9.794705390930176,-0.0001447172835469246,0.014667884446680546,0.03666218742728233,180.17472124792525,-0.002645720816602193,0.003006879584284303
323.800004824996,-22.43997573852539,0.05344963073730469,9.730443000793457,0.0004913370357826352,-0.0009799629915505648,-0.00010295109677826986,180.26393717886396,-0.002648626469579085,0.0030068823257249893
323.9000048264861,-2.976267099380493,0.07976746559143066,9.823090553283691,-0.00011481251567602158,-0.013699498027563095,-0.006345466244965792,180.2349088748914,-0.002651266202818192,0.003006878761852097
324.0000048279762,5.185332298278809,-0.013441085815429688,9.815731048583984,-0.00010101869702339172,-0.010124635882675648,-0.005376621149480343,180.20463747648992,-0.002654371980980841,0.003006874923835136
324.10000482946634,5.697808742523193,-0.01498270034790039,9.808515548706055,-8.707772940397263e-05,-0.005792445037513971,-0.005085662007331848,180.17584139894913,-0.0026579895860834313,0.003006871085818175
324.20000483095646,5.534496307373047,0.012934207916259766,9.805713653564453,-5.546514876186848e-05,-0.003120067296549678,-0.004352455027401447,180.14936758572617,-0.002662103666125404,0.0030068642322164593
324.3000048324466,5.431769847869873,-0.0046539306640625,9.831467628479004,-5.4694944992661476e-05,-0.0016614957712590694,-0.004054875113070011,180.1266776973034,-0.002666704626008709,0.0030068573786147432
324.4000048339367,3.0674452781677246,-0.005841970443725586,9.786447525024414,-3.342831041663885e-05,0.0016610448947176337,-0.0032806131057441235,180.1083591299494,-0.0026715808265720398,0.00300684997672489
324.5000048354268,2.3743972778320312,-0.02884078025817871,9.797431945800781,-4.1460676584392786e-05,-0.0007608456071466208,-0.0026965702418237925,180.0906689399991,-0.002676669488764105,0.0030068450421316542
324.6000048369169,4.0779547691345215,-0.020451068878173828,9.806774139404297,-3.8821715861558914e-05,-0.0016297318506985903,-0.005873424932360649,180.07662607106553,-0.0026821238591594465,0.003006841478258762
324.70000483840704,5.014457702636719,0.028333187103271484,9.806842803955078,0.0001437526661902666,-0.00221440801396966,0.02316270023584366,180.07662607106553,-0.0026880278258119006,0.0030068348988011146
324.80000483989716,4.926941394805908,-0.01727914810180664,9.806974411010742,-8.976529352366924e-05,0.0016859008464962244,-0.005784050095826387,180.0559579186371,-0.0026943737126856604,0.003006829141775673
324.9000048413873,1.1557153463363647,0.00647425651550293,9.811439514160156,5.43864443898201e-05,0.004617845639586449,0.00021200941409915686,180.05235157875532,-0.0027008226777667232,0.0030068228364620946
325.0000048428774,-2.149052858352661,0.009463071823120117,9.810938835144043,-6.230548024177551e-06,0.004074296914041042,3.9846028812462464e-05,180.05235157875532,-0.002707078371258831,0.0030068159828603785
325.1000048443675,-3.4378128051757812,-0.03217720985412598,9.80879020690918,-3.84629238396883e-05,0.002689019311219454,-0.0011957889655604959,180.04847203130674,-0.002713025652681722,0.0030068121448434174
325.2000048458576,-3.732468843460083,0.0005016326904296875,9.807622909545898,3.7786492612212896e-05,0.0008639129810035229,0.0001408611424267292,180.0442509743997,-0.0027186382041719526,0.0030068085809705253
325.30000484734774,-3.0805230140686035,2.1457672119140625e-06,9.807710647583008,-4.854518920183182e-07,-0.0006200695061124861,2.5544106392771937e-05,180.04847203130674,-0.002723974418472608,0.0030068050170976328
325.40000484883785,-1.9471524953842163,0.004086852073669434,9.808598518371582,8.635688573122025e-07,-0.001999831758439541,5.555782536248444e-06,180.0442509743997,-0.0027291362771393324,0.0030068014532247406
325.50000485032797,-0.09980934858322144,3.307312726974487e-05,9.809450149536133,-3.479910083115101e-05,-0.0033761952072381973,-0.0011837760685011744,180.03957912500738,-0.0027342890890480476,0.003006798163495917
325.6000048518181,1.7529610395431519,-0.003636002540588379,9.809741973876953,-1.6647391021251678e-06,-0.00256578391417861,-0.00101778085809201,180.03957912500738,-0.002739599533796877,0.0030067945996230245
325.7000048533082,1.3912293910980225,0.0016633272171020508,9.810559272766113,3.1124545785132796e-05,0.00012279821385163814,0.00021212764841038734,180.03427889821145,-0.0027450347140955955,0.0030067910357501324
325.8000048547983,-0.6902977824211121,0.0004448890686035156,9.81083869934082,-2.86672729998827e-06,0.0016907025128602982,3.570849366951734e-05,180.03427889821145,-0.0027504079378388724,0.00300678747187724
325.90000485628843,-2.142221689224243,-0.001154184341430664,9.809652328491211,-5.402835085988045e-07,0.0012707068817690015,9.051134838955477e-06,180.03427889821145,-0.002755588986588009,0.0030067839080043478
326.00000485777855,-2.378420352935791,0.003992795944213867,9.808877944946289,9.937502909451723e-07,0.0003113344428129494,5.0206485866510775e-06,180.03427889821145,-0.0027605567512409834,0.003006780618275524
326.10000485926867,-2.0737733840942383,-0.0011973381042480469,9.808929443359375,-1.4652032405138016e-06,-0.0005688352975994349,3.25643577525625e-06,180.03427889821145,-0.002765338372071824,0.0030067770544026317
326.2000048607588,-1.2380391359329224,0.0032813549041748047,9.809226989746094,2.9138755053281784e-07,-0.0017551598139107227,9.834385537033086e-07,180.03957912500738,-0.0027700092387163977,0.003006773490529739
326.3000048622489,0.2137506604194641,-0.02015206217765808,9.80960750579834,-3.181467764079571e-05,-0.0024994132108986378,-0.0011096569942310452,180.03427889821145,-0.0027746992954433836,0.0030067718456653274
326.400004863739,1.2504651546478271,0.014351129531860352,9.809990882873535,3.1620264053344727e-05,-0.0014214329421520233,0.00020180972933303565,180.0279814637967,-0.0027795017512346476,0.003006768555936504
326.50000486522913,0.397824227809906,0.004801452159881592,9.810689926147461,-5.412905011326075e-06,0.0006019205902703106,2.6210444048047066e-05,180.0279814637967,-0.00278433984573212,0.0030067649920636117
326.60000486671925,-1.1986141204833984,-0.0018428564071655273,9.810284614562988,-1.5476252883672714e-06,0.001151544856838882,5.757032795372652e-06,180.0279814637967,-0.002789070475785138,0.003006761428190719
326.70000486820936,-1.9023536443710327,0.003536701202392578,9.803313255310059,-1.567321305628866e-06,-0.00012234736641403288,7.279858891706681e-06,180.0279814637967,-0.002793630039946038,0.0030067581384618956
326.8000048696995,-0.7643172144889832,-0.002077937126159668,9.797534942626953,-1.1950614862143993e-06,-0.0008365670219063759,-7.191631539171794e-07,180.03427889821145,-0.002798121616365279,0.003006754574589003
326.9000048711896,-0.23385342955589294,0.0026359856128692627,9.82098388671875,-1.373191480524838e-07,-9.151570702670142e-05,6.332271027531533e-07,180.03427889821145,-0.002802592083682498,0.003006751010716111
327.0000048726797,-0.8516162633895874,0.00046938657760620117,9.821198463439941,5.400797817856073e-07,0.00047202559653669596,1.330463760496059e-06,180.03427889821145,-0.0028069860647974565,0.0030067474468432184
327.1000048741698,-1.1494290828704834,-0.0018700361251831055,9.8100004196167,4.538233042694628e-07,9.975142893381417e-05,1.0010919595515588e-06,180.03427889821145,-0.0028112769677477445,0.0030067438829703263
327.20000487565994,-0.7166754007339478,0.0028963685035705566,9.808072090148926,-3.262539394199848e-07,-0.0005234932177700102,2.8104344096391287e-07,180.03427889821145,-0.002815503995137192,0.0030067405932415027
327.30000487715006,-0.23867544531822205,0.00013868510723114014,9.808585166931152,3.5401899367570877e-07,-0.00041584845166653395,1.3521663788651495e-07,180.03427889821145,-0.0028197093651556315,0.00300673702936861
327.4000048786402,-0.40112239122390747,-0.032352983951568604,9.809369087219238,-1.7968675820156932e-05,0.00022428076772484928,-0.0010273128282278776,180.01979889717103,-0.002823878822283632,0.003006736206936404
327.5000048801303,-0.8889687657356262,0.010427415370941162,9.809613227844238,2.8023961931467056e-05,0.0004136648785788566,0.0002774214372038841,180.0279814637967,-0.0028279687776375795,0.0030067345620719923
327.6000048816204,-0.8272712826728821,0.4846094250679016,9.809491157531738,0.0006487561040557921,-0.0006100796745158732,0.03762180730700493,180.20078524979803,-0.0028319841657946654,0.003006689876588804
327.7000048831105,0.2551104426383972,0.10441040992736816,9.809545516967773,-0.0005069721373729408,-0.0010286129545420408,0.02008272521197796,180.33630986330942,-0.002836022582073383,0.0030066358702072822
327.80000488460064,0.37220990657806396,-0.02479243278503418,9.810153007507324,-0.0001687249168753624,0.00035506347194314003,0.015707330778241158,180.4325199079582,-0.0028400944439255227,0.0030065835086901718
327.90000488609076,-1.041117548942566,0.012094378471374512,9.810420989990234,-7.87368044257164e-05,0.001420536544173956,0.012734672985970974,180.50976934747106,-0.002844072822639987,0.0030065314213171303
328.0000048875809,-1.5268280506134033,0.020465850830078125,9.80955982208252,-3.613295848481357e-05,0.0003027387720067054,0.01035680528730154,180.5723338802684,-0.0028479144034747605,0.0030064787856559512
328.100004889071,-0.6716564893722534,-2.2172927856445312e-05,9.809489250183105,-6.112211849540472e-06,-0.0007874283473938704,0.008687566965818405,180.6237105632052,-0.002851695398462084,0.003006426424138841
328.2000048905611,0.11685687303543091,0.013776682317256927,9.809853553771973,2.2135209292173386e-06,-0.0006204107776284218,0.007332597393542528,180.6673554720016,-0.002855487359227027,0.0030063729660454565
328.3000048920512,-0.6387161016464233,1.3339595794677734,9.809657096862793,0.0025569649878889322,0.001850050874054432,0.12593156099319458,181.200246831046,-0.0028592192824277163,0.0030062016260025562
328.40000489354134,-2.891599655151367,0.5383875370025635,9.809362411499023,-0.0019391889218240976,0.0023674056865274906,0.07267343997955322,181.6881955453517,-0.0028626907687510084,0.0030059894384934288
328.50000489503145,-3.5967612266540527,-0.11404585838317871,9.807931900024414,-0.000976843060925603,0.0015959686134010553,0.053567010909318924,182.0267133809959,-0.0028658398616698832,0.0030057994566538614
328.60000489652157,-3.2494239807128906,1.4729511737823486,9.80640697479248,0.0036590537056326866,-0.0003458964638411999,0.19510677456855774,182.85492845937327,-0.0028686917823961267,0.0030054918670088474
328.7000048980117,-1.4369173049926758,0.8996268510818481,9.808323860168457,-0.0022814739495515823,-0.0018818376120179892,0.13972002267837524,183.7234279934754,-0.002871409646687084,0.003005112999905987
328.8000048995018,0.8089805841445923,0.04030829668045044,9.809416770935059,-0.0004244311712682247,-0.004006483126431704,0.1292765587568283,184.46059665021656,-0.002874200159183715,0.003004724811904793
328.9000049009919,3.316718816757202,0.2898988723754883,9.80895709991455,4.1111139580607414e-05,-0.0023291942197829485,0.12643571197986603,185.1789686263618,-0.0028772845541027436,0.0030042842623864883
329.00000490248203,1.1445949077606201,1.9980417490005493,9.809295654296875,0.004934110678732395,0.0028500487096607685,0.2937855124473572,186.51183906175478,-0.0028804509180844207,0.003003654553460822
329.10000490397215,-2.2473793029785156,1.4073052406311035,9.809617042541504,-0.0033748752903193235,0.003336207941174507,0.22327134013175964,187.9120005208507,-0.0028834001599733483,0.0030029277975348575
329.20000490546227,-3.5039689540863037,-0.039775848388671875,9.808524131774902,-0.0028856105636805296,0.003057044930756092,0.16946059465408325,188.99130701349614,-0.002886039619056646,0.0030022544997022776
329.3000049069524,-4.574320316314697,1.1169147491455078,9.805923461914062,0.0008329625707119703,0.00240710424259305,0.2558791935443878,190.30745714580092,-0.0028882571704258453,0.0030015562547594517
329.4000049084425,-8.646805763244629,-0.12899017333984375,9.799026489257812,-0.012433517724275589,0.016581496223807335,0.06879134476184845,191.37113616562533,-0.0028897169875818918,0.003001022222113741
329.5000049099326,-16.334545135498047,-2.4327259063720703,9.774483680725098,0.0014034337364137173,-0.005691119469702244,1.4814174392085988e-05,191.43114620767307,-0.0028897833304597498,0.003000992340410259
329.60000491142273,-0.8685981035232544,-0.2002432942390442,9.804444313049316,0.0019211266189813614,-0.007098070345818996,2.3966818844201043e-05,191.43128281145647,-0.00288977784757094,0.0030009950818509455
329.70000491291285,0.007106414996087551,0.005294729024171829,9.810684204101562,0.0011676601134240627,-0.004411165602505207,1.4832303349976428e-05,191.43136477372653,-0.0028897737354185438,0.0030009970008594263
329.80000491440296,0.016675088554620743,-0.00023440271615982056,9.810750007629395,0.0006750854663550854,-0.0024807886220514774,8.430485650023911e-06,191.4315013775099,-0.0028897712681015264,0.003000998371579769
329.9000049158931,0.016506386920809746,0.005554728209972382,9.81067943572998,0.00036954227834939957,-0.0011090770130977035,3.858059244521428e-06,191.43151503788826,-0.0028897704456767315,0.003000998645723838
330.0000049173832,-0.0035538538359105587,0.002452588640153408,9.810117721557617,-7.15582282282412e-05,-0.000648147368337959,-0.0010798773728311062,191.43090032086295,-0.0028897693491103382,0.0030009989198679066
330.1000049188733,1.2049543857574463,0.17654848098754883,9.80942440032959,0.002369488589465618,-0.003936908207833767,0.03341059759259224,191.50524009978938,-0.0028898710565385954,0.0030009621845627087
330.2000049203634,3.6947550773620605,0.5690460205078125,9.807889938354492,0.0007628730963915586,-0.002853709040209651,0.046556826680898666,191.76761498656623,-0.002890286933094899,0.0030008078414520646
330.30000492185354,4.791446685791016,0.7270188331604004,9.806523323059082,0.0021467204205691814,-0.002705407328903675,0.11590350419282913,192.32036853571702,-0.002891108817038912,0.00300049833279857
330.40000492334366,5.578069686889648,0.840733528137207,9.804563522338867,0.0013624464627355337,-0.0015853383811190724,0.14677375555038452,193.0853633831368,-0.0028924011321436183,0.0030000024061784003
330.5000049248338,5.889121055603027,0.8364686965942383,9.803318977355957,0.0010991171002388,-0.0008948375470936298,0.18216198682785034,194.06922481232047,-0.002894187454899111,0.002999305806099986
330.6000049263239,5.472296237945557,1.89387845993042,9.802068710327148,0.0039346227422356606,-0.00023019034415483475,0.3149765133857727,195.65714817170004,-0.002896400345818506,0.0029983139528596465
330.700004927814,5.984342575073242,1.3255152702331543,9.801326751708984,0.0007652610074728727,-0.00030185547075234354,0.31807318329811096,197.40644158041036,-0.0028990899732690423,0.0029970485038388044
330.8000049293041,4.655733108520508,2.4071292877197266,9.802237510681152,0.002991972491145134,0.004284283146262169,0.44606927037239075,199.76190061758095,-0.002902099526849611,0.0029954401005880937
330.90000493079424,-0.3248136043548584,2.71091365814209,9.807501792907715,-0.0009784838184714317,0.006698916666209698,0.47290828824043274,202.46508458539688,-0.0029049892794859034,0.0029936186873960493
331.00000493228436,-2.609570264816284,0.5857713222503662,9.809453964233398,-0.004216965287923813,0.004675440024584532,0.3503064215183258,204.6675883662942,-0.002907644090640815,0.002991848539144841
331.10000493377447,-3.2115068435668945,1.372436761856079,9.806855201721191,0.000807472737506032,0.002444990212097764,0.41487932205200195,206.9486803037817,-0.0029099866517015016,0.0029900994999869177
331.2000049352646,-2.156562328338623,2.1567957401275635,9.805710792541504,0.00015882501611486077,-0.00013579861843027174,0.45125558972358704,209.48498908979593,-0.0029120660344545968,0.0029882783609389424
331.3000049367547,0.7619784474372864,0.8418596982955933,9.808187484741211,-0.0002739648334681988,-0.003287865547463298,0.39372220635414124,211.76416857431582,-0.0029141643331627165,0.0029863571593059133
331.4000049382448,3.1717355251312256,2.4125051498413086,9.805272102355957,0.005585066508501768,-0.002779704984277487,0.5427542328834534,214.55461503896785,-0.002916374756793516,0.0029840973897481138
331.50000493973494,4.899969100952148,1.9971466064453125,9.804180145263672,0.0010174061171710491,-0.0022589429281651974,0.5093725919723511,217.43661335925472,-0.00291882615303507,0.0029814285972399037
331.60000494122505,4.645135402679443,3.3175103664398193,9.800058364868164,0.006919327192008495,0.00022333022207021713,0.6775796413421631,220.9677391978813,-0.0029213978985467293,0.002978263329823386
331.70000494271517,4.3313069343566895,4.821116924285889,9.806242942810059,0.0063044223934412,0.0015564393252134323,0.7964098453521729,225.28295709284694,-0.002923936746768163,0.0029745187959898324
331.8000049442053,2.9751672744750977,6.170312881469727,9.792288780212402,0.013541637919843197,0.005955430679023266,1.0871161222457886,230.68993974550415,-0.002926218173698203,0.002970219120417283
331.9000049456954,0.7360897064208984,8.158727645874023,9.748208045959473,0.010304185561835766,0.006014898885041475,1.2557824850082397,237.31229991945176,-0.0029279219790794286,0.002965470396860301
332.0000049471855,2.9590892791748047,6.882704734802246,9.775450706481934,0.004201753064990044,0.0027503883466124535,1.1674816608428955,244.03599277992566,-0.0029291893470997366,0.002960213958488198
332.10000494867563,4.550796031951904,4.002599716186523,9.794103622436523,0.0002768640988506377,0.003128211246803403,0.9902596473693848,249.84919410328018,-0.0029302628952763143,0.0029544519984535224
332.20000495016575,4.429040908813477,2.8165102005004883,9.799494743347168,0.0014203276950865984,0.0008100330596789718,0.7720894813537598,254.60743172819124,-0.002931201016281193,0.002948240168002209
332.30000495165586,4.840217113494873,3.3933544158935547,9.796256065368652,0.00460868189111352,0.0012491322122514248,0.7384709119796753,258.8136261436252,-0.002931926401487317,0.0029415439249816087
332.400004953146,4.867279052734375,2.8466880321502686,9.799243927001953,-0.00025899283355101943,0.0014161475701257586,0.5429342985153198,262.2353869932615,-0.002932459885840899,0.0029343813629002517
332.5000049546361,3.4031381607055664,1.6361390352249146,9.805112838745117,-0.0013754463288933039,0.0032374453730881214,0.3859730064868927,264.7128332090085,-0.0029328765848219973,0.002926901616131478
332.6000049561262,0.20937111973762512,1.209375262260437,9.809219360351562,-0.001954426523298025,0.004871542565524578,0.2582629323005676,266.4076490288988,-0.002933187464208231,0.0029193966481083898
332.70000495761633,-2.8573546409606934,0.9076361656188965,9.80906867980957,-0.0019364148611202836,0.004227431491017342,0.16631849110126495,267.5194945427501,-0.0029334067794621888,0.0029121444409165873
332.80000495910645,-4.178666114807129,0.6438391208648682,9.807188987731934,-0.0017450827872380614,0.0027183941565454006,0.10575353354215622,268.2287140654076,-0.0029335570104080944,0.002905265343802204
332.90000496059656,-4.352182865142822,0.4232110381126404,9.806248664855957,-0.001362744253128767,0.0004788180813193321,0.06884997338056564,268.68409643775067,-0.002933661185153369,0.0028987758054093583
333.0000049620867,-3.3319215774536133,0.27759677171707153,9.807068824768066,-0.001029196078889072,-0.0010072519071400166,0.04718952998518944,268.9879032520328,-0.0029337354781944214,0.002892584261619124
333.1000049635768,-1.75236976146698,0.1683584749698639,9.808379173278809,-0.0006562068592756987,-0.0030574535485357046,0.03411053121089935,269.2026990410514,-0.0029337925001726717,0.0028865498023802204
333.2000049650669,0.8571984171867371,0.1239795982837677,9.809511184692383,-0.0004029393894597888,-0.0042284755036234856,0.025672994554042816,269.3614326373625,-0.0029338391046564993,0.002880437760369892
333.300004966557,3.053278684616089,0.19968070089817047,9.809056282043457,6.530607060994953e-05,-0.004048889968544245,0.030337683856487274,269.5238272150687,-0.0029338709053661205,0.0028740515742909233
333.40000496804714,4.359901428222656,0.12726148962974548,9.807711601257324,-0.00022752941004000604,-0.003211828414350748,0.021217698231339455,269.6587644323115,-0.0029338931110345357,0.002867274458770074
333.50000496953726,4.692239761352539,0.056181199848651886,9.806920051574707,-0.00017264981579501182,-0.001045507611706853,0.01454714871942997,269.752392665454,-0.002933912575258546,0.0028600762579597937
333.6000049710274,3.14908504486084,0.04069287329912186,9.808845520019531,-0.00012499936565291137,0.002008593175560236,0.010075896978378296,269.81733410408253,-0.002933929023910764,0.0028525956887588146
333.7000049725175,-0.024406250566244125,0.032919712364673615,9.811052322387695,-0.00010259898408548906,0.0041417754255235195,0.006894770544022322,269.8621401450378,-0.0029339427311043664,0.002845117586854453
333.8000049740076,-2.9488062858581543,0.019713860005140305,9.809951782226562,-9.540287283016369e-05,0.0037945322692394257,0.0041554453782737255,269.8907449772818,-0.0029339542451651823,0.0028379043081203973
333.9000049754977,-3.929346799850464,0.0421755276620388,9.807746887207031,1.2697815691353753e-05,0.0016282356809824705,0.005028328858315945,269.91741003580154,-0.00293396164704518,0.002831043578658613
334.00000497698784,-3.2678191661834717,0.024343173950910568,9.807476043701172,-5.385587428463623e-05,-0.00027328563737683,0.003559174481779337,269.9400589430893,-0.0029339660333533857,0.0028244759092062046
334.10000497847795,-1.924462914466858,0.013578623533248901,9.808483123779297,-6.28431371296756e-05,-0.0020484854467213154,0.001714034122414887,269.95306362326903,-0.0029339695972367963,0.00281808095051704
334.20000497996807,0.012854252010583878,-0.0023698806762695312,9.809436798095703,-1.5370547771453857e-05,-0.00306993187405169,0.0015334725612774491,269.96202483146004,-0.002933973161105996,0.0028116846211075314
334.3000049814582,1.4877716302871704,-0.004018014762550592,9.80994987487793,-6.162810313981026e-05,-0.002268375363200903,-0.00033847297891043127,269.9633908692941,-0.002933976999131005,0.0028051545093925267
334.4000049829483,1.4013152122497559,0.013363659381866455,9.810290336608887,4.013387660961598e-05,-0.0006044210167601705,0.0013650875771418214,269.96809003944304,-0.0029339800147027972,0.002798498839694085
334.5000049844384,0.6388835310935974,-0.004643270745873451,9.810301780700684,-4.686473766923882e-05,-0.0006436125840991735,-0.00018429245392326266,269.96983856787057,-0.002933983578586208,0.0027917853255971605
334.60000498592854,1.600185513496399,0.01327421609312296,9.809054374694824,4.6491164539474994e-05,-0.0023080967366695404,0.001438221544958651,269.97505683239643,-0.002933985771733205,0.0027849289824404743
334.70000498741865,3.157036542892456,0.008531032130122185,9.808344841003418,3.6783776522497647e-06,-0.0016135183395817876,0.0013126906706020236,269.9826793235102,-0.002933987416582795,0.002777789174316814
334.80000498890877,2.6372127532958984,0.015532154589891434,9.809378623962402,5.2156515266688075e-06,0.0008401082013733685,0.0013203315902501345,269.9901378900838,-0.002933987416582795,0.002770412779861918
334.9000049903989,0.1197197288274765,-0.007462373003363609,9.810959815979004,-4.1292470996268094e-05,0.0032806438393890858,-0.00017271810793317854,269.9918590977547,-0.002933988239021801,0.0027630259679324136
335.000004991889,-2.7741541862487793,-0.010399437509477139,9.810039520263672,1.8243658814753871e-06,0.003405289025977254,-2.566662624303717e-05,269.9914219656478,-0.0029339901580414107,0.0027558883529613027
335.1000049933791,-4.064804553985596,-0.0005941551644355059,9.807717323303223,-2.303595010744175e-06,0.0021874813828617334,3.216907771275146e-06,269.9913946448911,-0.0029339918028910006,0.0027491150754574145
335.20000499486923,-4.489450931549072,0.0018445178866386414,9.806458473205566,-2.249046701763291e-06,0.0012286934070289135,9.301074896939099e-06,269.9914219656478,-0.0029339937219106105,0.0027427445155903583
335.30000499635935,-4.663284778594971,0.0018190164119005203,9.805742263793945,-1.0056900237032096e-06,0.0004002669302280992,1.0276299690303858e-05,269.99150392791785,-0.0029339948184770037,0.002736792299572047
335.40000499784946,-4.616469860076904,0.014331009238958359,9.805567741394043,2.9796352052358088e-08,-0.00019872336997650564,1.0395347089797724e-05,269.9915585694312,-0.0029339948184770037,0.002731254041097382
335.5000049993396,-14.674704551696777,-0.004171817097812891,9.758652687072754,5.580173819907941e-06,0.017587900161743164,0.00043221848318353295,269.99336173937206,-0.0029339950926470237,0.0027270319482962575
335.6000050008297,-26.867097854614258,-0.0003106207586824894,9.721494674682617,-8.19617707747966e-06,0.012448020279407501,-4.0893478399084415e-06,269.9939901167757,-0.0029339950926470237,0.0027252201301466157
335.7000050023198,-18.338878631591797,-0.0020146225579082966,9.753862380981445,3.456261765677482e-06,-0.01882402040064335,-9.109755046665668e-05,269.9936622676956,-0.0029339950926470237,0.0027250526281206765
335.80000500380993,3.555849313735962,0.0009623204823583364,9.812056541442871,-3.0429207981796935e-05,-0.015428098849952221,0.009750339202582836,269.985083550098,-0.0029339950926470237,0.00272456410339036
335.90000500530005,5.143099784851074,-0.004248148296028376,9.812191009521484,8.468629675917327e-05,-0.009881463833153248,-0.009125440381467342,270.01994483562174,-0.0029339953667602003,0.0027236133717603167
336.00000500679016,5.638022422790527,0.005743834190070629,9.808469772338867,-4.79499576613307e-05,-0.006213510408997536,-0.004723146557807922,270.0181963071942,-0.0029339948184770037,0.0027221560218914265
336.1000050082803,5.909919261932373,-0.006067927926778793,9.805708885192871,-1.7924427083926275e-05,-0.003470317693427205,-0.002191936830058694,270.01051917456715,-0.0029339948184770037,0.002720168751537855
336.2000050097704,5.2538557052612305,-0.0009405634482391179,9.805953979492188,-6.281666173890699e-06,0.0005270001129247248,-0.0013647297164425254,270.01038257078375,-0.0029339948184770037,0.0027177105016743604
336.3000050112605,1.6711421012878418,-0.0002902519190683961,9.810245513916016,-3.4647191569092683e-06,0.00386979803442955,-0.0014090040931478143,270.0103552500271,-0.0029339948184770037,0.0027151025691493883
336.4000050127506,-0.46423956751823425,9.510479867458344e-05,9.810154914855957,-2.2732062916475115e-06,0.0017322320491075516,-0.0013472249265760183,270.01038257078375,-0.0029339948184770037,0.002712536580666918
336.50000501424074,1.2884162664413452,-0.0002197869762312621,9.808350563049316,-3.026143758688704e-06,-0.0016461864579468966,-0.0016632064944133162,270.010273287757,-0.0029339948184770037,0.0027098549033874814
336.60000501573086,4.045949935913086,-0.0007047374383546412,9.806649208068848,-8.218087714340072e-06,-0.002914176322519779,-0.002430055756121874,270.0101640047303,-0.0029339948184770037,0.002706810259361166
336.700005017221,5.355934143066406,-0.000991659821011126,9.805405616760254,2.1376911263359943e-07,-0.0020932690240442753,-2.1793572159367613e-05,270.0107377406206,-0.0029339948184770037,0.00270328586321473
336.8000050187111,5.464968681335449,-0.0010118058416992426,9.804792404174805,8.275226264231605e-07,-0.0011738687753677368,-6.141465291875647e-06,270.0107377406206,-0.0029339948184770037,0.0026992710233294972
336.9000050202012,5.3983283042907715,-0.0030671891290694475,9.825776100158691,-2.5133591407211497e-05,-0.0005998839042149484,-0.0011739744804799557,270.00560143836475,-0.0029339950926470237,0.0026947720450190464
337.0000050216913,3.2755353450775146,0.002226400887593627,9.798128128051758,2.8941911295987666e-05,0.00463720690459013,0.00022259223624132574,270.0051643062579,-0.0029339950926470237,0.0026899800066992195
337.10000502318144,-1.1566580533981323,0.00013084161037113518,9.795414924621582,-3.334234861540608e-06,0.003930544015020132,3.5402863431954756e-05,270.0056834006348,-0.0029339950926470237,0.002685291868981407
337.20000502467155,-1.664208173751831,0.00018378313689026982,9.805173873901367,-5.039772190684744e-07,-0.0008461757679469883,3.195640829289914e-06,270.0057926836615,-0.0029339950926470237,0.002680753413925072
337.30000502616167,-0.15477526187896729,2.614752884255722e-05,9.819330215454102,1.1552998557817773e-09,-0.0004097198252566159,5.146130774846824e-07,270.0057926836615,-0.0029339950926470237,0.002676228666072169
337.4000050276518,0.9815593361854553,-8.850388985592872e-05,9.806923866271973,3.417426341911778e-07,-0.0026298738084733486,-3.622707026806893e-06,270.0057926836615,-0.0029339950926470237,0.002671616192117301
337.5000050291419,3.22672176361084,-0.00031070265686139464,9.808250427246094,-1.6229892025876325e-06,-0.0032045445404946804,-2.3956385120982304e-05,270.00571072139144,-0.0029339950926470237,0.002666713947881881
337.600005030632,4.561842441558838,0.014199310913681984,9.807212829589844,3.668714998639189e-05,-0.002739117480814457,0.001510534668341279,270.010874344404,-0.0029339937219106105,0.0026614026806960497
337.70000503212214,5.1838459968566895,0.0040138522163033485,9.80583667755127,-4.930729483021423e-05,-0.002016389975324273,-0.002836700761690736,270.01098362743073,-0.0029339918028910006,0.002655626465169805
337.80000503361225,5.4727349281311035,-0.0013895940501242876,9.804625511169434,7.647032180102542e-05,-0.0015659754863008857,0.013471421785652637,270.0146992503392,-0.0029339901580414107,0.0026493595317606945
337.90000503510237,5.696216106414795,-0.0007849818794056773,9.803764343261719,-7.193873170763254e-05,-0.000986601458862424,-0.011781575158238411,270.0079783441959,-0.002933988239021801,0.0026425821420957766
338.0000050365925,5.22598934173584,-0.018008379265666008,9.804627418518066,-2.818722350639291e-05,0.0010513016022741795,0.0014838402858003974,270.0049730609611,-0.002933988239021801,0.0026353359660734846
338.1000050380826,2.775648832321167,-0.024877486750483513,9.808713912963867,-2.858619609469315e-06,0.004283873364329338,-0.0013914292212575674,269.99628506033685,-0.0029339901580414107,0.0026278414155250047
338.2000050395727,-1.212051510810852,0.012377031147480011,9.811264038085938,4.106502456124872e-05,0.005014285445213318,0.00014026474673300982,269.99420868282914,-0.0029339909804804165,0.0026204557001717746
338.30000504106283,-3.414214849472046,0.012183444574475288,9.809160232543945,-1.0359085536038037e-06,0.003733677789568901,3.3306856494164094e-05,269.9945911734227,-0.002933990706338818,0.0026133770261754213
338.40000504255295,-4.31006383895874,-0.0028899353928864002,9.807305335998535,1.2802889841623255e-06,0.002306608948856592,1.4460569218499586e-05,269.99475509796275,-0.002933990706338818,0.0026066846211717817
338.50000504404306,-4.634719371795654,-0.00041512740426696837,9.806112289428711,1.1984307093371172e-06,0.001137491432018578,1.1235385500185657e-05,269.9948097394761,-0.002933990706338818,0.002600408092720269
338.6000050455332,-4.690944671630859,-0.00040987704414874315,9.80566120147705,1.4310345477497322e-06,0.0002888591552618891,1.0525769539526664e-05,269.9948643809895,-0.002933990706338818,0.002594552375414119
338.7000050470233,-5.99984884262085,-0.000518457090947777,9.803400993347168,2.1171522348595317e-06,0.014976546168327332,1.2983264241483994e-05,269.9949463432595,-0.002933990706338818,0.002589234254626572
338.8000050485134,-22.223731994628906,-0.0019237629603594542,9.719220161437988,6.604905138374306e-07,0.01632223278284073,1.31618908199016e-05,269.99502830552956,-0.002933990706338818,0.0025859099836502432
338.90000505000353,-11.558347702026367,-0.0009906140621751547,9.803529739379883,-5.841359325131634e-07,-0.012595849111676216,-1.7880257701108349e-06,269.99502830552956,-0.002933990706338818,0.002583621977253374
339.00000505149364,2.456160306930542,0.00022606848506256938,9.81665325164795,-5.470819814945571e-07,-0.011469361372292042,-3.921903044101782e-06,269.9950009847729,-0.002933990706338818,0.0025811124624490435
339.10000505298376,4.545650005340576,0.00041052396409213543,9.81074047088623,-6.419725195883075e-08,-0.008316470310091972,-4.992794856661931e-06,269.9949736640162,-0.002933990706338818,0.002578194198838371
339.2000050544739,5.629368782043457,0.0005059850518591702,9.806907653808594,-4.5782735469401814e-07,-0.004874364472925663,-5.609691470453981e-06,269.9949736640162,-0.002933990706338818,0.002574770687709195
339.300005055964,5.585327625274658,0.0005031286855228245,9.805379867553711,-2.5969507078116294e-07,-0.002610788680613041,-6.094188393035438e-06,269.9949463432595,-0.002933990706338818,0.0025708460412225444
339.4000050574541,5.454710960388184,0.0004979282384738326,9.817462921142578,4.2802429334187764e-07,-0.0015315285418182611,-6.3755474002391566e-06,269.9948643809895,-0.002933990706338818,0.0025664325958615094
339.5000050589442,4.476496696472168,0.0004130747402086854,9.813244819641113,1.304979150518193e-06,0.002751861233264208,2.3435238745150855e-06,269.9948370602328,-0.002933990706338818,0.0025616175294399164
339.60000506043434,1.894717812538147,0.00018097976862918586,9.785430908203125,-5.176028707865044e-07,0.00025464699137955904,-2.646663779160008e-05,269.9948370602328,-0.002933990706338818,0.002556633041983904
339.70000506192446,3.5201830863952637,0.00032699917210265994,9.804969787597656,1.2294279940761044e-06,-0.0013209562748670578,0.00017852942983154207,269.9948370602328,-0.002933990706338818,0.0025513330147048873
339.8000050634146,4.681394100189209,0.007602994795888662,9.80725383758545,3.0181414331309497e-05,-0.0015594741562381387,-0.0004330639203544706,269.99956355113846,-0.0029339901580414107,0.0025456132728567827
339.9000050649047,5.222554683685303,0.011722208000719547,9.806148529052734,5.343374505173415e-05,-0.0013965289108455181,0.011243597604334354,270.0092897405165,-0.002933988239021801,0.002539425018795372
340.0000050663948,5.576028823852539,-0.007999536581337452,9.80471134185791,-0.00010709865455282852,-0.001133012236095965,-0.011964313685894012,270.00513698550117,-0.002933987416582795,0.0025327372742408993
340.1000050678849,5.328569412231445,-0.008244523778557777,9.804802894592285,3.506598295643926e-05,0.00043885689228773117,0.004770389758050442,270.008142268736,-0.0029339868683138093,0.0025255716965747873
340.20000506937504,3.7168185710906982,0.012047703377902508,9.807412147521973,9.288379487770726e-08,0.0028718039393424988,-0.0001315445697400719,270.0071587214955,-0.0029339852234357977,0.0025180727597212092
340.30000507086515,0.4400421977043152,0.002456260845065117,9.810820579528809,2.2043968783691525e-07,0.004743282217532396,3.4541943705335143e-07,270.0071587214955,-0.002933983578586208,0.0025105351685539524
340.40000507235527,-2.179328680038452,0.0002825409756042063,9.810256958007812,1.6563922144996468e-07,0.0035677230916917324,5.067541223979788e-06,270.0071587214955,-0.002933981659566598,0.002503193316251705
340.5000050738454,-2.712083578109741,0.005666220095008612,9.8087797164917,4.263044320396148e-05,0.0015500334557145834,0.0014439133228734136,270.0126501935882,-0.0029339794664196006,0.0024960946297383413
340.6000050753355,-2.140493392944336,-0.0019336817786097527,9.808732032775879,-4.0161216020351276e-05,-0.00032614453812129796,-0.000148559789522551,270.01475389185254,-0.0029339775473999907,0.0024891883923611625
340.7000050768256,-0.6669184565544128,-0.0048227556981146336,9.809128761291504,3.271387868153397e-06,-0.002334064804017544,-2.6065959900734015e-05,270.01437140125904,-0.0029339756283945917,0.002482341644246879
340.80000507831573,1.4556070566177368,0.0021472452208399773,9.809383392333984,6.080711045797216e-07,-0.003068943042308092,-9.281232451030519e-06,270.01431675974567,-0.002933973983530791,0.0024753641294118535
340.90000507980585,2.5652050971984863,-0.0006282961112447083,9.809440612792969,-6.641537879659154e-07,-0.0015004627639427781,-6.176037913974142e-06,270.014289438989,-0.002933972338681201,0.002468156333559171
341.00000508129597,1.555149793624878,-0.0003757954982575029,9.810381889343262,-4.975584033672931e-07,0.0009071967797353864,-2.2009680833434686e-06,270.0142621182323,-0.0029339704196473804,0.0024608092725196193
341.1000050827861,-0.7096253037452698,-0.01244123000651598,9.810829162597656,-4.440996053745039e-05,0.0028034443967044353,-0.0014591070357710123,270.0086340423562,-0.0029339698713783946,0.0024535260870480607
341.2000050842762,-3.140500068664551,-0.007146937772631645,9.809471130371094,4.214955333736725e-05,0.002852196339517832,0.00011663117038551718,270.0063664195518,-0.0029339698713783946,0.002446524721679064
341.3000050857663,-4.268249988555908,0.0055063809268176556,9.807245254516602,-1.4796301002206746e-06,0.0018344346899539232,2.9945653295726515e-05,270.00666694787526,-0.002933969323080987,0.0024399060614298885
341.40000508725643,-4.61506986618042,-0.007367792073637247,9.806099891662598,-3.6092136724619195e-05,0.0008711839327588677,-0.0012265793047845364,270.00215902302307,-0.002933969323080987,0.0024337013587243596
341.50000508874655,-4.656111717224121,3.6484758311416954e-05,9.805622100830078,3.881603333866224e-05,0.00013673036301042885,0.00012394998339004815,270.0003285323255,-0.0029339698713783946,0.002427913903291301
341.60000509023666,-5.957411766052246,0.0025813132524490356,9.803484916687012,-2.1293346890161047e-06,0.014912107028067112,3.6644447391154245e-05,270.00068370216235,-0.0029339698713783946,0.00242266102879209
341.7000050917268,-22.20625877380371,0.0003223177045583725,9.719231605529785,-1.3126217481840285e-06,0.01629864051938057,1.7006101188599132e-05,270.00082030594575,-0.0029339698713783946,0.002419400085095617
341.8000050932169,-24.899837493896484,0.00038678423152305186,9.740750312805176,1.4670644077341422e-06,-0.008505910634994507,-1.9067035736952676e-06,270.00087494745907,-0.0029339698713783946,0.0024183725931263547
341.900005094707,-1.0631632804870605,6.737303920090199e-05,9.805458068847656,5.758666702604387e-06,-0.01743234135210514,0.0002889887255150825,270.00226830604976,-0.0029339698713783946,0.0024174388584285666
342.0000050961971,5.661003589630127,0.0024915002286434174,9.81356430053711,-3.970007674070075e-05,-0.012038366869091988,-0.0003031180240213871,270.00041049459554,-0.0029339695972367963,0.0024159960381953146
342.10000509768724,6.0321502685546875,-0.0022345411125570536,9.80883502960205,-4.480721599975368e-06,-0.006935021374374628,-0.0021464454475790262,269.99748717363076,-0.0029339695972367963,0.00241401150928243
342.20000509917736,6.129668712615967,0.00010021818889072165,9.805590629577637,4.464932317205239e-06,-0.00405120337381959,-1.0938146033367957e-06,269.9991810605449,-0.002933969323080987,0.002411476773223784
342.3000051006675,6.2850871086120605,0.00010394824494142085,9.803627967834473,-3.817602589606395e-08,-0.0021306942217051983,-5.515946668310789e-06,269.99915373978826,-0.002933969323080987,0.0024083783969600153
342.4000051021576,5.976355075836182,0.00010430616384837776,9.80336856842041,-9.758635997059173e-07,-0.0007665043813176453,-5.975637122901389e-06,269.9990990982749,-0.002933969323080987,0.0024047443431861235
342.5000051036477,5.606756687164307,9.848411718849093e-05,9.80348014831543,1.2270000127045932e-07,-0.00019554700702428818,-6.372864845616277e-06,269.9990990982749,-0.002933969323080987,0.002400607509190346
342.6000051051378,5.411759853363037,0.014663087204098701,9.832433700561523,1.6339376088581048e-05,0.0009746307623572648,0.001092920545488596,270.00426272128743,-0.002933968226514594,0.0023959857143371443
342.70000510662794,2.603548526763916,0.0070338016375899315,9.782641410827637,-5.223095286055468e-06,0.002743455348536372,0.0013619591481983662,270.0118032501311,-0.0029339660333533857,0.0023911308970255988
342.80000510811806,2.6202125549316406,-0.005571356974542141,9.799074172973633,-3.808369001490064e-05,0.0001120836241170764,-0.00041966239223256707,270.01243162753474,-0.0029339646626311833,0.0023860411382472285
342.9000051096082,4.206012725830078,-0.003448221832513809,9.806841850280762,6.355983259709319e-07,-0.0008133882074616849,0.0008858356159180403,270.0129507219117,-0.002933963291908981,0.0023805744313744786
343.0000051110983,5.057199001312256,0.004618325270712376,9.806645393371582,5.470822361530736e-05,-0.0007593056652694941,-0.002598077990114689,270.00439932507084,-0.002933961372903582,0.0023746545643562665
343.1000051125884,5.650809288024902,-0.003789032343775034,9.804959297180176,-4.973014802089892e-05,-0.0003591518907342106,0.000339007267029956,270.0131692879651,-0.002933959728053992,0.0023682275308110705
343.2000051140785,5.506350994110107,0.004598315339535475,9.804522514343262,2.7116542696603574e-05,-6.290815508691594e-05,-0.0007858204771764576,270.0041534382607,-0.002933957809034382,0.002361307037942323
343.30000511556864,5.025820732116699,-0.02768840081989765,9.805201530456543,-3.847986226901412e-05,0.0019840002059936523,-0.0013066700194031,270.0014213625927,-0.0029339583573317896,0.002353936400512868
343.40000511705875,2.112417697906494,0.002545001218095422,9.80966567993164,4.253306906321086e-05,0.0048138052225112915,0.00013593921903520823,269.99874392843805,-0.002933958631473388,0.002346376329531983
343.50000511854887,-1.1972867250442505,0.0024801159743219614,9.81087875366211,1.4785888424739824e-07,0.004927968140691519,3.0226750823203474e-05,269.9990717775182,-0.002933958631473388,0.002338924271314142
343.600005120039,-2.538365364074707,0.012778673321008682,9.809375762939453,3.316226138849743e-05,0.0032223318703472614,0.0014134120428934693,270.0048910986911,-0.002933957534878573,0.0023316997526732722
343.7000051215291,-2.575336456298828,-0.00218319077976048,9.808698654174805,-3.295462011010386e-05,0.0014832137385383248,-0.00013766084157396108,270.0068308724153,-0.0029339564383263905,0.002324706611626335
343.8000051230192,-1.6027804613113403,-0.009808733128011227,9.808804512023926,3.874929461744614e-06,-0.0007507980335503817,-2.167594720958732e-05,270.0064757025785,-0.0029339564383263905,0.0023178571220713647
343.90000512450933,0.4968312382698059,-4.523945972323418e-05,9.809263229370117,3.250282247790892e-07,-0.0025561328511685133,-7.039848696877016e-06,270.00642106106517,-0.0029339564383263905,0.002310963221177275
344.00000512599945,2.4720826148986816,0.024541374295949936,9.8092622756958,3.6377743526827544e-05,-0.0020456218626350164,0.0014774027513340116,270.0123496652647,-0.0029339542451651823,0.002303846989443518
344.10000512748957,2.440704107284546,-0.003087553195655346,9.809788703918457,-3.905935591319576e-05,0.0003241530794184655,-0.00017508314340375364,270.01418015596226,-0.0029339523261597833,0.002296512127815021
344.2000051289797,0.4718320667743683,-0.002602725988253951,9.810840606689453,1.4731103874510154e-06,0.0024979442823678255,-2.9771590561722405e-05,270.01379766536877,-0.0029339504071401734,0.0022891349109279186
344.3000051304698,-1.748476505279541,0.0004291702061891556,9.810343742370605,-1.022562173602637e-06,0.0037136427126824856,6.649598844887805e-07,270.0137430238554,-0.0029339487622905835,0.002281914641520113
344.4000051319599,-3.6717121601104736,-0.0016094674356281757,9.808571815490723,-3.0593128030886874e-10,0.0035000008065253496,9.414741725777276e-06,270.01377034461206,-0.0029339468432709737,0.0022750238932828125
344.50000513345003,-4.476628303527832,0.0035873674787580967,9.806694030761719,-3.2515481507289223e-07,0.0025796398986130953,1.1635753253358416e-05,270.0138249861254,-0.002933945198407173,0.002268534903178104
344.60000513494015,-4.678143501281738,0.0011422318639233708,9.805747985839844,-8.766426162765129e-07,0.0017907354049384594,1.1833212738565635e-05,270.0138796276388,-0.0029339435535433722,0.0022624650793543455
344.70000513643026,-4.646453857421875,0.0011371193686500192,9.80557632446289,1.5893672298261663e-06,0.0012228554114699364,1.1771155186579563e-05,270.0139342691522,-0.002933941634537973,0.0022568119545149203
344.8000051379204,-12.675501823425293,-0.014982761815190315,9.767712593078613,-3.3702053769957274e-07,0.017491254955530167,-0.000490597274620086,270.01144808029426,-0.002933941634537973,0.002252295705128145
344.9000051394105,-24.962318420410156,0.0022557154297828674,9.734479904174805,2.374602081545163e-05,-0.0036368791479617357,0.00010358037252444774,270.01090166516065,-0.002933941634537973,0.0022500188015660556
345.0000051409006,-2.5940606594085693,0.0005089705227874219,9.812588691711426,-3.629224693213473e-06,-0.01587558723986149,4.0770370105747133e-05,270.01098362743073,-0.002933941634537973,0.002247973412669933
345.1000051423907,5.394119739532471,-0.0010195133509114385,9.81432819366455,-8.944984983827453e-07,-0.011280753649771214,-5.560708359553246e-06,270.01092898591736,-0.002933941634537973,0.0022454429258443515
345.20000514388084,6.092580318450928,-0.0011474968632683158,9.808340072631836,2.286740254930919e-07,-0.006622444838285446,-5.407502612797543e-06,270.01090166516065,-0.002933941634537973,0.0022423652474577644
345.30000514537096,5.957155227661133,-0.0011173340026289225,9.805540084838867,4.083016165168374e-07,-0.003353081876412034,-5.932740805292269e-06,270.010874344404,-0.002933941634537973,0.0022387532622813984
345.4000051468611,5.614426136016846,-0.0010459290351718664,9.804607391357422,-5.412587142927805e-07,-0.0016462196363136172,-6.316665803751675e-06,270.0108197028906,-0.002933941634537973,0.0022346376744509407
345.5000051483512,5.440614700317383,0.00648707989603281,9.831028938293457,-2.663637133082375e-07,-0.0007946768891997635,-7.926881153252907e-06,270.0108197028906,-0.0029339408120989674,0.0022300341101783036
345.6000051498413,2.827794313430786,0.011979606933891773,9.786853790283203,-2.7344992759026354e-07,0.0031610813457518816,-1.9235260424466105e-06,270.01079238213396,-0.0029339391672351667,0.0022251773738582773
345.7000051513314,0.8880587220191956,-0.002655253978446126,9.799087524414062,1.9554647678887704e-08,0.0007157623185776174,-3.95876031689113e-06,270.0107650613773,-0.0029339372482297676,0.0022202414099024145
345.80000515282154,2.5308969020843506,0.002037269528955221,9.808265686035156,9.94572928902926e-07,-0.001485408516600728,-6.528180620080093e-06,270.0107377406206,-0.0029339356033801778,0.0022150785917297517
345.90000515431166,4.134928226470947,-0.0007581123500131071,9.808209419250488,4.946422222928959e-07,-0.0019978852942585945,-3.5239927456132136e-06,270.0106830991072,-0.002933933684346357,0.002209544856632219
346.0000051558018,4.9739909172058105,-0.0009122848277911544,9.806683540344238,6.952828925932408e-07,-0.0017237941501662135,-9.608924301574007e-05,270.01065577835055,-0.0029339320394825563,0.0022035652262070438
346.1000051572919,5.330177307128906,-0.000975091359578073,9.805285453796387,1.0233445379981276e-07,-0.001271564164198935,0.00040348328184336424,270.0106284575939,-0.0029339303946329665,0.002197107762670229
346.200005158782,5.042690277099609,-0.0034134332090616226,9.805587768554688,-1.9004362457053503e-06,0.0012843370204791427,-0.00023608651827089489,270.01051917456715,-0.0029339284756133566,0.0021901980984921922
346.3000051602721,1.8817451000213623,0.00216735084541142,9.810193061828613,-1.4243189525586786e-06,0.004618349485099316,-1.2828273838749737e-06,270.0104918538105,-0.002933926830749556,0.0021831201098560103
346.40000516176224,-1.9183744192123413,0.00036338710924610496,9.81101131439209,6.353642447720631e-07,0.00462894793599844,5.173237241251627e-06,270.0105464953238,-0.0029339249117583677,0.0021762145578390034
346.50000516325235,-3.62260365486145,-0.017183765769004822,9.808737754821777,-4.0643553802510723e-05,0.0032107282895594835,-0.0013002661289647222,270.0056834006348,-0.0029339249117583677,0.0021696341406874033
346.60000516474247,-4.2755208015441895,-0.0022156978957355022,9.807116508483887,3.865390317514539e-05,0.0018536392599344254,0.00012382074783090502,270.00368898539716,-0.0029339249117583677,0.002163437251087831
346.7000051662326,-4.489823341369629,0.0003246473497711122,9.80624008178711,-1.503284238424385e-06,0.0007997287902981043,3.0498393243760802e-05,270.0040168344773,-0.0029339249117583677,0.00215764307912509
346.8000051677227,-5.896627902984619,0.00043628260027617216,9.803943634033203,3.6485369037109194e-07,0.015347857028245926,1.678880835243035e-05,270.0041534382607,-0.0029339249117583677,0.0021523775939987218
346.9000051692128,-22.19329261779785,0.0016459219623357058,9.720221519470215,1.0518732551645371e-06,0.016570191830396652,1.3810556993121281e-05,270.0042354005307,-0.0029339249117583677,0.00214910335431492
347.00000517070293,-26.475343704223633,0.001907443511299789,9.727599143981934,3.4079948818543926e-06,0.005224188789725304,-0.00017161846335511655,270.00412611750403,-0.0029339249117583677,0.002148203613481644
347.10000517219305,-9.891600608825684,0.0007181895198300481,9.778989791870117,-8.655408691993216e-07,-0.01872568018734455,-1.7352208203647024e-07,270.00412611750403,-0.0029339249117583677,0.002148190043350246
347.20000517368317,3.334113121032715,0.0020132320933043957,9.812166213989258,0.00011788662959588692,-0.013098007068037987,-0.015104054473340511,270.00852475932953,-0.0029339246376167694,0.0021478754630314817
347.3000051751733,4.912110328674316,0.004503939300775528,9.811410903930664,-6.305966235231608e-05,-0.008541073650121689,0.00783642940223217,270.03529910087593,-0.0029339235410361653,0.0021471196478342414
347.4000051766634,5.458712577819824,-0.011014308780431747,9.808040618896484,1.370677819068078e-05,-0.0044698091223835945,-0.001164596644230187,270.0103279292704,-0.0029339235410361653,0.002145873800114307
347.5000051781535,5.897815704345703,0.0036360668018460274,9.80551815032959,1.3372395187616348e-05,-0.0031354997772723436,0.0068245804868638515,269.9889630975466,-0.0029339235410361653,0.002144098717269863
347.60000517964363,5.930098533630371,-0.0039004115387797356,9.804221153259277,1.5452382285729982e-05,-0.0018792494665831327,0.0023292526602745056,269.9892636258701,-0.0029339235410361653,0.002141791657860223
347.70000518113375,6.159115314483643,0.0036421725526452065,9.802836418151855,2.685613071662374e-05,-0.0011911230394616723,0.0032464906107634306,269.9893455881401,-0.0029339235410361653,0.002138932746440411
347.80000518262386,6.0898284912109375,0.0037222220562398434,9.80261516571045,4.9298482736048754e-06,-0.00035012452281080186,2.4775727069936693e-05,269.9884713239264,-0.0029339235410361653,0.0021355274658917994
347.900005184114,5.732395172119141,-0.0013396784197539091,9.802958488464355,1.912230345624266e-06,9.286496788263321e-05,-6.164080787129933e-06,269.98844400316966,-0.0029339235410361653,0.0021316085764305904
348.0000051856041,5.499736785888672,-0.011385967023670673,9.816123962402344,2.197468120357371e-06,0.00024652088177390397,-6.566383035533363e-06,269.988416682413,-0.00293392436346096,0.002127196638861933
348.1000051870942,4.4553327560424805,-0.004088212735950947,9.812708854675293,7.378803275059909e-07,0.0036194443237036467,-4.817314220417757e-06,269.9883893616563,-0.0029339262824663592,0.0021223855475293353
348.2000051885843,1.8904783725738525,-0.0021065054461359978,9.785200119018555,6.215418579813559e-07,0.000698434014339,-8.135569260048214e-06,269.98836204089963,-0.00293392792733016,0.0021174054463784214
348.30000519007444,3.5381247997283936,0.0007296069525182247,9.804767608642578,2.0203636097448907e-07,-0.0010649231262505054,2.6110831186088035e-06,269.988334720143,-0.002933929846335559,0.0021121080234680566
348.40000519156456,4.686651229858398,0.0009711944148875773,9.807146072387695,9.841687642619945e-07,-0.0014075121143832803,-7.452840509358793e-05,269.9882527578729,-0.0029339314912135706,0.002106390474772501
348.5000051930547,5.217672824859619,0.0010732254013419151,9.80604076385498,2.684816536202561e-06,-0.001199341961182654,0.00025471398839727044,269.98830739938626,-0.0029339331360631604,0.002100205099223811
348.6000051945448,5.4309258460998535,0.0036508350167423487,9.804970741271973,-4.940894996252609e-06,-0.0008847370627336204,-0.0006261956295929849,269.9879522295494,-0.0029339350550827703,0.0020935328438092165
348.7000051960349,5.29356575012207,0.01559955533593893,9.804754257202148,4.952841845806688e-05,0.00014086588635109365,0.0019766201730817556,269.9942906450992,-0.0029339353292101578,0.0020863861820838406
348.800005197525,4.062165260314941,0.002785328309983015,9.806803703308105,-4.3855641706613824e-05,0.002603227971121669,-0.0002151813532691449,269.9961211357968,-0.0029339353292101578,0.002078875182891242
348.90000519901514,0.7304556369781494,0.0025658500380814075,9.81077766418457,3.911040494131157e-06,0.004858836531639099,-3.491635652608238e-05,269.99562936217654,-0.0029339350550827703,0.0020712993486264103
349.00000520050526,-2.1716203689575195,-0.0026578877586871386,9.81039047241211,-9.787433441488247e-08,0.0038069672882556915,-1.5198041865005507e-06,269.99557472066317,-0.0029339350550827703,0.002063918567866416
349.1000052019954,-2.9022037982940674,-0.00021218629262875766,9.808791160583496,2.9972494530738913e-07,0.0020473706535995007,5.1631177484523505e-06,269.99560204141983,-0.0029339350550827703,0.0020567982239716293
349.2000052034855,-2.961554527282715,-0.0002162485761800781,9.808318138122559,-3.946660740439256e-07,0.0010944926179945469,6.154413313197438e-06,269.99562936217654,-0.0029339350550827703,0.0020499436627513896
349.3000052049756,-2.9824938774108887,-0.00021565206407103688,9.808160781860352,-1.9684650851559127e-06,3.2628679036861286e-05,5.775797490059631e-06,269.9956566829332,-0.0029339350550827703,0.0020433565290701077
349.4000052064657,-2.342294931411743,0.010204729624092579,9.808445930480957,5.8047462516697124e-05,-0.0012902754824608564,0.001893974607810378,270.00284204194,-0.002933933958502166,0.0020369795268174386
349.50000520795584,-0.7004104852676392,7.52220512367785e-05,9.809187889099121,-5.49163632967975e-05,-0.00312162097543478,-0.0002531341160647571,270.00532823079794,-0.0029339331360631604,0.002030665029412419
349.60000520944595,1.735386848449707,-0.01013267133384943,9.80941390991211,5.321269782143645e-06,-0.003953762352466583,-4.259156412445009e-05,270.00472717415096,-0.0029339331360631604,0.002024194681104378
349.70000521093607,3.5913336277008057,-0.0002782240626402199,9.80850887298584,6.364007276715711e-08,-0.0035926580894738436,-1.4426422239921521e-05,270.00461789112427,-0.0029339331360631604,0.002017402076443651
349.8000052124262,4.328650951385498,-0.0003322147240396589,9.807705879211426,-5.859925522599951e-07,-0.0015750518068671227,-9.687370948086027e-06,270.00453592885424,-0.0029339331360631604,0.002010221146709695
349.9000052139163,3.098478317260742,0.022003937512636185,9.809062004089355,4.5445085561368614e-05,0.0014711038675159216,0.0015488298377022147,270.0105464953238,-0.0029339312170719722,0.0020027625090342067
350.0000052154064,0.07784965634346008,-0.002501165959984064,9.811062812805176,-4.253696897649206e-05,0.003825529245659709,-0.00012964295456185937,270.01286875964166,-0.0029339292980523624,0.0019952970177570025
350.10000521689653,-2.893890380859375,0.013468918390572071,9.809979438781738,4.7022444050526246e-05,0.003679091576486826,0.0013933565933257341,270.0178684581141,-0.0029339265566079575,0.001988091277984835
350.20000521838665,-4.197301864624023,-0.003516958560794592,9.807634353637695,-4.152463225182146e-05,0.002420516684651375,-0.0001094233593903482,270.0200541186485,-0.002933924089319362,0.0019812622121629783
350.30000521987677,-4.624564170837402,-0.005888577550649643,9.806242942810059,1.0555527296673972e-06,0.0012631692225113511,-1.034122942655813e-05,270.01980823183834,-0.002933922170299752,0.0019748480633890084
350.4000052213669,-4.715893268585205,-0.000857476145029068,9.805654525756836,-5.092025503472541e-07,0.000391376786865294,7.294280294445343e-06,270.01980823183834,-0.002933920525450162,0.0019688569189129502
350.500005222857,-4.654062747955322,0.004129229113459587,9.805420875549316,-1.3580677205027314e-06,-0.00021455447131302208,9.661845069786068e-06,270.0199175148651,-0.0029339186064305522,0.0019632827475652933
350.6000052243471,-14.70227336883545,0.005123872309923172,9.75850772857666,-3.662971721496433e-07,0.01755715161561966,1.4061668480280787e-05,270.01997215637846,-0.0029339169615667515,0.001959027346259829
350.70000522583723,-25.113502502441406,-0.00622362457215786,9.736209869384766,9.055443115357775e-07,-0.004965437110513449,-1.6320818758686073e-05,270.02002679789183,-0.002933916687425153,0.001957025135054517
350.80000522732735,-2.41711163520813,-0.004155859351158142,9.810189247131348,-8.279866960947402e-07,-0.016301317140460014,-7.229486072901636e-05,270.01994483562174,-0.002933916687425153,0.001955238126943087
350.90000522881746,5.473863124847412,-0.0019049238180741668,9.814088821411133,-7.952712621772662e-07,-0.01147445011883974,0.0001667434989940375,270.02002679789183,-0.002933916413283555,0.0019529590302284484
351.0000052303076,6.089984893798828,0.01789362169802189,9.808364868164062,-9.727250471769366e-07,-0.006973469629883766,-5.391645572672132e-06,270.01994483562174,-0.0029339147684055433,0.0019501327419528044
351.1000052317977,6.179795742034912,-0.02171764150261879,9.805334091186523,-1.6087347830762155e-05,-0.003510294482111931,-0.0009336635121144354,270.0156827975797,-0.0029339147684055433,0.0019467521343703702
351.2000052332878,5.752131462097168,0.013436557725071907,9.804444313049316,2.6432859158376232e-05,-0.0016451656119897962,0.00026742200134322047,270.0158740428764,-0.0029339133976975518,0.00194285572472279
351.3000052347779,5.510745525360107,0.0009591700509190559,9.816895484924316,-9.102735020860564e-06,-0.0008427097927778959,1.7636227767070523e-06,270.01622921271326,-0.002933911752833751,0.0019384651703914864
351.40000523626804,2.8565547466278076,0.0017038923688232899,9.810349464416504,-8.854412953951396e-07,0.01252188440412283,9.044350917974953e-06,270.01622921271326,-0.002933909833828352,0.0019338187025721072
351.50000523775816,-7.085531234741211,0.0020197045523673296,9.768726348876953,1.5845608913878095e-07,-0.00022240614634938538,-2.4527380446670577e-06,270.01625653346997,-0.0029339081889503404,0.0019298085231360413
351.6000052392483,2.566941022872925,-0.01804308407008648,9.830741882324219,-2.2316309696179815e-05,-0.003415430895984173,-0.0010969635332003236,270.01131147651085,-0.002933907914808742,0.001925568062682318
351.7000052407384,4.280344009399414,0.006682786159217358,9.841399192810059,2.3823931769584306e-05,-0.0021521858870983124,0.00024078806745819747,270.01131147651085,-0.002933907092383947,0.00192094352638843
351.8000052422285,2.2746798992156982,-0.010325244627892971,9.784294128417969,-2.77349663519999e-05,0.0007366760401055217,-0.001041650539264083,270.0074865705757,-0.002933907092383947,0.001916115163979508
351.9000052437186,2.450380563735962,-0.0002656336291693151,9.799506187438965,2.677604425116442e-05,-0.0011041817488148808,0.0002124222955899313,270.00672158938863,-0.002933907092383947,0.001911066938027537
352.00000524520874,4.122113227844238,-0.0005111756618134677,9.807228088378906,-7.188640211097663e-06,-0.0015561134787276387,0.000131234060972929,270.0073499667923,-0.002933907092383947,0.0019056493029430735
352.10000524669886,4.961302280426025,-0.00047248697956092656,9.807025909423828,7.1389495133189484e-06,-0.0012702845269814134,-0.001195776043459773,270.00560143836475,-0.002933907092383947,0.0018997867320352073
352.200005248189,5.390141010284424,0.0013226731680333614,9.805624961853027,-3.8969697925494984e-05,-0.0008445816347375512,0.0029990363400429487,270.0126501935882,-0.002933906818242349,0.0018934407080622945
352.3000052496791,5.678592681884766,0.007171956822276115,9.804296493530273,2.7689595299307257e-05,-0.0003263681719545275,-0.0019157329807057977,270.003443098587,-0.002933905995803343,0.0018865857356259515
352.4000052511692,5.1170525550842285,0.004307382274419069,9.805131912231445,-3.3824526326498017e-06,0.0016657576197758317,0.000522420450579375,270.0078963819259,-0.0029339046250811407,0.0018792719830907395
352.5000052526593,2.505338430404663,0.004698730539530516,9.809164047241211,-1.6410099306085613e-06,0.0043734037317335606,1.1697751745032292e-07,270.0071587214955,-0.00293390298021734,0.0018717338436353458
352.60000525414944,-0.90694659948349,-0.0023759696632623672,9.811064720153809,2.549011810515367e-07,0.005574423354119062,5.389607395045459e-06,270.0071587214955,-0.002933901061211941,0.001864277536184441
352.70000525563955,-3.3741750717163086,0.0004341926542110741,9.809374809265137,5.69821111184865e-07,0.004715996794402599,9.8374066510587e-06,270.0072133630089,-0.0029338996905039494,0.0018571241579293835
352.80000525712967,-4.350120544433594,-0.0169389508664608,9.807251930236816,5.670071914209984e-07,0.0034095575101673603,1.1296203410893213e-05,270.00726800452225,-0.0029338996905039494,0.0018503610237560347
352.9000052586198,-4.679812908172607,0.0006086698267608881,9.80606460571289,-6.918304507053108e-07,0.0023311388213187456,1.167914888355881e-05,270.0073499667923,-0.0029338996905039494,0.0018440177412238083
353.0000052601099,-4.733564853668213,0.0006198969203978777,9.805546760559082,7.262502776939073e-07,0.0015640219207853079,1.2095624697394669e-05,270.00740460830565,-0.0029338996905039494,0.0018380988337098367
353.1000052616,-4.630423069000244,0.0006114727584645152,9.805399894714355,9.207388274035111e-08,0.0010320072760805488,1.1787309631472453e-05,270.00745924981896,-0.0029338996905039494,0.0018325951173878202
353.20000526309013,-16.91020965576172,0.0022287084721028805,9.748650550842285,-1.1234665180381853e-06,0.017442071810364723,1.3496623978426214e-05,270.00754121208905,-0.0029338996905039494,0.0018286082401975888
353.30000526458025,-25.088356018066406,0.0033255438320338726,9.737833023071289,3.29542558574758e-07,-0.005823813378810883,-2.5853976239886833e-06,270.00759585360237,-0.0029338996905039494,0.0018268719487388575
353.40000526607037,-2.331580877304077,0.00031490036053583026,9.807991981506348,1.219591467815917e-07,-0.01640934869647026,-1.6099804270197637e-05,270.00754121208905,-0.0029338996905039494,0.0018253434584841553
353.5000052675605,5.126971244812012,-0.0004291025979910046,9.81386661529541,-9.409262020199094e-06,-0.01163328904658556,-0.0009265367989428341,270.0046452118809,-0.0029338996905039494,0.001823353720833966
353.6000052690506,5.939467430114746,-0.0005184499896131456,9.808633804321289,1.445170710212551e-05,-0.007132615894079208,0.00019948366389144212,270.0052189477712,-0.0029338996905039494,0.0018208304988262037
353.7000052705407,6.269665718078613,-0.0005718654720112681,9.805303573608398,-6.132409453130094e-06,-0.003934198059141636,-3.25794917444e-06,270.0053828723113,-0.0029338996905039494,0.001817744733189592
353.80000527203083,5.985997200012207,-0.0005445346469059587,9.804232597351074,-1.2040009096381254e-06,-0.0017768570687621832,-5.936377419857308e-06,270.00532823079794,-0.0029338996905039494,0.001814122193466583
353.90000527352095,5.623367786407471,-0.0005087484023533762,9.803910255432129,-2.5517309154565737e-07,-0.0007542782695963979,-6.343738277791999e-06,270.0053009100413,-0.0029338996905039494,0.001809995365729311
354.00000527501106,5.178433895111084,-0.0004638576356228441,9.831435203552246,-1.0467136917213793e-06,0.0007599920500069857,-4.849046945309965e-06,270.00527358928457,-0.0029338996905039494,0.0018054045491558658
354.1000052765012,1.6891981363296509,-0.00014381096116267145,9.78822135925293,-2.7590760964812944e-07,0.005006501916795969,5.041911208536476e-07,270.0052462685279,-0.0029338996905039494,0.001800662405056531
354.2000052779913,-1.5187327861785889,0.00015007707406766713,9.80020523071289,-1.717657141853124e-06,0.0026778788305819035,2.5184524474752834e-06,270.00527358928457,-0.0029338996905039494,0.0017960569217754137
354.3000052794814,-0.6200428605079651,6.747524457750842e-05,9.809774398803711,8.706732046448451e-08,-0.0005060152616351843,-1.0057340205094079e-06,270.00527358928457,-0.0029338996905039494,0.0017915073638842987
354.4000052809715,1.6401585340499878,-0.00013985736586619169,9.810357093811035,-1.77082915797655e-06,-0.0026396012399345636,-9.068970939551946e-06,270.00527358928457,-0.0029338996905039494,0.001786810590628324
354.50000528246164,3.662705898284912,0.016918262466788292,9.808887481689453,3.366909368196502e-05,-0.0029804997611790895,0.0012619557091966271,270.01010936321694,-0.002933898045625938,0.0017817853927781188
354.60000528395176,4.767570972442627,-0.0008805443649180233,9.807074546813965,-3.913625914719887e-05,-0.00246249046176672,-0.0010517772752791643,270.01065577835055,-0.002933896400762137,0.0017763325301808348
354.7000052854419,5.283087730407715,0.0013750495854765177,9.805551528930664,3.7757108657388017e-05,-0.0018188162939622998,0.006715442985296249,270.0123496652647,-0.0029338947558983364,0.0017704058095609069
354.800005286932,5.575656414031982,-0.0006448245258070529,9.804289817810059,-9.401271381648257e-05,-0.0016801361925899982,-0.015593841671943665,270.0066396271186,-0.0029338928368929373,0.001763979187231814
354.9000052884221,5.707642078399658,-0.003747149370610714,9.803689002990723,6.812434730818495e-05,-0.0007682593422941864,0.01083818357437849,270.0126501935882,-0.002933891466170735,0.0017570410120706387
355.0000052899122,5.064627647399902,0.004150138236582279,9.804935455322266,-9.510597010375932e-06,0.0017251363024115562,-0.0014616233529523015,270.0097541933801,-0.0029338892730237376,0.0017496488543317958
355.10000529140234,1.9359527826309204,-0.002824091352522373,9.809743881225586,6.689521114822128e-07,0.0048627182841300964,-4.491620586577483e-07,270.0099454386769,-0.002933887628145726,0.0017420833004695379
355.20000529289246,-1.9481760263442993,-0.0021508571226149797,9.811056137084961,1.0168257631448796e-06,0.0049332138150930405,5.824589152325643e-06,270.0099454386769,-0.002933885983296136,0.0017346929246671412
355.3000052943826,-3.78515362739563,0.0031705794390290976,9.808595657348633,1.0139463029190665e-06,0.0034609208814799786,9.208076335198712e-06,270.01000008019025,-0.0029338840642765263,0.0017276423504378234
355.4000052958727,-4.475745677947998,0.0007953577442094684,9.806842803955078,6.016908855599468e-07,0.0020251094829291105,1.0205186299572233e-05,270.01005472170357,-0.0029338824194269364,0.0017209933972690634
355.5000052973628,-4.715157985687256,0.000843794783577323,9.805891990661621,5.683295398739574e-07,0.0009109964012168348,1.0828918675542809e-05,270.0101640047303,-0.0029338805003931157,0.0017147673113261806
355.6000052988529,-4.709961891174316,0.0008466109284199774,9.805506706237793,3.519280653563328e-07,0.0001268510241061449,1.0177484000450931e-05,270.01019132548697,-0.002933878855543526,0.0017089635443210377
355.70000530034304,-5.993739128112793,-0.003915745764970779,9.803360939025879,-3.756504156626761e-07,0.014880935661494732,1.2698576938419137e-05,270.0103006085137,-0.0029338774848213234,0.001703696962618395
355.80000530183315,-22.215063095092773,-0.010982764884829521,9.719107627868652,8.300794434035197e-07,0.01627141796052456,1.3632635273097549e-05,270.0103552500271,-0.0029338774848213234,0.001700423545366799
355.90000530332327,-24.903621673583984,0.004217440728098154,9.740642547607422,-9.22764593269676e-06,-0.00850420631468296,-0.00018659053603187203,270.00972687262345,-0.0029338774848213234,0.0016993838539864818
356.0000053048134,-0.9704491496086121,0.00014327309327200055,9.805585861206055,-2.537252839829307e-06,-0.01832631789147854,9.88442752714036e-06,270.00833351403276,-0.0029338774848213234,0.001698429558483546
356.1000053063035,5.75602912902832,-0.0007546506240032613,9.8137788772583,1.3409544408204965e-05,-0.01184549368917942,-0.0014558265684172511,270.0077051366291,-0.0029338774848213234,0.0016969575419069837
356.2000053077936,5.863356590270996,-0.0008857336943037808,9.808828353881836,-1.443844575987896e-05,-0.006993766408413649,-0.004714163951575756,270.0085520800862,-0.0029338774848213234,0.0016949588945745638
356.30000530928373,6.119610786437988,-0.0035355528816580772,9.805614471435547,1.4106299204286188e-05,-0.004055594559758902,0.0002023983106482774,270.0099454386769,-0.0029338777589629217,0.0016924114108167266
356.40000531077385,6.267538070678711,0.003907925449311733,9.80370807647705,-5.68327413930092e-06,-0.0021352930925786495,-3.314429704914801e-06,270.0101640047303,-0.0029338774848213234,0.001689301657574109
356.50000531226397,5.963811874389648,-0.0035331128165125847,9.80337905883789,-2.1309110707079526e-06,-0.0007789197843521833,-5.922581294726115e-06,270.01010936321694,-0.0029338774848213234,0.001685657186325609
356.6000053137541,5.605477333068848,-0.0009724595583975315,9.803498268127441,-5.373819931264734e-07,-0.00020802274229936302,-6.361638952512294e-06,270.0100820424603,-0.0029338774848213234,0.0016815102089992918
356.7000053152442,5.0799689292907715,-0.0008759480551816523,9.833313941955566,-1.3115804904373363e-06,0.0016141586238518357,-5.673485247825738e-06,270.0100274009469,-0.0029338774848213234,0.0016769078783749635
356.8000053167343,1.0625766515731812,-0.00017429377476219088,9.784647941589355,8.665199402457802e-08,0.005930411163717508,-1.8535571655320382e-07,270.0100274009469,-0.0029338774848213234,0.001672210693902886
356.90000531822443,-1.7779223918914795,0.0003217229968868196,9.79714584350586,-1.1422100669733481e-06,0.0029276979621499777,1.937290790010593e-06,270.0100274009469,-0.0029338774848213234,0.0016676734724948598
357.00000531971455,-0.5240678787231445,0.0001022497599478811,9.798273086547852,-4.736164100904716e-07,0.00022854031703900546,-1.3884067584513105e-06,270.0100274009469,-0.0029338774848213234,0.0016631834038666397
357.10000532120466,0.7386426329612732,-0.00010494125308468938,9.850676536560059,-4.80469634567271e-06,0.001170368050225079,0.0006017491105012596,270.0089618914364,-0.0029338774848213234,0.0016586269923738088
357.2000053226948,0.360002338886261,-5.218009027885273e-05,9.790823936462402,1.1209417607460637e-06,-0.0008136424003168941,-3.6527664633467793e-05,270.01000008019025,-0.0029338774848213234,0.0016540383689529125
357.3000053241849,2.3783178329467773,-0.00041508671711198986,9.805720329284668,1.8128682768292492e-06,-0.002243193332105875,0.0005655776476487517,270.010273287757,-0.0029338774848213234,0.0016492364614466145
357.400005325675,4.099686145782471,0.014397494494915009,9.807628631591797,-8.064215762715321e-06,-0.0022622563410550356,-0.00490909069776535,270.00857940084285,-0.002933876114113332,0.0016440667896722358
357.5000053271651,5.112146377563477,-0.012113267555832863,9.806248664855957,5.248746674624272e-06,-0.003129695076495409,0.030771583318710327,270.02379706231363,-0.002933875565830135,0.0016384386119430569
357.60000532865524,6.3205180168151855,0.0005455831997096539,9.803706169128418,0.00013645828585140407,-0.00045147459604777396,0.04040900617837906,270.0175952505473,-0.002933875017518517,0.0016322435042799303
357.70000533014536,5.0307512283325195,-0.02062404341995716,9.805418014526367,0.00020706371287815273,-0.00028631254099309444,0.039113037288188934,270.00658498560523,-0.002933876114113332,0.0016255975666959253
357.8000053316355,5.1059112548828125,0.007089167833328247,9.804471015930176,0.00025938707403838634,-1.7714044588501565e-05,0.0395212396979332,270.0046998533943,-0.0029338766623823176,0.001618493945589326
357.9000053331256,4.498801231384277,0.00448444252833724,9.805805206298828,0.0002446371945552528,0.0022585445549339056,0.04448963329195976,270.00672158938863,-0.0029338766623823176,0.001610987058557757
358.0000053346157,1.2398372888565063,-0.0001728040660964325,9.810434341430664,0.0001859098265413195,0.005100092384964228,0.050054822117090225,270.00852475932953,-0.0029338766623823176,0.0016033694173224577
358.1000053361058,-2.2740681171417236,-0.02491169236600399,9.810694694519043,1.0344356269342825e-06,0.005065002012997866,0.050241775810718536,270.0034977401004,-0.0029338785814019275,0.001595956013418295
358.20000533759594,-3.9270308017730713,0.007574161980301142,9.808296203613281,-6.0808473790530115e-05,0.0036350348964333534,0.052880123257637024,270.0011208342692,-0.0029338805003931157,0.0015888951587864034
358.30000533908606,-4.206891059875488,-0.0024215090088546276,9.806907653808594,-0.00016904181393329054,0.00136178033426404,0.053379129618406296,270.0011208342692,-0.0029338821452711272,0.0015822116634649948
358.4000053405762,-3.316105842590332,6.004684109939262e-05,9.807205200195312,-0.00017840565124060959,-0.00031348783522844315,0.05586092174053192,270.00109351351256,-0.0029338840642765263,0.0015758254773860262
358.5000053420663,-1.7421290874481201,6.424718776543159e-06,9.808515548706055,-0.0001378479937557131,-0.0025098100304603577,0.05415387824177742,270.0002465700554,-0.002933885709154538,0.0015695955534261825
358.6000053435564,0.848636269569397,0.002525287913158536,9.809464454650879,-5.462989429361187e-05,-0.0037698927335441113,0.048923932015895844,269.998661966168,-0.0029338873540041277,0.0015632891432711881
358.7000053450465,3.039872884750366,-0.004840364679694176,9.80907917022705,3.107148950221017e-05,-0.003679950488731265,0.04405669867992401,269.9971866453073,-0.0029338892730237376,0.0015567098226958627
358.80000534653664,3.968660593032837,0.0051574003882706165,9.808433532714844,0.0001135903803515248,-0.0011101720156148076,0.046563200652599335,269.9978696642243,-0.0029338909178733275,0.0015497745260474082
358.90000534802675,1.8275692462921143,0.009888355620205402,9.810627937316895,0.00016529035929124802,0.0028903167694807053,0.055225636810064316,270.0058200044182,-0.002933891466170735,0.0015426754283179413
359.00000534951687,-1.733634114265442,0.00026679207803681493,9.811006546020508,-2.0009025320177898e-05,0.003946962766349316,0.05500233545899391,270.00830619327604,-0.0029338922886097407,0.0015357319073474277
359.100005351007,-3.5233826637268066,-0.011979716829955578,9.80868911743164,-9.745158604346216e-05,0.003163757734000683,0.055982381105422974,270.00830619327604,-0.0029338939334877523,0.0015291047486321245
359.2000053524971,-4.230933666229248,0.02104192227125168,9.807107925415039,-0.00016237400996033102,0.002161243464797735,0.05874212831258774,270.01344249553193,-0.0029338939334877523,0.0015228570053078191
359.3000053539872,-4.501323699951172,0.0037400037981569767,9.80616569519043,-0.00028582935919985175,0.0012993770651519299,0.05925820767879486,270.015737439093,-0.0029338936593177323,0.0015170130761966204
359.40000535547733,-4.512238025665283,-0.003746346104890108,9.805825233459473,-0.0002913168864324689,0.0006625287351198494,0.06105276569724083,270.0159560051465,-0.0029338939334877523,0.0015115736466587
359.50000535696745,-13.615983009338379,-0.005265832878649235,9.76241683959961,-1.6713484001229517e-05,0.01785772480070591,-0.0015157362213358283,269.96735237901265,-0.0029338939334877523,0.0015073555289465707
359.60000535845757,-26.760046005249023,-0.015698129311203957,9.724528312683105,-4.440606426214799e-05,0.012887782417237759,0.0001550094602862373,269.9663961525289,-0.0029338939334877523,0.0015055379537714877
359.7000053599477,-18.384716033935547,-0.010738658718764782,9.754426956176758,3.859928256133571e-05,-0.01850082352757454,0.00023318138846661896,269.9665873978256,-0.0029338939334877523,0.001505368943953171
359.8000053614378,3.598673105239868,0.0032406123355031013,9.811853408813477,2.8253765776753426e-05,-0.015404404141008854,0.008104897104203701,269.9882254371162,-0.0029338936593177323,0.0015048752104855506
359.9000053629279,4.941892147064209,-0.0034457100555300713,9.812206268310547,6.784075958421454e-05,-0.010412552393972874,0.009633107110857964,269.98199630459317,-0.002933894207600929,0.0015039370894826644
360.00000536441803,5.795646667480469,0.013537521474063396,9.80817985534668,-4.540818736131769e-06,-0.00584623496979475,-0.005914845038205385,269.99016521084053,-0.0029338931110345357,0.001502478780109534
360.10000536590815,6.050167560577393,0.00410842290148139,9.805459976196289,3.105037467321381e-05,-0.003492878982797265,0.010432715527713299,270.00871600462625,-0.0029338917403123332,0.001500477528408462
360.20000536739826,6.208996295928955,-0.0017177112167701125,9.803781509399414,4.427634848980233e-05,-0.0019071403658017516,0.007175034377723932,270.01622921271326,-0.002933890369590131,0.0014979194901039823
360.3000053688884,6.0428147315979,-0.011451482772827148,9.803132057189941,-1.1628791980911046e-05,-0.0009562917402945459,0.0006225160323083401,270.0137430238554,-0.002933889821321145,0.0014948196060478357
360.4000053703785,5.868342399597168,0.02059148997068405,9.802999496459961,3.473337346804328e-05,-0.00024012253561522812,0.0013725645840168,270.0193437789748,-0.0029338873540041277,0.0014911936395239688
360.5000053718686,5.5821309089660645,-0.009365500882267952,9.803228378295898,-4.00443677790463e-05,6.046964699635282e-05,-0.0004040183557663113,270.0191252129214,-0.002933885709154538,0.001487067360074834
360.6000053733587,5.199161529541016,-0.001679569366388023,9.830989837646484,1.1051304682041518e-05,0.0010265123564749956,-6.720108103763778e-06,270.0185514770311,-0.0029338840642765263,0.0014824751727810456
360.70000537484884,1.775935173034668,-0.000565561291296035,9.788055419921875,2.747031885519391e-06,0.005185453221201897,-1.0977769306919072e-06,270.01849683551774,-0.0029338821452711272,0.0014777238448554116
360.80000537633896,-1.5724023580551147,0.0005186916678212583,9.800329208374023,7.762209861539304e-07,0.003474558237940073,2.164395709769451e-06,270.01849683551774,-0.0029338805003931157,0.0014731142494132643
360.9000053778291,-1.1028014421463013,-0.0021333754993975163,9.8040132522583,7.553175578323135e-07,0.0002713978465180844,-6.458144525822718e-06,270.01849683551774,-0.0029338785814019275,0.0014686036199798964
361.0000053793192,0.5063806772232056,0.0023474963381886482,9.819558143615723,-2.4734868020459544e-07,-0.003153230296447873,1.6636458894936368e-06,270.01849683551774,-0.0029338769365381268,0.0014640477567752026
361.1000053808093,2.042358160018921,-0.015525493770837784,9.811872482299805,-1.4937590094632469e-05,-0.00029422284569591284,-0.0010746787302196026,270.01377034461206,-0.0029338766623823176,0.0014593084911885888
361.2000053822994,2.183856964111328,0.01439429260790348,9.805617332458496,4.729366992251016e-05,-0.0017616294790059328,0.001345077296718955,270.017704533574,-0.0029338747433769186,0.001454373486736966
361.30000538378954,3.969879388809204,0.0037043862976133823,9.807072639465332,-3.441660737735219e-05,-0.0020178428385406733,-0.0002741528151091188,270.0187973638412,-0.0029338725502157104,0.001449082506212214
361.40000538527966,4.910694599151611,-0.009230514988303185,9.806241035461426,-9.509617484582122e-06,-0.0015828384784981608,0.0011312126880511642,270.02030000545864,-0.0029338709053661205,0.0014433509761691578
361.50000538676977,5.401082515716553,-0.010711191222071648,9.805000305175781,2.1039677449152805e-05,-0.0010498506017029285,-0.0020975058432668447,270.0070221177121,-0.002933870357082924,0.0014371351706288491
361.6000053882599,5.7184367179870605,0.0153548214584589,9.80394458770752,4.457929026102647e-05,-0.00042666454100981355,0.0024930217768996954,270.0223217414529,-0.0029338678897801174,0.0014304067156801835
361.70000538975,5.229685306549072,0.0057245707139372826,9.804693222045898,-3.3486874599475414e-05,0.0009683202370069921,-0.0008131117792800069,270.019671628055,-0.0029338651483215017,0.0014232093373021091
361.8000053912401,3.356250286102295,-0.006191860884428024,9.80785846710205,5.986663609292009e-07,0.00389055791310966,-2.874644451367203e-05,270.02068249605213,-0.002933862681032906,0.0014157114970248055
361.90000539273024,-0.3247221112251282,0.012633793987333775,9.811100959777832,7.217568054329604e-08,0.00564762856811285,-1.5929437040540506e-06,270.0206005337821,-0.0029338591171637063,0.0014082429901628461
362.00000539422035,-3.0733683109283447,-0.018885601311922073,9.809769630432129,1.9864182831952348e-07,0.004905207548290491,8.270209946203977e-06,270.0206005337821,-0.0029338571981583073,0.001401050409305973
362.10000539571047,-3.9992475509643555,-0.0010498743504285812,9.80771255493164,-1.0507706065254752e-06,0.0031418215949088335,9.945153578883037e-06,270.0206551752955,-0.0029338555532945065,0.001394216820106984
362.2000053972006,-3.6806094646453857,0.003838310018181801,9.807154655456543,-3.9494204884249484e-07,0.0006756843067705631,7.796747922839131e-06,270.0207098168088,-0.002933853908430706,0.0013877134374386717
362.3000053986907,-2.1348578929901123,0.000780574744567275,9.808172225952148,-3.458408173173666e-07,-0.001278182491660118,4.08625874115387e-06,270.0207098168088,-0.0029338519894395176,0.001381401270258236
362.4000054001808,0.08906924724578857,-0.007569265551865101,9.809317588806152,-2.843463880708441e-05,-0.0030601820908486843,-0.0013396900612860918,270.01530030698615,-0.0029338508928447027,0.001375080878755741
362.50000540167093,2.4889392852783203,0.0019111551810055971,9.809283256530762,3.7326411984395236e-05,-0.003398007480427623,0.00020370825950521976,270.0138249861254,-0.0029338495221225003,0.0013685371969093388
362.60000540316105,4.03729248046875,-0.01063484512269497,9.80811595916748,-3.9657341403653845e-05,-0.002814673585817218,-0.0014670799719169736,270.00830619327604,-0.0029338489738393037,0.0013616310966041943
362.70000540465117,4.072308540344238,-0.00044908010750077665,9.808258056640625,3.6309917049948126e-05,0.0012680933577939868,0.0001737011771183461,270.0064757025785,-0.0029338486996834945,0.0013543598363996217
362.8000054061413,0.24044109880924225,0.014981715008616447,9.811559677124023,-2.852923898899462e-06,0.004419805947691202,3.7967362004565075e-05,270.00694015544207,-0.0029338470548339046,0.001347067192957695
362.9000054076314,-2.6698484420776367,-0.009659957140684128,9.810033798217773,8.586346780248277e-07,0.004317078273743391,1.5098581570782699e-05,270.00707675922547,-0.0029338459582533005,0.0013400142885037938
363.0000054091215,-3.904414415359497,-0.012413792312145233,9.807941436767578,-2.2798232748755254e-05,0.003422076813876629,-0.0012458530254662037,270.0019131362129,-0.0029338462324091097,0.0013333117401696148
363.10000541061163,-4.4454665184021,0.012960659340023994,9.806605339050293,5.008796142647043e-05,0.0024762956891208887,0.0013042293721809983,270.0052189477712,-0.002933845409955893,0.0013270079343832724
363.20000541210175,-4.605622291564941,0.0005820772494189441,9.805876731872559,-2.9034305043751374e-05,0.001715887221507728,-7.369567174464464e-05,270.00713140073884,-0.0029338443133895,0.0013211171266363363
363.30000541359186,-5.27443265914917,-0.009780442342162132,9.80460262298584,7.328886567847803e-06,0.012003632262349129,-0.0008926247828640044,270.00273275891334,-0.0029338443133895,0.00131569908033577
363.400005415082,-20.670780181884766,0.0002783449017442763,9.729179382324219,2.7504420359036885e-05,0.016888316720724106,-5.949951082584448e-05,270.0007656644324,-0.0029338443133895,0.001312135618659553
363.5000054165721,-24.9838924407959,0.0002921436389442533,9.740321159362793,2.3536890125797072e-07,-0.007675754837691784,-3.1114900593820494e-06,270.00065638140563,-0.0029338443133895,0.0013108131476724336
363.6000054180622,-1.4542219638824463,4.1211009374819696e-05,9.806087493896484,-5.612741006189026e-06,-0.01748146302998066,0.0010222041746601462,270.00123011729596,-0.0029338443133895,0.0013096196614696095
363.7000054195523,5.737300395965576,0.0029312986880540848,9.813714981079102,1.3540015061153099e-05,-0.01139572262763977,-0.00389978033490479,269.99584792823,-0.0029338440392479015,0.0013079099619855363
363.80000542104244,5.8733601570129395,-0.00502562103793025,9.808794975280762,1.3655542261403752e-06,-0.006711727008223534,-6.043136090738699e-05,270.00041049459554,-0.0029338443133895,0.001305672946385434
363.90000542253256,6.164706707000732,0.0024943817406892776,9.805425643920898,-1.945212943610386e-06,-0.004044528119266033,-5.685106316377642e-06,270.00021924929877,-0.0029338443133895,0.001302882708054816
364.0000054240227,6.222480297088623,-9.552199117024429e-06,9.803829193115234,-1.4236945844459115e-06,-0.0019032960990443826,-5.849322405993007e-06,270.0001919285421,-0.0029338443133895,0.0012995345865445158
364.1000054255128,5.77113676071167,1.4386841939995065e-07,9.803716659545898,3.962711900840077e-07,-0.0007292341906577349,-6.147687599877827e-06,270.0001099662721,-0.0029338443133895,0.0012956688810326232
364.2000054270029,5.520317077636719,6.005748218740337e-07,9.810698509216309,-5.777858405053848e-07,-0.0003030994557775557,-6.5056683524744585e-06,270.0001099662721,-0.0029338443133895,0.0012913083454768356
364.300005428493,4.730343341827393,5.96351537751616e-06,9.823718070983887,-4.0912181020758e-07,0.0038154292851686478,-2.822368060151348e-06,270.0000553247587,-0.0029338443133895,0.0012865238461188962
364.40000542998314,1.9140913486480713,9.055508598976303e-06,9.78063678741455,1.141439298635305e-07,0.001450743991881609,-8.474993592244573e-06,270.0000553247587,-0.0029338443133895,0.0012815680067180567
364.50000543147326,3.376655340194702,1.2853432963311207e-05,9.804059028625488,9.985222959585371e-07,-0.00044625773443840444,9.72337966231862e-06,269.9999733624887,-0.0029338443133895,0.0012763095122654388
364.60000543296337,4.598942279815674,7.164213002397446e-06,9.807178497314453,-2.106423153236392e-06,-0.000883062370121479,-3.771234332816675e-05,270.0000553247587,-0.0029338443133895,0.0012706388422056205
364.7000054344535,5.182516098022461,7.765677582938224e-05,9.806276321411133,4.973430804966483e-06,-0.000721706310287118,-0.000255745486356318,269.99926302281494,-0.0029338443133895,0.0012645034979494576
364.8000054359436,5.424577713012695,-0.00015347877342719585,9.805070877075195,-1.2730333764920942e-05,-0.00043806119356304407,0.0011961160926148295,270.00174921167286,-0.0029338443133895,0.0012578816850434928
364.9000054374337,5.126917839050293,0.002601931570097804,9.805270195007324,3.483052751107607e-06,0.0015600532060489058,-0.0006648740381933749,269.9989898152482,-0.0029338440392479015,0.0012508005437505219
365.00000543892384,2.4100582599639893,-0.004979812540113926,9.809542655944824,-5.472315933729988e-07,0.004918019287288189,-2.681591922737425e-06,269.9997821171919,-0.0029338443133895,0.0012435033769314626
365.10000544041395,-1.5138815641403198,0.002504306146875024,9.811254501342773,3.6126846225670306e-07,0.005578413140028715,5.9928474911430385e-06,269.9997821171919,-0.0029338443133895,0.0012363424597145174
365.20000544190407,-3.5021214485168457,-2.4849887267919257e-06,9.809038162231445,-2.605717668302532e-07,0.00444001704454422,9.8505388450576e-06,269.9997821171919,-0.0029338443133895,0.0012294959857443023
365.3000054433942,-4.281545639038086,-2.8067443054169416e-06,9.807182312011719,-1.663225788206546e-07,0.003197817597538233,1.1033956980099902e-05,269.99983675870527,-0.0029338443133895,0.0012230334505422176
365.4000054448843,-4.5710577964782715,2.285570189997088e-06,9.806196212768555,-1.6186145046503952e-07,0.0021962306927889585,1.1737291970348451e-05,269.9998914002186,-0.0029338443133895,0.0012169811719388525
365.5000054463744,-4.597189903259277,7.16356862540124e-06,9.805734634399414,-7.37467814815318e-07,0.0014814370078966022,1.1056136827392038e-05,269.9999733624887,-0.0029338443133895,0.0012113409318706533
365.60000544786453,-12.651436805725098,2.2451800759881735e-05,9.768186569213867,3.466223859049933e-07,0.017656885087490082,1.4498706150334328e-05,270.0000553247587,-0.0029338443133895,0.0012068355111745893
365.70000544935465,-26.674448013305664,6.434012175304815e-05,9.72074031829834,-4.3079768374809646e-07,0.013260161504149437,9.859883903118316e-06,270.0001099662721,-0.0029338443133895,0.0012047229569816496
365.80000545084476,-21.250320434570312,8.877250365912914e-05,9.741570472717285,-8.147973858285695e-06,-0.016171017661690712,0.0001544161350466311,270.00021924929877,-0.0029338443133895,0.0012045161152818608
365.9000054523349,2.573045253753662,4.097842611372471e-05,9.80970573425293,7.354489207500592e-05,-0.01706426963210106,-0.001720667933113873,269.99956355113846,-0.0029338443133895,0.0012040765252677966
366.000005453825,5.414817810058594,0.008587175980210304,9.812920570373535,-3.322182601550594e-05,-0.0111813023686409,0.007372802589088678,270.01516370320275,-0.002933843490964705,0.0012031499183157933
366.1000054553151,5.717698574066162,-0.010019377805292606,9.808623313903809,6.997552554821596e-05,-0.006742758676409721,-0.003277209587395191,270.0000553247587,-0.002933843490964705,0.0012017101136672962
366.20000545680523,5.9272027015686035,0.00919393077492714,9.805925369262695,7.083079253789037e-05,-0.0033889166079461575,0.013341243378818035,270.00816958949264,-0.002933842668525699,0.0011997384695256372
366.30000545829535,5.9473395347595215,0.006547923199832439,9.804254531860352,3.0765724659431726e-05,-0.0022418354637920856,0.007527194917201996,270.00945366505664,-0.0029338410236476875,0.001197233341026405
366.40000545978546,6.217740535736084,-0.01579185388982296,9.802827835083008,-7.178467058110982e-06,-0.0012108654482290149,0.000777743523940444,270.00724068376553,-0.0029338407495203,0.0011941707405635933
366.5000054612756,5.983392715454102,-0.0031895223073661327,9.802910804748535,8.010776582523249e-06,-0.0003024935140274465,-9.736282663652673e-06,270.00666694787526,-0.0029338407495203,0.0011905717772304875
366.6000054627657,5.629708766937256,-0.0006456862902268767,9.803155899047852,3.153061470584362e-06,6.824385491199791e-05,-6.448688054661034e-06,270.0066396271186,-0.0029338407495203,0.0011864681146670157
366.7000054642558,5.278067588806152,-0.0005959686823189259,9.830792427062988,7.899355409790587e-07,0.0008001470123417675,-2.9438858746289043e-06,270.0066123063619,-0.0029338407495203,0.0011818914165131053
366.8000054657459,2.4883604049682617,-0.00027486603357829154,9.786882400512695,3.200225364707876e-07,0.0028032083064317703,-1.9665833406179445e-06,270.0066123063619,-0.0029338407495203,0.0011770921133754592
366.90000546723604,2.0271410942077637,-0.0002204928605351597,9.797557830810547,2.7080614017904736e-07,-0.00030054812668822706,-1.0454643415869214e-05,270.0065576648485,-0.0029338407495203,0.0011721110527203049
367.00000546872616,3.8766744136810303,-0.0004290679644327611,9.806940078735352,-6.775168799322273e-07,-0.0014879050431773067,1.6355394109268673e-05,270.0065030233352,-0.0029338407495203,0.0011667825144581494
367.1000054702163,4.855428218841553,-0.0005291414563544095,9.807092666625977,-3.0006484053046734e-07,-0.0015319200465455651,-0.0001557282084831968,270.00639374030845,-0.0029338407495203,0.001161018772487028
367.2000054717064,4.8907790184021,-0.000541185203474015,9.806816101074219,-4.645567628358549e-07,0.0007339089643210173,0.00021351479517761618,270.0064757025785,-0.0029338407495203,0.0011548164000060824
367.3000054731965,2.167954206466675,0.027063755318522453,9.810436248779297,5.686558142770082e-05,0.004069087561219931,0.0019259097753092647,270.0139342691522,-0.0029338382822174935,0.001148420002060557
367.4000054746866,-1.509270191192627,-0.0020375370513647795,9.811389923095703,-5.615910413325764e-05,0.004287329036742449,-0.00015577151498291641,270.016939552387,-0.002933836089070496,0.0011421593739650256
367.50000547617674,-3.217017412185669,-0.004062064457684755,9.809212684631348,2.889080406021094e-06,0.003014113288372755,-2.1111407477292232e-05,270.0165297410368,-0.0029338344441924846,0.0011361874881097892
367.60000547766685,-3.8785760402679443,0.0011279721511527896,9.80770206451416,-8.219558367272839e-11,0.0017584048910066485,3.932624622393632e-06,270.0165297410368,-0.0029338325252012964,0.0011305635596136742
367.70000547915697,-7.614294052124023,0.002212354214861989,9.795675277709961,-1.5655259630875662e-06,0.016273394227027893,1.1183114111190662e-05,270.0166117033068,-0.002933830880323285,0.001125622455456524
367.8000054806471,-24.616558074951172,-0.005344090983271599,9.717851638793945,-4.7487083065789193e-07,0.015996742993593216,1.1355846254446078e-05,270.0166663448202,-0.00293383005789849,0.0011228900615243894
367.9000054821372,-24.03944206237793,-0.0005051353946328163,9.741827011108398,5.527172106667422e-07,-0.011071412824094296,-5.323324785422301e-06,270.0166663448202,-0.00293383005789849,0.001122313742156091
368.0000054836273,0.40178364515304565,-0.00011193207319593057,9.806520462036133,5.821839295094833e-07,-0.017981449142098427,-9.277890171688341e-07,270.0166663448202,-0.00293383005789849,0.00112169959090632
368.10000548511744,5.709104061126709,-0.0016212142072618008,9.813305854797363,1.3200460671214387e-06,-0.011813584715127945,-0.00033622761839069426,270.01636581649666,-0.00293383005789849,0.0011205721734240382
368.20000548660755,6.135119438171387,0.005356465466320515,9.808420181274414,1.7674585251370445e-05,-0.006493684370070696,-0.010340348817408085,270.0203273262153,-0.0029338295096152933,0.001118893794899807
368.30000548809767,6.233791828155518,0.009187287651002407,9.805365562438965,-6.0411777667468414e-05,-0.003754798322916031,-0.00865165889263153,270.00754121208905,-0.0029338278647657035,0.0011166560254035158
368.4000054895878,6.155155181884766,-0.018339570611715317,9.803922653198242,-2.013192352023907e-05,-0.00194322201423347,-0.004320146050304174,270.00773245738577,-0.0029338278647657035,0.0011138662668250183
368.5000054910779,5.18399715423584,-0.0006012324593029916,9.805243492126465,-3.2574404031038284e-05,0.0019118981435894966,-0.00768037186935544,270.0066123063619,-0.0029338278647657035,0.0011106118340501758
368.600005492568,0.9711451530456543,0.01487184502184391,9.810839653015137,-1.834035720094107e-05,0.005427179392427206,-0.009631426073610783,270.00978151413676,-0.00293382649402929,0.0011072707032136258
368.70000549405813,-1.6515079736709595,-0.007218828424811363,9.81023120880127,-2.9733548217336647e-05,0.00212484085932374,-0.010070331394672394,270.0099454386769,-0.0029338256715902844,0.0011040780899262616
368.80000549554825,0.3968740999698639,-0.007567808032035828,9.808577537536621,2.564534042903688e-06,-0.0010758446296676993,-0.007048816420137882,270.0106011368372,-0.0029338256715902844,0.0011008499749820086
368.90000549703836,3.037952184677124,-0.0006497264257632196,9.80766487121582,1.1797735623986227e-06,-0.002936176722869277,-0.0004176879010628909,270.01237698602137,-0.0029338256715902844,0.0010973493608335274
369.0000054985285,4.754414081573486,0.003981555346399546,9.806514739990234,7.090397957654204e-07,-0.0024633107241243124,-5.683898507413687e-06,270.01243162753474,-0.002933825397448686,0.0010934222470502595
369.1000055000186,5.185177803039551,0.013892967253923416,9.818427085876465,1.3984060842631152e-06,-0.001813531038351357,-6.16611578152515e-06,270.01237698602137,-0.002933823478443287,0.0010890301163905612
369.2000055015087,4.051690578460693,-0.0033625420182943344,9.814586639404297,5.370575877350348e-07,0.0037266318686306477,1.4091500588619965e-06,270.01237698602137,-0.0029338218335794863,0.0010842747448399147
369.30000550299883,-0.3221447169780731,0.002580860396847129,9.787822723388672,5.454807023852482e-07,0.002809725934639573,7.490095299544919e-07,270.01237698602137,-0.0029338201887014748,0.0010795487752406298
369.40000550448895,0.01899988017976284,6.939582817722112e-06,9.807671546936035,-4.917547471450234e-07,-0.0004501678340602666,-1.7650833115112619e-06,270.01237698602137,-0.0029338182697102866,0.0010748212293129505
369.50000550597906,1.5729053020477295,-0.0003275573253631592,9.810794830322266,-5.98293468101474e-08,0.0004897559410892427,-2.5146675852738554e-06,270.0123496652647,-0.002933816624846486,0.0010699527047979727
369.6000055074692,-0.3666519224643707,8.957254613051191e-05,9.812355995178223,2.398932110736496e-07,0.002126842737197876,8.59088686411269e-07,270.0123496652647,-0.002933814705826876,0.0010651172146432662
369.7000055089593,-4.427230358123779,-0.016827404499053955,9.794096946716309,7.03758360032225e-06,0.017737634479999542,-0.0006802065763622522,270.0089618914364,-0.0029338144316852777,0.0010606788221719848
369.8000055104494,-23.030729293823242,0.0006504501216113567,9.75424575805664,1.7129881598521024e-05,0.018465716391801834,3.0940773285692558e-06,270.0078144196558,-0.002933814705826876,0.0010583071332981632
369.9000055119395,-22.710039138793945,0.002994690090417862,9.749059677124023,5.236165634414647e-08,-0.012393558397889137,6.7803957790602e-05,270.00754121208905,-0.002933814705826876,0.001057972471926371
370.00000551342964,1.586026668548584,-0.00031335369567386806,9.806955337524414,-5.912177584832534e-05,-0.015417355112731457,0.006542903836816549,270.01158468407766,-0.002933814705826876,0.0010574939534545597
370.10000551491976,5.4544243812561035,0.004341519437730312,9.812220573425293,-0.00020660646259784698,-0.010260256938636303,-0.0015370961045846343,270.00707675922547,-0.0029338141575436794,0.0010565249227079347
370.2000055164099,5.834418773651123,-0.010561393573880196,9.808143615722656,-1.7682687030173838e-05,-0.00591077608987689,-0.0004314478428568691,270.03008083635007,-0.0029338144316852777,0.0010550321397181726
370.3000055179,5.836215496063232,-0.00031132763251662254,9.805757522583008,-3.784937689488288e-06,-0.003527280641719699,-0.000740490504540503,270.0276492890055,-0.0029338144316852777,0.0010530157415573084
370.4000055193901,6.088844299316406,-0.002516088541597128,9.803834915161133,-1.1201645065739285e-05,-0.0022551692090928555,-0.0008461709367111325,270.0235784962602,-0.0029338144316852777,0.0010504533169477305
370.5000055208802,6.3042144775390625,0.012366855517029762,9.802627563476562,1.9714514564839192e-05,-0.001097022439353168,0.0003367700264789164,270.0243161566906,-0.002933812786835688,0.0010473256758046338
370.60000552237034,5.949740886688232,0.002467124257236719,9.802896499633789,-1.2773669368471019e-05,-0.0001990500168176368,7.446134873134724e-07,270.0246440057707,-0.0029338111419576762,0.0010436646188399811
370.70000552386045,4.748415946960449,-0.01667715236544609,9.805333137512207,-2.533410042815376e-05,0.0034018373116850853,-0.0010391330579295754,270.0199175148651,-0.0029338105936602688,0.0010395778846727477
370.80000552535057,0.0506923571228981,-0.005032679997384548,9.811447143554688,8.51433287607506e-06,0.0059739393182098866,-0.0007319498690776527,270.01530030698615,-0.0029338105936602688,0.001035487243952536
370.9000055268407,-2.2511842250823975,0.015643442049622536,9.809948921203613,1.8941964299301617e-05,0.002961172955110669,0.00022698337852489203,270.01571011833636,-0.0029338094971080864,0.0010315988530189635
371.0000055283308,-1.2053179740905762,0.0028577507473528385,9.808906555175781,-8.074606739683077e-06,0.0004071542643941939,5.094243988423841e-06,270.0160106466598,-0.002933807852230075,0.0010278187489925039
371.1000055298209,0.8560343384742737,0.002276661805808544,9.808825492858887,-3.4289980703761103e-06,-0.0026778066530823708,-3.10354676003044e-06,270.0160106466598,-0.0029338059332246758,0.0010239617475547907
371.20000553131104,2.7553234100341797,-0.0007573598995804787,9.809041976928711,-1.8865778201870853e-06,6.189083069330081e-05,-7.072616767800355e-07,270.01598332590316,-0.002933804288360875,0.0010198576052391985
371.30000553280115,-0.6144299507141113,-0.0023176276590675116,9.811511039733887,-7.819048732926603e-07,0.003296090755611658,2.9279126465553418e-06,270.0160106466598,-0.0029338026434970743,0.0010158087029534374
371.40000553429127,-3.0901260375976562,-0.014399899169802666,9.809545516967773,-1.4857740097795613e-05,0.002969321794807911,-0.0008983382722362876,270.0116939671044,-0.002933802369355476,0.0010120370973931054
371.5000055357814,-2.9339218139648438,0.00562899699434638,9.80809497833252,2.266421688545961e-05,-9.978254820453003e-05,0.00024126592325046659,270.01191253315784,-0.00293380154691647,0.0010085287386746853
371.6000055372715,-1.0317970514297485,-0.007376072462648153,9.80890941619873,-2.032746488112025e-05,-0.0017621797742322087,-0.0008690253598615527,270.008142268736,-0.00293380154691647,0.0010051127665073967
371.7000055387616,1.2999424934387207,-0.00010884807852562517,9.809226989746094,4.220122718834318e-06,-0.0039667850360274315,-0.0006847953191027045,270.00412611750403,-0.00293380154691647,0.0010015800089668674
371.80000554025173,3.9751079082489014,-0.00028962729265913367,9.808086395263672,1.822560625441838e-05,-0.0037385711912065744,0.0002726974489632994,270.0046452118809,-0.00293380154691647,0.0009976905214570204
371.90000554174185,4.441128253936768,-0.0003613492881413549,9.807812690734863,-8.68268671183614e-06,-0.00048358176718465984,5.3313892749429215e-06,270.00494574020445,-0.00293380154691647,0.0009934026340794222
372.00000554323196,1.534512996673584,-0.00011619152792263776,9.810770034790039,-2.943495246654493e-06,0.002791737671941519,8.332777952091419e-07,270.00494574020445,-0.00293380154691647,0.0009889774005234356
372.1000055447221,-0.6792498826980591,6.916650454513729e-05,9.81045150756836,-1.479474349252996e-06,0.001898484188131988,4.860785907112586e-07,270.00494574020445,-0.00293380154691647,0.0009846131640227213
372.2000055462122,0.012642703019082546,9.479872460360639e-06,9.809295654296875,-9.101370324060554e-07,-0.0006651207222603261,-1.757019731485343e-06,270.00494574020445,-0.00293380154691647,0.000980248105089801
372.3000055477023,2.3558716773986816,-0.0001922789087984711,9.837064743041992,-9.619758429835201e-07,-0.0014825578546151519,6.858992037450662e-06,270.00494574020445,-0.00293380154691647,0.0009756716125439421
372.40000554919243,1.2987841367721558,-0.00010129860311280936,9.78442096710205,-4.109759288439818e-08,0.001657512504607439,-1.7909430880536092e-06,270.00494574020445,-0.00293380154691647,0.0009709786773049285
372.50000555068254,-0.4391842484474182,4.836504376726225e-05,9.802438735961914,6.783772050766856e-07,0.0023691272363066673,2.620533223307575e-06,270.00494574020445,-0.00293380154691647,0.0009663252873478161
372.60000555217266,-1.3106942176818848,0.00012335251085460186,9.805854797363281,-4.2286382040401804e-07,0.0006088726222515106,1.877642148429004e-06,270.00494574020445,-0.00293380154691647,0.0009617896422681846
372.7000055536628,-0.4520072340965271,-0.010039783082902431,9.805501937866211,-1.4595947504858486e-05,0.0001667180040385574,-0.0010790114756673574,269.9998914002186,-0.0029338026434970743,0.0009572943649026603
372.8000055551529,-0.8926447033882141,0.007518770173192024,9.807266235351562,2.951805254269857e-05,0.0009588903049007058,0.0002759939816314727,269.99986407946193,-0.0029338029176528835,0.0009528793432132304
372.900005556643,-1.6422711610794067,2.008225202560425,9.82617473602295,0.0076086088083684444,0.000860825995914638,0.2166387438774109,270.7583702471702,-0.0029336252722629297,0.0009486138671132437
373.0000055581331,-1.0347204208374023,1.4895015954971313,9.810404777526855,-0.002350132679566741,-0.0007850705878809094,0.14040561020374298,271.65369876433215,-0.00293331768264693,0.0009444450953334697
373.10000555962324,0.1495077908039093,-0.017126787453889847,9.808528900146484,-0.0012561355251818895,-0.0009783415589481592,0.10641619563102722,272.299096999385,-0.002933010915427303,0.0009402626163502637
373.20000556111336,0.10316327214241028,0.11519688367843628,9.808921813964844,-0.0005365955294109881,0.0002895100915338844,0.08778390288352966,272.82166111240434,-0.002932694004883274,0.0009360713647568611
373.3000055626035,-1.0376989841461182,0.10809452086687088,9.809429168701172,-0.0003518449666444212,0.0010827984660863876,0.0707944929599762,273.2423734445204,-0.002932372433889441,0.0009319735962908649
373.4000055640936,-1.4517267942428589,0.07187586277723312,9.809149742126465,-0.00016256122034974396,0.00019472697749733925,0.05963742733001709,273.5788012422786,-0.002932053056056816,0.000928006183329507
373.5000055655837,-0.6476937532424927,0.07200590521097183,9.809319496154785,-6.763184501323849e-06,-0.000880182022228837,0.050015199929475784,273.8536480544799,-0.0029317309367655753,0.0009240970945187521
373.6000055670738,0.15496179461479187,0.06730910390615463,9.809724807739258,3.5046221455559134e-05,-0.0006379785481840372,0.04241906479001045,274.08336097664574,-0.0029314019638775335,0.0009201745041126168
373.70000556856394,-0.194109246134758,0.05513107031583786,9.810196876525879,5.291396519169211e-06,0.0005189341027289629,0.03641727566719055,274.27411449978587,-0.002931069427134503,0.0009162695274628917
373.80000557005405,-1.1108099222183228,0.03621562570333481,9.810101509094238,-4.034664016216993e-06,0.0008203007164411247,0.03167324513196945,274.42984281286215,-0.002930741276685467,0.0009124642707181343
373.90000557154417,-1.232521891593933,0.025707721710205078,9.809653282165527,2.2803913452662528e-05,-0.00011586960317799821,0.02766302041709423,274.5578951994216,-0.0029304194315358245,0.0009087692884249874
374.0000055730343,-0.33833038806915283,1.9440244436264038,9.807764053344727,0.007616379298269749,-0.0013827879447489977,0.23306216299533844,275.39276288205053,-0.002929927891244688,0.0009051209106235091
374.1000055745244,1.989311933517456,3.24619722366333,9.804496765136719,0.0013940029311925173,-0.0030487575568258762,0.3154120147228241,277.05553145435516,-0.002929125745694705,0.0009013308688745613
374.2000055760145,4.292178153991699,1.2932460308074951,9.806170463562012,-0.0009414650266990066,-0.002826971234753728,0.2847544848918915,278.6863620621007,-0.002928151711813598,0.0008971775176986483
374.30000557750463,4.782439708709717,0.7025887966156006,9.83760929107666,-0.0031776106916368008,0.001620075898244977,0.2431669384241104,280.1533227712794,-0.0029270408800528003,0.0008926129504197753
374.40000557899475,2.0506861209869385,0.5394842624664307,9.777700424194336,-0.0012318597873672843,0.0009981535840779543,0.20970255136489868,281.42840980629404,-0.0029258464343371315,0.0008878778655302082
374.50000558048487,2.8862855434417725,2.488312005996704,9.798870086669922,0.007350876461714506,-0.0019460595212876797,0.40270236134529114,283.3070396771277,-0.0029243764738566824,0.0008829421757184138
374.600005581975,4.227522850036621,4.6115312576293945,9.797384262084961,0.004664271138608456,0.0008020737441256642,0.5714804530143738,286.22287475456284,-0.0029224045555764633,0.0008777575630922943
374.7000055834651,5.14488410949707,5.174241065979004,9.791780471801758,0.0016899378970265388,0.00230184243991971,0.682827889919281,289.92155879390816,-0.0029198410343838077,0.0008722966817810028
374.8000055849552,4.33143949508667,5.430362701416016,9.788825988769531,0.0029820429626852274,0.0025479826144874096,0.7592660188674927,294.14551170118415,-0.0029166763152517206,0.0008666798124946552
374.90000558644533,4.629234790802002,3.783078670501709,11.139477729797363,-1.0660719871520996,-0.42020368576049805,0.9802582859992981,299.4631691398759,-0.0029130214265364884,0.0008608518522754548
375.00000558793545,3.134146213531494,11.402287483215332,6.967434883117676,0.011884374544024467,-0.012134983204305172,0.8810478448867798,304.54513041068884,-0.0029083648153829245,0.0008553736998878391
375.10000558942556,2.6763222217559814,5.537487506866455,11.134796142578125,0.01471417024731636,0.012733262032270432,0.9212846755981445,309.7441064823625,-0.002903175268187397,0.000850028644445548
375.2000055909157,-1.628270149230957,8.571418762207031,9.986898422241211,0.01673196442425251,0.015100207179784775,1.1267307996749878,315.6765902293821,-0.002897555588916134,0.0008453344755582254
375.3000055924058,-3.232996940612793,9.599512100219727,9.75625228881836,0.005289685446768999,0.011006875894963741,1.0974479913711548,322.0207431380568,-0.002891637092645283,0.0008414954305570082
375.4000055938959,-1.8116044998168945,6.58948278427124,9.750186920166016,-0.0038637900725007057,0.005104211624711752,0.8449816703796387,327.3907198257908,-0.002885538757851691,0.0008382393529177539
375.500005595386,-0.40843725204467773,6.257340431213379,9.758983612060547,0.002337109297513962,0.0032871440052986145,0.8625187277793884,332.29638025374743,-0.002879213157598315,0.0008354944168944788
375.60000559687614,1.019972801208496,7.488255500793457,9.760711669921875,0.00243560248054564,0.003186234040185809,0.9133058786392212,337.4305788113327,-0.002872546522155517,0.0008333314201929092
375.70000559836626,1.181685447692871,8.73114013671875,9.754748344421387,0.005899879615753889,0.0065079182386398315,1.0848753452301025,343.2632598342001,-0.00286555392941068,0.0008318842136545587
375.8000055998564,0.8564519882202148,6.968940734863281,9.774205207824707,-0.006974237039685249,0.004458187613636255,0.8451483845710754,348.6428807490422,-0.002858363130485486,0.0008310315570650712
375.9000056013465,0.26503753662109375,3.095247745513916,9.798163414001465,-0.008478756994009018,0.003021751530468464,0.5524476170539856,352.40527679296537,-0.0028511125681802696,0.0008304481784870054
376.0000056028366,-0.9201656579971313,1.9402050971984863,9.80404281616211,-0.005660063587129116,0.0021668164990842342,0.3744966387748718,354.9014377270382,-0.0028439291711492842,0.0008300434733056755
376.1000056043267,-1.4169639348983765,1.853264331817627,9.805232048034668,-0.0037333713844418526,0.0010345063637942076,0.28313636779785156,356.71772163112803,-0.0028368628336465918,0.0008298104508473315
376.20000560581684,-0.9463828206062317,1.2692451477050781,9.80728816986084,-0.0037116974126547575,-0.0004112368915230036,0.1893715113401413,357.9986553080722,-0.0028298776427959638,0.0008296931171859536
376.30000560730696,0.1341889500617981,0.7689399719238281,9.808706283569336,-0.0027369961608201265,-0.0013711231295019388,0.12720753252506256,358.8646140118031,-0.0028228787447233117,0.0008296435656455469
376.4000056087971,1.0807067155838013,0.5376882553100586,9.809354782104492,-0.0019746217876672745,-0.0011683438206091523,0.08811245113611221,359.4647963945505,-0.0028157827996579954,0.0008296407556688433
376.5000056102872,1.1155624389648438,0.3869473934173584,9.80987548828125,-0.00145109579898417,-0.00010109879076480865,0.06187296658754349,359.8916558969196,-0.0028085862437023934,0.0008296720766286855
376.6000056117773,0.31086060404777527,0.01357048749923706,9.81035041809082,-0.0017878732178360224,0.0008715837029740214,0.015751296654343605,0.09278741284332243,-0.0028013619992179883,0.0008297043570927679
376.7000056132674,-0.5952212810516357,-0.014422416687011719,9.810188293457031,-0.0006580048939213157,0.0010481043718755245,0.008726905100047588,0.18022577371031992,-0.002794191212828423,0.0008297349241564213
376.80000561475754,-0.9356450438499451,0.07217079401016235,9.809832572937012,-0.0004151643952354789,0.0004906789399683475,0.0056802076287567616,0.24549258013930236,-0.002787104314535327,0.0008297715909256018
376.90000561624765,-0.6257244944572449,0.05282700061798096,9.809669494628906,-0.0003041897143702954,-0.00033880872069858015,0.0026274125557392836,0.2940859609893581,-0.002780073889908863,0.0008298126439998806
377.00000561773777,0.10486500710248947,0.03250649571418762,9.809728622436523,-0.0002013936755247414,-0.0008924849098548293,0.0005182532477192581,0.3268583558854164,-0.0027730335960853836,0.0008298566441228974
377.1000056192279,0.6956706047058105,0.022412002086639404,9.809884071350098,-0.0001338268630206585,-0.0007317204144783318,-0.0008159218705259264,0.3511022724269353,-0.0027659310715506535,0.0008299029744704976
377.200005620718,0.7051756381988525,-0.13600891828536987,9.810117721557617,-0.0005095999804325402,-4.3200619984418154e-05,-0.017265813425183296,0.3083765576824495,-0.002758765219766701,0.000829937448087129
377.3000056222081,0.19515228271484375,-0.09866887331008911,9.810248374938965,3.5056029446423054e-05,0.0005717148305848241,-0.012767069041728973,0.253337772772576,-0.002751581822735716,0.000829963149093564
377.40000562369823,-0.37758979201316833,-0.0036861002445220947,9.81008529663086,7.539696525782347e-05,0.0006754733039997518,-0.00828916672617197,0.22381177212511005,-0.002744432419561349,0.0008299883703478789
377.50000562518835,-0.588103175163269,-0.009895026683807373,9.80994701385498,6.094109266996384e-06,0.00030439230613410473,-0.007492421194911003,0.20747905559189062,-0.0027373356520712377,0.0008300126320979535
377.60000562667847,-0.37313273549079895,-0.015099376440048218,9.809803009033203,1.7576137906871736e-05,-0.00022516853641718626,-0.006641068961471319,0.19483356065320703,-0.0027302723301545484,0.0008300353175196334
377.7000056281686,0.08230558037757874,-0.010356582701206207,9.809805870056152,1.160305691882968e-05,-0.0005429681623354554,-0.006324049551039934,0.1834539585678633,-0.0027232018804994595,0.0008300571805091075
377.8000056296587,0.42780911922454834,-0.010129660367965698,9.809986114501953,1.6703037545084953e-05,-0.0004265785391908139,-0.005772055592387915,0.17582935970043992,-0.0027160927765095266,0.0008300782210663756
377.9000056311488,0.4103758633136749,-0.06823313236236572,9.810083389282227,-0.00017033968470059335,-1.0990683222189546e-05,-0.012223709374666214,0.14536995767399616,-0.0027089469372327812,0.0008300932989901508
378.00000563263893,0.10274986922740936,-0.05169575661420822,9.810142517089844,6.15617900621146e-05,0.00034765887539833784,-0.009344608522951603,0.11190583270170214,-0.0027017917770422173,0.0008301037164647592
378.10000563412905,-0.2300424873828888,-0.0003807544708251953,9.810057640075684,6.617858889512718e-05,0.0004013860016129911,-0.006776554509997368,0.094872788324825,-0.002694657451812077,0.0008301140654033503
378.20000563561916,-0.34534743428230286,-0.01652294397354126,9.809959411621094,-3.1717936508357525e-06,0.00016816116112750024,-0.007093319669365883,0.08156468499537084,-0.002687554104838341,0.0008301229750855812
378.3000056371093,-0.20530745387077332,0.008389756083488464,9.809906005859375,8.028226875467226e-05,-0.00014741107588633895,-0.00424135522916913,0.07912936904061088,-0.002680469125564855,0.0008301326386640007
378.4000056385994,0.05244410037994385,0.008669935166835785,9.809873580932617,3.375665983185172e-06,-0.00031711396877653897,-0.004559835884720087,0.07912936904061088,-0.002673379211657334,0.0008301429876025918
378.5000056400895,0.2551652789115906,-0.04670363664627075,9.809974670410156,-0.00010380476305726916,-0.00023631236399523914,-0.008711135946214199,0.06255725571100383,-0.0026662665437982014,0.0008301491558441363
378.6000056415796,0.23279845714569092,-0.034710466861724854,9.81010913848877,1.1365957107045688e-05,4.252398866810836e-06,-0.007986653596162796,0.04423465961263638,-0.002659133040992856,0.0008301523770369428
378.70000564306974,0.04770418256521225,0.001158352941274643,9.810038566589355,6.083474727347493e-05,0.00020488444715738297,-0.0055574169382452965,0.03426402083239251,-0.002651995151893516,0.0008301555982297493
378.80000564455986,-0.13751564919948578,0.009447351098060608,9.81005859375,3.592703433241695e-05,0.00022905653167981654,-0.004379697609692812,0.03426402083239251,-0.002644869873407174,0.0008301597103907789
378.90000564605,-0.20018106698989868,0.003236725926399231,9.809977531433105,1.3946264516562223e-06,8.889217860996723e-05,-0.004590348340570927,0.03426402083239251,-0.0026377624142952527,0.0008301640966958771
379.0000056475401,-0.11266682296991348,0.0006888732314109802,9.809910774230957,3.3927062759175897e-06,-9.338599193142727e-05,-0.004621595144271851,0.03426402083239251,-0.002630665098521945,0.0008301684830009753
379.1000056490302,0.037468694150447845,-0.024470746517181396,9.80997085571289,-5.340346251614392e-05,-0.00018449708295520395,-0.006671515293419361,0.027976454840372228,-0.0026235642188510155,0.0008301707446895417
379.2000056505203,0.1501374989748001,-0.01447257399559021,9.809988021850586,1.8137077859137207e-05,-0.00013025586667936295,-0.00583221111446619,0.01978234059262607,-0.0026164501802838913,0.0008301717041937818
379.30000565201044,0.1301969587802887,-0.004450663924217224,9.810007095336914,-2.5598292268114164e-06,9.225787835021038e-06,-0.005856452509760857,0.0,-0.002609324353514353,0.0008301722524819192
379.40000565350056,0.020124362781643867,0.0031276587396860123,9.810097694396973,3.787676541833207e-05,0.00012091343523934484,-0.004414710681885481,0.01978234059262607,-0.0026021966077394154,0.0008301731434501422
379.5000056549907,-0.0800049751996994,0.0018911808729171753,9.810009956359863,-3.5394623409956694e-07,0.00012980392784811556,-0.004586820490658283,0.0,-0.0025950759897170883,0.0008301741029543825
379.6000056564808,-0.11509401351213455,-0.018204107880592346,9.80996036529541,-5.214665361563675e-05,4.622802589437924e-05,-0.006669484078884125,0.0,-0.0025879657891465513,0.000830173486130228
379.7000056579709,-0.0625816285610199,-0.013189978897571564,9.809981346130371,1.8822160200215876e-05,-5.858292570337653e-05,-0.0058447192423045635,0.0,-0.0025808613456064222,0.0008301717041937818
379.800005659461,0.02750314772129059,0.008760029450058937,9.80997085571289,3.6956946132704616e-05,-0.00010650820331647992,-0.004415840841829777,359.9802297900763,-0.002573754160636099,0.0008301706761535245
379.90000566095114,0.0850970596075058,1.9356608390808105e-05,9.809981346130371,-2.5726694730110466e-06,-7.24767378414981e-05,-0.0045762211084365845,359.9802297900763,-0.0025666395737857783,0.0008301697166492843
380.00000566244125,0.07762859016656876,-0.013158351182937622,9.810068130493164,-3.820404890575446e-05,9.036881237989292e-06,-0.0060558863915503025,359.9802297900763,-0.0025595181333102346,0.0008301675234967351
380.10000566393137,0.007576543837785721,0.015069413930177689,9.809981346130371,7.947107951622456e-05,7.179477688623592e-05,-0.0029975867364555597,359.9802297900763,-0.0025523955962682976,0.000830166632528512
380.2000056654215,-0.04999687895178795,0.0025025680661201477,9.810009956359863,-3.979509710916318e-05,7.488041592296213e-05,-0.0047501204535365105,359.9802297900763,-0.0025452779938319736,0.0008301660157043576
380.3000056669116,-0.06754650920629501,-0.003125585615634918,9.810009956359863,4.220624759909697e-06,2.3680169761064462e-05,-0.004643560387194157,359.9802297900763,-0.002538166148397636,0.0008301651247361345
380.4000056684017,-0.02754713036119938,0.0006309505552053452,9.809951782226562,1.2672135198954493e-06,-3.578858377295546e-05,-0.004623375833034515,359.9802297900763,-0.0025310570444361247,0.0008301643023039286
380.50000566989183,0.015017642639577389,-0.0006120828911662102,9.81005859375,-1.6131525626406074e-07,-6.127034430392087e-05,-0.004616511054337025,359.9802297900763,-0.002523946295582391,0.0008301634113357055
380.60000567138195,0.05006899684667587,1.86823308467865e-05,9.809942245483398,-3.838613338302821e-07,-3.9461425330955535e-05,-0.00461225863546133,359.9802297900763,-0.0025168311604346627,0.0008301625203674825
380.70000567287207,0.040068890899419785,0.0006420314311981201,9.809981346130371,-5.847741704201326e-07,7.40594623493962e-06,-0.004611269570887089,359.9802297900763,-0.0025097124614177346,0.0008301616293992593
380.8000056743622,0.005069100297987461,-0.0006137271411716938,9.81015682220459,8.32016667118296e-07,4.259940033080056e-05,-0.004613443277776241,359.9802297900763,-0.002502593214103399,0.0008301607384310363
380.9000056758523,-0.03248830512166023,5.103647708892822e-06,9.809864044189453,6.449772627092898e-08,4.207424717606045e-05,-0.004616646096110344,359.9802297900763,-0.002495477256502454,0.0008301599159988304
381.0000056773424,-0.03751577436923981,0.000629279762506485,9.810029983520508,1.2685368346865289e-06,1.197288747789571e-05,-0.0046183159574866295,359.9802297900763,-0.002488364314515934,0.0008301590250306073
381.10000567883253,-0.020015571266412735,-0.0006178412586450577,9.80997085571289,1.066071490640752e-06,-2.2103624360170215e-05,-0.004617726430296898,359.9802297900763,-0.002481253291520602,0.0008301581340623842
381.20000568032265,0.015027358196675777,-0.015045464970171452,9.810039520263672,-3.921770621673204e-05,-3.527476656017825e-05,-0.006067298352718353,359.9802297900763,-0.0024741408978030677,0.0008301558723738179
381.30000568181276,0.03255224600434303,0.0012701787054538727,9.809981346130371,3.9064616430550814e-05,-2.1570129320025444e-05,-0.004452011547982693,359.9802297900763,-0.002467025488513741,0.0008301537477572859
381.4000056833029,0.020056508481502533,0.016321780160069466,9.810019493103027,3.7998834159225225e-05,4.948669811710715e-06,-0.003132815705612302,359.9802297900763,-0.0024599081602048045,0.0008301530623971143
381.500005684793,0.0025454750284552574,-0.013173434883356094,9.809990882873535,-7.702951552346349e-05,2.5104614906013012e-05,-0.0062224469147622585,0.0,-0.002452790831910079,0.000830151211924651
381.6000056862831,-0.017480967566370964,-0.00499475933611393,9.810019493103027,4.191651532892138e-05,2.4125984054990113e-05,-0.004482056945562363,359.9802297900763,-0.002445675148479154,0.0008301489502360848
381.7000056877732,-0.027499482035636902,0.006252426654100418,9.809961318969727,-3.5261343782622134e-06,6.0697493609040976e-06,-0.004593884572386742,359.9802297900763,-0.0024385619323368246,0.0008301471682996386
381.80000568926334,-0.0024976611603051424,9.720446541905403e-06,9.810019493103027,-9.412260624230839e-07,-1.3149962796887849e-05,-0.004612704738974571,359.9802297900763,-0.0024314489903218828,0.0008301453863631924
381.90000569075346,0.0025259098038077354,-0.0006138209719210863,9.810019493103027,1.5922487364150584e-06,-2.0228579160175286e-05,-0.004614599980413914,359.9802297900763,-0.002424335500037955,0.0008301436729627634
382.0000056922436,0.01752554252743721,0.0006405487656593323,9.809931755065918,8.652750693727285e-07,-1.1949138752243016e-05,-0.0046140700578689575,359.9802297900763,-0.002417220639031825,0.0008301418910263172
382.1000056937337,0.017545605078339577,1.554936170578003e-05,9.810097694396973,-4.5814022087142803e-07,4.0355325836571865e-06,-0.004613813944160938,359.9802297900763,-0.0024101041331618944,0.0008301401776258883
382.2000056952238,-0.00245439144782722,9.721377864480019e-06,9.809981346130371,1.8771279428619891e-06,1.447413433197653e-05,-0.004614689387381077,359.9802297900763,-0.002402987901433562,0.0008301383956894422
382.3000056967139,-0.012478766962885857,-0.0006181923672556877,9.809922218322754,7.29336534277536e-07,1.3764522918791045e-05,-0.004615730606019497,359.9802297900763,-0.0023958727662858337,0.000830136613752996
382.40000569820404,-0.004979131743311882,0.0006339927203953266,9.810078620910645,-1.725222773529822e-07,2.806053544190945e-06,-0.004616482183337212,359.9802297900763,-0.002388758179421302,0.000830134900352567
382.50000569969416,-0.019978947937488556,4.621222615242004e-06,9.809961318969727,6.399914127541706e-07,-7.894078407844063e-06,-0.0046160342171788216,359.9802297900763,-0.002381645237420571,0.0008301331184161208
382.6000057011843,0.020021049305796623,1.6279518604278564e-05,9.809981346130371,1.001470081973821e-06,-1.1462670045148116e-05,-0.004615350626409054,359.9802297900763,-0.00237453065057025,0.0008301314050156918
382.7000057026744,2.123211743310094e-05,-0.000614549673628062,9.809990882873535,7.011603884166107e-07,-6.339188985293731e-06,-0.004614726640284061,359.9802297900763,-0.0023674160636915076,0.0008301296230792456
382.8000057041645,0.015020865947008133,0.0006398223340511322,9.810039520263672,-1.1508265060911071e-06,2.9403233838820597e-06,-0.004614587873220444,359.9802297900763,-0.002360299831963175,0.0008301278411427995
382.9000057056546,2.105001658492256e-05,1.0450266927364282e-05,9.810019493103027,-1.0299368113919627e-06,8.359522325918078e-06,-0.00461525097489357,359.9802297900763,-0.002353183874376441,0.0008301261277423704
383.00000570714474,-0.014978948049247265,6.078742444515228e-06,9.810009956359863,-1.821795194700826e-06,7.568132787127979e-06,-0.004615518264472485,359.9802297900763,-0.00234606928752612,0.0008301243458059243
383.10000570863485,2.123211743310094e-05,-0.000614549673628062,9.809990882873535,8.608125199316419e-07,1.4570216535503278e-06,-0.00461589265614748,359.9802297900763,-0.0023389547006473776,0.0008301226324054954
383.20000571012497,-0.0024813394993543625,0.012572672218084335,9.809961318969727,4.0112281567417085e-05,-4.405734216561541e-06,-0.003163538873195648,0.0,-0.002331840113797057,0.0008301218785093066
383.3000057116151,0.0025260401889681816,0.015073293820023537,9.810019493103027,1.460371095163282e-07,-7.0175037762965076e-06,-0.0033242125064134598,359.9802297900763,-0.0023247255269183142,0.0008301226324054954
383.4000057131052,3.287428990006447e-05,-0.004359323997050524,9.810019493103027,-3.703304901137017e-05,-3.819524863502011e-06,-0.004803680814802647,359.9802297900763,-0.0023176109400679934,0.0008301228380135468
383.5000057145953,3.2863812521100044e-05,-0.0031093242578208447,9.809961318969727,1.7418856259610038e-06,2.0042921278218273e-06,-0.0046470677480101585,359.9802297900763,-0.0023104963532034617,0.0008301228380135468
383.60000571608543,-0.0024672553408890963,1.558009535074234e-05,9.810049057006836,-1.5305029137380188e-06,5.2054861043870915e-06,-0.004620663821697235,359.9802297900763,-0.00230338176633893,0.0008301228380135468
383.70000571757555,0.0025327440816909075,1.577078364789486e-05,9.809990882873535,-1.0275634849676862e-06,5.124321432958823e-06,-0.004616088233888149,359.9802297900763,-0.0022962671794743983,0.0008301228380135468
383.80000571906567,3.274434129707515e-05,1.5675333997933194e-05,9.809981346130371,-4.899237069366791e-07,5.120632522448432e-07,-0.004615676589310169,359.9802297900763,-0.0022891525926240774,0.0008301228380135468
383.9000057205558,-0.0024672553408890963,1.5579862520098686e-05,9.8100004196167,1.4601960174331907e-07,-2.8446049782360205e-06,-0.004615563899278641,359.9802297900763,-0.002282038005745335,0.0008301228380135468
384.0000057220459,0.0025327440816909075,1.577078364789486e-05,9.809981346130371,6.697064236504957e-09,-4.223441010253737e-06,-0.0046151792630553246,359.9802297900763,-0.002274923418895014,0.0008301228380135468
384.100005723536,3.274443588452414e-05,1.5675381291657686e-05,9.810009956359863,1.0967517027893336e-07,-1.4924981996955466e-06,-0.004615064710378647,359.9802297900763,-0.0022678088320162715,0.0008301228380135468
384.20000572502613,-0.0024672553408890963,1.5579862520098686e-05,9.810009956359863,-3.841159923467785e-07,1.4076489378567203e-06,-0.00461494829505682,359.9802297900763,-0.0022606942451517398,0.0008301228380135468
384.30000572651625,0.0025327440816909075,1.577078364789486e-05,9.810009956359863,3.6222991184331477e-07,2.923852889580303e-06,-0.004615216515958309,359.9802297900763,-0.002253579658301419,0.0008301228380135468
384.40000572800636,2.8090551495552063e-05,-0.01692434772849083,9.809981346130371,-3.9020058466121554e-05,2.6320958568248898e-06,-0.00606733001768589,359.9802297900763,-0.0022464650714226764,0.0008301213987571864
384.5000057294965,-0.0024773734621703625,0.004385014530271292,9.809990882873535,3.9876886148704216e-05,2.3663960746489465e-07,-0.004454305395483971,0.0,-0.0022393504845723555,0.0008301202336448947
384.6000057309866,0.0025254141073673964,0.001885868376120925,9.810039520263672,-3.6628605357691413e-06,-1.7315664990746882e-06,-0.004587624222040176,0.0,-0.002232235897693613,0.0008301192741406544
384.7000057324767,2.5623186957091093e-05,0.0006354502402245998,9.809981346130371,3.910319037458976e-07,-1.9761710063903593e-06,-0.0046105291694402695,0.0,-0.002225121310843292,0.0008301183831724314
384.8000057339668,-0.002474376931786537,0.0006350320763885975,9.809981346130371,3.69068771988168e-07,-3.9783191141395946e-07,-0.004614172503352165,0.0,-0.0022180067239787604,0.0008301174922042083
384.90000573545694,0.0025258325040340424,-0.0006141318008303642,9.810039520263672,4.05521518587193e-07,6.841130471002543e-07,-0.004614913836121559,0.0,-0.0022108921371142287,0.0008301166697720024
385.00000573694706,3.2221898436546326e-05,-0.015674984082579613,9.809981346130371,-3.946976357838139e-05,2.326432877453044e-06,-0.006067060865461826,359.9802297900763,-0.002203777550249697,0.000830114339547419
385.1000057384372,-0.002475022803992033,0.0025096989702433348,9.810009956359863,3.8518581277458e-05,1.4709949027746916e-06,-0.004454329609870911,359.9720335630723,-0.0021966629633851653,0.0008301122834669042
385.2000057399273,0.0025228215381503105,0.015068409964442253,9.809981346130371,3.562857455108315e-05,-2.495289663784206e-08,-0.0031356376130133867,359.9802297900763,-0.0021895483765206336,0.0008301115295707154
385.3000057414174,2.533220686018467e-05,0.002510450081899762,9.810009956359863,-3.8997652154648677e-05,-1.3749668141826987e-06,-0.004771712236106396,359.9802297900763,-0.0021824337896703128,0.0008301110498185952
385.4000057429075,2.7618836611509323e-05,-0.004364549182355404,9.8100004196167,3.860324795823544e-06,-7.410535545204766e-07,-0.004642068408429623,0.0,-0.0021753192027773594,0.0008301101588503722
385.50000574439764,-0.0024732055608183146,0.0006350376643240452,9.8100004196167,-2.1904224922764115e-07,-3.275555400250596e-07,-0.00461970642209053,0.0,-0.0021682046159412494,0.0008301092678821491
385.60000574588776,0.002526999916881323,-0.0006141371559351683,9.8100004196167,-5.546806960410322e-07,6.737666353728855e-07,-0.004615873098373413,0.0,-0.002161090029048296,0.000830108376913926
385.7000057473779,3.2393261790275574e-05,-0.01629895158112049,9.8100004196167,-3.890176594723016e-05,1.1973424989264458e-06,-0.006067321635782719,359.9802297900763,-0.002153975442197975,0.0008301060466893425
385.800005748868,-0.00247423117980361,0.0037596975453197956,9.809981346130371,3.929329614038579e-05,1.3825228961650282e-06,-0.004454057663679123,359.9802297900763,-0.0021468608553192325,0.0008301039906088278
385.9000057503581,0.0025248101446777582,0.0031361838337033987,9.810049057006836,-1.0303692761226557e-06,4.467357257453841e-07,-0.004587406292557716,359.9802297900763,-0.0021397462684689117,0.0008301022772083988
386.0000057518482,2.4730339646339417e-05,0.011317924596369267,9.809961318969727,4.03782760258764e-05,4.307366907596588e-08,-0.0031584848184138536,359.9802297900763,-0.00213263168160438,0.00083010152331221
386.10000575333834,-0.002473498461768031,0.0025100542698055506,9.809990882873535,-3.9065427699824795e-05,-9.359755495097488e-07,-0.004775615409016609,359.9802297900763,-0.0021255170947398483,0.00083010104356009
386.20000575482845,-0.00498758303001523,-0.004365373868495226,9.810019493103027,3.567802195902914e-06,3.394766463316046e-05,-0.004645044915378094,0.0,-0.002118403193236418,0.0008301001525918668
386.30000575631857,-0.17524045705795288,0.0006062686443328857,9.810104370117188,-2.082961145788431e-06,0.0005196273559704423,-0.0047174193896353245,359.9802297900763,-0.0021113049179319887,0.0008300992616236438
386.4000057578087,-0.8335501551628113,-0.0007551312446594238,9.810107231140137,2.255314029753208e-06,0.0010414969874545932,-0.005053440108895302,0.0,-0.002104281346902326,0.0008300983706554207
386.5000057592988,-1.5346002578735352,-0.0002498626708984375,9.8097505569458,6.440212018787861e-06,0.0010205323342233896,-0.005352700594812632,0.0,-0.002097395533269264,0.0008300975482232148
386.6000057607889,-1.8028477430343628,0.00032961368560791016,9.80936050415039,7.345137419179082e-06,0.00048665114445611835,-0.005337908398360014,0.0,-0.0020906716017208282,0.0008300966572549916
386.70000576227903,-1.542952060699463,-0.000874638557434082,9.809322357177734,8.708477253094316e-06,-0.0002116157702403143,-0.005163601133972406,0.0,-0.002084085838745864,0.0008300957662867686
386.80000576376915,-0.9749661684036255,0.0004718303680419922,9.809520721435547,6.49609137326479e-06,-0.0006798368995077908,-0.005069341976195574,359.9802297900763,-0.0020775873906870856,0.0008300948753185455
386.90000576525927,-0.47678688168525696,-0.0006942451000213623,9.80986499786377,5.752081051468849e-06,-0.0006287552532739937,-0.005068243481218815,359.9802297900763,-0.0020711315720092216,0.0008300939843503225
387.0000057667494,-0.3914107382297516,-5.513429641723633e-05,9.81003189086914,1.5486584743484855e-06,-0.00014432363968808204,-0.005146999377757311,359.9802297900763,-0.00206471084376858,0.0008300931619181166
387.1000057682395,-0.7215484976768494,-0.012731194496154785,9.810091018676758,-2.9026385163888335e-05,0.00036524716415442526,-0.0066724978387355804,0.0,-0.002058354813556207,0.0008300911058376017
387.2000057697296,-1.182032823562622,0.0009164810180664062,9.809852600097656,4.0809798520058393e-05,0.0005352216539904475,-0.00541142001748085,359.9802297900763,-0.0020521047400166026,0.0008300891868291213
387.30000577121973,-1.4074609279632568,0.00023615360260009766,9.80965805053711,2.6038906071335077e-06,0.00030977826099842787,-0.0055856527760624886,0.0,-0.002045981046890688,0.0008300873363566579
387.40000577270985,-1.302550196647644,0.00089263916015625,9.809525489807129,5.127789336256683e-06,-0.000104631828435231,-0.005527870263904333,359.9802297900763,-0.0020399740020593526,0.0008300855544202117
387.50000577419996,-0.9572571516036987,-0.00025922060012817383,9.809643745422363,6.079179001972079e-06,-0.0004367328656371683,-0.005469843745231628,359.9802297900763,-0.002034052627251981,0.0008300838410197828
387.6000057756901,-0.5942919254302979,-0.0007814168930053711,9.809833526611328,4.861358320340514e-06,-0.0004560432571452111,-0.005473460536450148,359.9802297900763,-0.0020281848476173536,0.0008300820590833366
387.7000057771802,-0.5014840960502625,0.0004943013191223145,9.809982299804688,1.3241951819509268e-06,-0.0001612960040802136,-0.005537725519388914,359.9802297900763,-0.0020223614793053457,0.0008300803456829076
387.8000057786703,-0.6715257167816162,-0.00017905235290527344,9.810023307800293,2.879343810491264e-06,0.00020225177286192775,-0.005682108923792839,359.9802297900763,-0.002016598696826577,0.0008300785637464614
387.9000057801604,-0.9943287372589111,-0.00027126073837280273,9.809892654418945,1.8553109839558601e-06,0.00036189277307130396,-0.005840505473315716,359.9802297900763,-0.002010924874142006,0.0008300767818100153
388.00000578165054,-1.1796317100524902,-0.0009481906890869141,9.809773445129395,4.814064595848322e-06,0.00023576644889544696,-0.005896067246794701,359.9802297900763,-0.002005356871023878,0.0008300750684095863
388.10000578314066,-1.1222156286239624,0.0003186464309692383,9.809639930725098,4.84041083836928e-06,-5.691417391062714e-05,-0.00585619080811739,359.9802297900763,-0.0019998894787818244,0.0008300732864731401
388.2000057846308,-0.872011661529541,-0.0002352595329284668,9.809734344482422,4.50783409178257e-06,-0.0003128281678073108,-0.0058198291808366776,359.9802297900763,-0.0019945004917758524,0.0008300715730727111
388.3000057861209,-0.6141720414161682,-0.00016248226165771484,9.80981731414795,2.8590147849172354e-06,-0.00034768131445162,-0.0058290353044867516,359.9802297900763,-0.0019891661964805962,0.0008300697911362649
388.400005787611,-0.5114262700080872,-0.000758826732635498,9.8099946975708,1.0815128916874528e-06,-0.0001375240390188992,-0.005886683706194162,359.9802297900763,-0.0019838776832585836,0.0008300680091998189
388.5000057891011,-0.6389456987380981,0.01742839813232422,9.810013771057129,2.6090681785717607e-05,0.00014479324454441667,-0.004865304566919804,359.9802297900763,-0.001978646740283807,0.0008300678035917673
388.60000579059124,-0.8866711854934692,-0.004530131816864014,9.809897422790527,-2.916881931014359e-05,0.00028022064361721277,-0.006294627208262682,359.9802297900763,-0.0019734948878777914,0.0008300671867676129
388.70000579208136,-1.029411792755127,-0.0033071041107177734,9.809800148010254,5.666704964824021e-06,0.00018516361888032407,-0.006204064469784498,0.0,-0.001968435833234139,0.0008300662957993898
388.8000057935715,-0.9969751834869385,0.0004490017890930176,9.809730529785156,1.4295837900135666e-06,-5.243856139713898e-05,-0.0061560426838696,0.0,-0.0019634657383420517,0.0008300654048311667
388.9000057950616,-0.7842987179756165,0.011845707893371582,9.809799194335938,2.5906876544468105e-05,-0.00026474331389181316,-0.005047701299190521,0.0,-0.001958566098480219,0.0008300656789752354
389.0000057965517,-0.5615097284317017,-0.0025457143783569336,9.809844970703125,-2.8139387723058462e-05,-0.00029262565658427775,-0.006319355685263872,0.0,-0.001953716764063529,0.0008300656789752354
389.1000057980418,-0.47631150484085083,-0.0006663799285888672,9.809976577758789,3.059598384425044e-06,-0.00010508764535188675,-0.006225347053259611,0.0,-0.0019489101961056576,0.0008300656104392182
389.20000579953194,-0.6138429045677185,0.0005744099617004395,9.810013771057129,-1.0164512787014246e-07,0.00014104442379903048,-0.006313594523817301,359.9802297900763,-0.0019441584569790393,0.0008300656104392182
389.30000580102205,-0.8140519261360168,-7.140636444091797e-05,9.809929847717285,3.479945007711649e-07,0.00024869400658644736,-0.006423536688089371,0.0,-0.0019394799142986585,0.0008300656104392182
389.40000580251217,-0.9442556500434875,-8.404254913330078e-05,9.809822082519531,-9.365612640976906e-08,0.00015096378047019243,-0.006457729265093803,0.0,-0.0019348859450616374,0.0008300656104392182
389.5000058040023,-0.8341290950775146,-0.0012776851654052734,9.803544044494629,3.978842869400978e-06,-0.0017152270302176476,-0.0010909921256825328,359.9802297900763,-0.0019303666800993824,0.0008300654733671838
389.6000058054924,0.6295354962348938,0.002267897129058838,9.82172966003418,8.725246880203485e-05,-0.0017336795572191477,-0.011173808947205544,0.027976454840372228,-0.0019257909414420737,0.0008300656104392182
389.7000058069825,-1.0690979957580566,0.032581329345703125,9.787997245788574,-0.00028769136406481266,0.0037666531279683113,-0.06653470546007156,0.03426402083239251,-0.0019213108790836486,0.0008300685574879561
389.80000580847263,-2.582362651824951,-0.10388517379760742,9.812090873718262,-0.00021159474272280931,-0.001181336003355682,-0.005702129099518061,359.8506474411428,-0.001917062879670084,0.0008300628689985318
389.90000580996275,0.7140507698059082,0.03411900997161865,9.826176643371582,0.0002562813460826874,-0.0018868036568164825,0.007674503140151501,359.8780501600929,-0.0019127504563982711,0.0008300600590218282
390.00000581145287,0.8500574827194214,0.023923516273498535,9.811788558959961,-2.2338434064295143e-05,6.183017831062898e-05,0.004239634610712528,359.9072287282272,-0.0019083618210942177,0.0008300592365896223
390.100005812943,-1.0236188173294067,-0.011954307556152344,9.809207916259766,-1.4490215107798576e-06,0.0018019309500232339,0.0026017860509455204,359.9259980880664,-0.0019040648869577126,0.0008300575231891933
390.2000058144331,-1.8547096252441406,-0.0013453960418701172,9.808127403259277,2.3300584871321917e-05,0.0005747659015469253,0.002271481556817889,359.93744548511535,-0.0018999344953414266,0.0008300558783247815
390.3000058159232,-1.0871554613113403,-0.0028464794158935547,9.808452606201172,9.744777344167233e-06,-0.0006212031003087759,0.001536359777674079,359.9476634481137,-0.0018959015619515185,0.0008300540278523182
390.40000581741333,-0.10124121606349945,0.011213593184947968,9.809216499328613,2.0388513803482056e-05,-0.001065548276528716,0.0017824730603024364,359.96044956223994,-0.0018918774011780215,0.0008300531368840951
390.50000581890345,0.14182148873806,-0.0011425763368606567,9.80990219116211,-2.441935066599399e-06,-4.338358485256322e-05,0.001082156435586512,359.9657497890359,-0.0018878406297488937,0.0008300521773798548
390.60000582039356,-0.8087490797042847,0.0002338886260986328,9.810199737548828,6.873859092593193e-06,0.0008830492733977735,0.0009286089334636927,359.9657497890359,-0.0018838763694617455,0.0008300512864116318
390.7000058218837,-1.3393834829330444,0.005724787712097168,9.809704780578613,7.3422270361334085e-06,0.00026941634132526815,0.0009896988049149513,359.9802297900763,-0.0018800323213383763,0.000830050943731546
390.8000058233738,-0.7591442465782166,-0.004621148109436035,9.809550285339355,-3.0213850550353527e-06,-0.0007213071221485734,0.0005902395932935178,359.9720335630723,-0.0018762561238503395,0.0008300502583713744
390.9000058248639,0.02534903585910797,0.008153209462761879,9.809788703918457,5.739100743085146e-06,-0.0007118600769899786,0.000695364607963711,359.9802297900763,-0.0018724778703216316,0.0008300502583713744
391.000005826354,-0.12449198216199875,2.2351741790771484e-07,9.810195922851562,1.5742552932351828e-06,0.00030007539317011833,0.0006909967050887644,0.0,-0.0018687104454500059,0.0008300502583713744
391.10000582784414,-0.7084546685218811,-0.007040917873382568,9.810078620910645,-1.5463301679119468e-05,-0.00042535041575320065,-0.0002512562496121973,359.9802297900763,-0.001865006759089738,0.0008300496415472199
391.20000582933426,1.0446358919143677,-0.0035195350646972656,9.809173583984375,1.0326271876692772e-05,-0.0029860427603125572,-8.61682838149136e-06,359.9802297900763,-0.0018612091783722917,0.0008300486820429797
391.3000058308244,3.7204110622406006,0.002076864242553711,9.807876586914062,2.0549632608890533e-06,-0.0033087003976106644,-5.39911343366839e-06,0.0,-0.001857077827267517,0.0008300477910747566
391.4000058323145,4.814640998840332,0.0004425048828125,9.833548545837402,2.261018380522728e-06,-0.0025070991832762957,1.7408478015568107e-05,0.0,-0.0018525146992374175,0.0008300469001065336
391.5000058338046,2.803544282913208,0.0006318092346191406,9.7876558303833,9.503564797341824e-07,0.0009745267452672124,6.382656465575565e-06,0.0,-0.0018477000440384472,0.0008300460091383104
391.6000058352947,2.28855037689209,0.0011425018310546875,9.798022270202637,1.5798723325133324e-06,-0.0012178855249658227,-5.2367846365086734e-05,0.0,-0.0018426806032181275,0.0008300451181700874
391.70000583678484,4.032444477081299,0.00996541976928711,9.807323455810547,3.930449020117521e-05,-0.001910400460474193,0.0017699208110570908,0.0,-0.0018372994292974454,0.0008300451181700874
391.80000583827496,4.927721977233887,-0.004321575164794922,9.807236671447754,-5.6781223975121975e-05,-0.0017366285901516676,-0.0048028756864368916,0.0,-0.0018314763351270358,0.0008300447069539844
391.9000058397651,5.394026279449463,-0.0053501129150390625,9.805692672729492,0.00010413757991045713,-0.0017387981060892344,0.01790621317923069,0.0,-0.0018251697879065887,0.0008300437474497442
392.0000058412552,5.6774210929870605,0.015508651733398438,9.804348945617676,-2.5307410396635532e-05,-0.0009128329111263156,-0.010150968097150326,0.0,-0.001818354155147972,0.0008300441586658471
392.1000058427453,5.120863914489746,-0.001285552978515625,9.805163383483887,-2.426456194370985e-05,0.0012168282410129905,0.002326426561921835,0.0,-0.0018110796052184241,0.0008300444328099158
392.2000058442354,2.639284133911133,-0.0018460750579833984,9.808993339538574,4.229601472616196e-06,0.0038220533169806004,-4.6442739403573796e-05,0.0,-0.0018035684689721165,0.0008300445013459329
392.30000584572554,-0.6277332305908203,-0.001244962215423584,9.810929298400879,1.169741153717041e-06,0.0043962388299405575,-4.153557711106259e-06,359.9802297900763,-0.001796114217597733,0.0008300445013459329
392.40000584721565,-2.365271806716919,-1.0967254638671875e-05,9.809700012207031,4.156026989221573e-07,0.0028487462550401688,4.188736511423485e-06,0.0,-0.0017888721537389074,0.0008300445013459329
392.50000584870577,-2.601278781890869,-1.3113021850585938e-05,9.808744430541992,-3.2584648579359055e-07,0.0010586415883153677,4.5686360863328446e-06,0.0,-0.0017818637977029539,0.0008300445013459329
392.6000058501959,-1.7752952575683594,-5.602836608886719e-06,9.808792114257812,1.4024553820490837e-06,-0.0010763317113742232,2.151164153474383e-06,0.0,-0.0017750145822930108,0.0008300445013459329
392.700005851686,0.16527462005615234,-0.015656277537345886,9.80926513671875,-4.640989936888218e-05,-0.0029812741558998823,-0.0014574332162737846,359.9802297900763,-0.0017681504260309566,0.0008300431306255897
392.8000058531761,2.2354955673217773,-0.012641668319702148,9.809290885925293,-4.782574251294136e-06,-0.0027673777658492327,-0.0013160852249711752,0.0,-0.001761085733377854,0.0008300405947929548
392.90000585466623,2.5281548500061035,0.006306648254394531,9.80960750579834,3.840972203761339e-05,-0.0005297987954691052,0.00021198502508923411,359.9802297900763,-0.0017537940494634086,0.0008300384701764228
393.00000585615635,0.7871267199516296,0.0027120113372802734,9.810787200927734,-1.6943085938692093e-06,0.0017043804982677102,3.8165093428688124e-05,359.9802297900763,-0.001746431910490287,0.0008300366197039595
393.10000585764647,-1.2163913249969482,0.0009508132934570312,9.810401916503906,1.209089532494545e-06,0.0020556598901748657,1.0068250048789196e-05,359.9802297900763,-0.0017391790179601685,0.0008300349063035305
393.2000058591366,-2.1145427227020264,-0.0005271434783935547,9.809432983398438,5.399342626333237e-07,0.0010103475069627166,5.496515768754762e-06,359.9802297900763,-0.001732115833092962,0.0008300331243670843
393.3000058606267,-1.677497148513794,-0.0010409355163574219,9.809045791625977,-6.576883606612682e-07,-0.0007005291408859193,2.580742147983983e-06,359.9802297900763,-0.001725203290405375,0.0008300313424306382
393.4000058621168,-0.17496229708194733,0.0005912333726882935,9.809354782104492,7.553026080131531e-07,-0.002337481826543808,-1.903172915262985e-06,359.9802297900763,-0.0017183062368530955,0.0008300296290302092
393.50000586360693,1.56723952293396,0.014065146446228027,9.80950927734375,4.69316728413105e-05,-0.0024593123234808445,0.0014881518436595798,359.9802297900763,-0.0017112684103182119,0.0008300290807420719
393.60000586509705,2.0811498165130615,-0.0003628730773925781,9.809736251831055,-4.154571797698736e-05,-0.0008385285618714988,-0.0001866075035650283,0.0,-0.001704044028770113,0.0008300285324539347
393.70000586658716,0.9181765913963318,-0.002996385097503662,9.810563087463379,1.3656681403517723e-06,0.001047021709382534,-3.281184035586193e-05,359.9802297900763,-0.0016967371298335365,0.0008300277100217287
393.8000058680773,-0.7535697817802429,-0.0007125139236450195,9.810454368591309,6.199115887284279e-07,0.0016517483163625002,-3.3871176583488705e-06,359.9802297900763,-0.001689498218610197,0.0008300268190535057
393.9000058695674,-1.6589471101760864,-0.00020492076873779297,9.809717178344727,-9.057112038135529e-07,0.0008982748258858919,2.495970420568483e-06,359.9802297900763,-0.0016824080305752886,0.0008300259280852825
394.0000058710575,-1.401953935623169,0.00045359134674072266,9.809310913085938,6.173795554786921e-07,-0.0004858661850448698,1.3872386261937208e-06,359.9802297900763,-0.001675443537578758,0.0008300250371170595
394.1000058725476,-0.24730579555034637,0.01255980134010315,9.809455871582031,4.4931890442967415e-05,-0.0017991982167586684,0.001453033764846623,359.9802297900763,-0.0016685012502790642,0.0008300253112611282
394.20000587403774,1.1056138277053833,0.0006355047225952148,9.809667587280273,-4.1509512811899185e-05,-0.0019783475436270237,-0.00018609239486977458,0.0,-0.0016614597227970762,0.000830025653941214
394.30000587552786,1.5642553567886353,-0.0037270784378051758,9.809886932373047,5.798065103590488e-07,-0.0008214511326514184,-3.391016070963815e-05,0.0,-0.0016542776964882933,0.000830025653941214
394.400005877018,0.7877598404884338,1.800060272216797e-05,9.810386657714844,-1.265492755919695e-06,0.0006155340815894306,-6.348964689095737e-06,359.9802297900763,-0.0016470252151634668,0.000830025653941214
394.5000058785081,-0.478493869304657,5.841255187988281e-06,9.810403823852539,-7.306225597858429e-07,0.0011550872586667538,2.854356466741592e-07,359.9802297900763,-0.0016398157744390573,0.000830025653941214
394.6000058799982,-1.1909717321395874,-9.5367431640625e-07,9.809873580932617,2.3795291781425476e-07,0.0006362721906043589,2.20510855797329e-06,359.9802297900763,-0.0016327131128548444,0.000830025653941214
394.7000058814883,-1.0363845825195312,4.76837158203125e-07,9.80952262878418,-2.815795596688986e-07,-0.0003996731829829514,1.224606421601493e-06,359.9802297900763,-0.0016257033860966885,0.000830025653941214
394.80000588297844,-0.20201285183429718,8.508563041687012e-06,9.809643745422363,-9.10833477973938e-07,-0.0013418536400422454,-1.0410085451439954e-06,359.9802297900763,-0.0016187117528403405,0.000830025653941214
394.90000588446856,0.7516452670097351,1.7702579498291016e-05,9.809775352478027,1.9569415599107742e-07,-0.0014627396594733,-2.4121172828017734e-06,359.9802297900763,-0.0016116526801539521,0.000830025653941214
395.00000588595867,1.0686899423599243,-0.01555776596069336,9.809967994689941,-4.664593143388629e-05,-0.0006766882725059986,-0.0014958003303036094,0.0,-0.0016044977941049865,0.0008300242832208708
395.1000058874488,0.5422998666763306,-0.013044416904449463,9.810322761535645,-3.132503479719162e-06,0.00029658619314432144,-0.0013267542235553265,0.0,-0.0015972942474888896,0.0008300217473882358
395.2000058889389,-0.29978832602500916,0.004297316074371338,9.81024169921875,3.806402673944831e-05,0.0006844064919278026,0.00018566977814771235,359.9802297900763,-0.0015901175669910117,0.0008300195542356867
395.300005890429,-0.7906181812286377,0.006043195724487305,9.809969902038574,-2.7449277695268393e-06,0.0003406641772016883,3.3357842767145485e-05,359.9802297900763,-0.0015830118898065848,0.0008300178408352577
395.40000589191914,-0.6833877563476562,-0.00205153226852417,9.809694290161133,1.1087977327406406e-06,-0.00037269238964654505,6.19060074313893e-06,359.9802297900763,-0.0015759674838164983,0.0008300161274348287
395.50000589340925,-0.12047041952610016,0.0006034895777702332,9.809769630432129,1.1704396456480026e-06,-0.0009793442441150546,1.59681931677369e-07,359.9802297900763,-0.0015689339065261265,0.0008300143454983825
395.60000589489937,0.48777011036872864,0.00014027953147888184,9.809860229492188,9.94652509689331e-07,-0.001027788850478828,-1.5859193354117451e-06,359.9802297900763,-0.0015618566032458148,0.0008300126320979535
395.7000058963895,0.663253128528595,0.000186920166015625,9.810028076171875,1.5882542356848717e-06,-0.000518276821821928,-1.799998244678136e-06,359.9802297900763,-0.0015547196736349633,0.0008300108501615073
395.8000058978796,0.32440391182899475,-0.0005283057689666748,9.810232162475586,-3.392051439732313e-08,7.990007725311443e-05,-8.38363746424875e-07,359.9802297900763,-0.0015475536847588955,0.0008300090682250612
395.9000058993697,-0.19361217319965363,0.000583842396736145,9.810150146484375,-1.3364769984036684e-06,0.00030908396001905203,4.6578222168136563e-07,359.9802297900763,-0.0015404051040235345,0.0008300073548246323
396.00000590085983,-0.48036056756973267,-0.00011742115020751953,9.809952735900879,-1.2560485629364848e-06,8.337796316482127e-05,4.6343197368514666e-07,359.9802297900763,-0.0015332995639170122,0.0008300055728881861
396.10000590234995,-0.40800684690475464,-9.807944297790527e-05,9.809852600097656,6.93777110427618e-07,-0.00036106372135691345,-3.523331315591349e-08,359.9802297900763,-0.001526230759125724,0.0008300038594877571
396.20000590384007,-0.043995410203933716,-0.0006262026727199554,9.809842109680176,-1.701992005109787e-07,-0.0007084046374075115,-8.362996481992013e-07,359.9802297900763,-0.0015191657923168123,0.0008300020775513109
396.3000059053302,0.16497892141342163,0.0006793886423110962,9.810029983520508,1.8194405129179358e-06,-0.00023300200700759888,-6.065167781343916e-07,359.9802297900763,-0.0015120861588258094,0.0008300002956148647
396.4000059068203,-0.3917829990386963,-9.375810623168945e-05,9.810262680053711,-1.0622316040098667e-06,0.0005965823656879365,1.300303551943216e-06,359.9802297900763,-0.0015050416157578184,0.0008299985822144357
396.5000059083104,-1.3266668319702148,-0.00034248828887939453,9.809980392456055,-1.5052501112222672e-07,0.0009247866692021489,3.2796806408441626e-06,359.9802297900763,-0.0014981159141456146,0.0008299968002779895
396.60000590980053,-1.9215035438537598,-0.0011256933212280273,9.809441566467285,-8.561764843761921e-07,0.0005094257066957653,4.033824552607257e-06,359.9802297900763,-0.001491362786239847,0.0008299950868775605
396.70000591129065,-1.8757083415985107,0.0001366138458251953,9.809172630310059,-1.4581019058823586e-08,-0.0002907038142438978,3.806964969044202e-06,359.9802297900763,-0.0014847777086544056,0.0008299933049411144
396.80000591278076,-1.2866132259368896,-0.00033152103424072266,9.80932331085205,-1.5473924577236176e-06,-0.0010335283586755395,1.755878770381969e-06,359.9802297900763,-0.0014783081827687283,0.0008299915230046682
396.9000059142709,-0.5507721304893494,-0.00013571977615356445,9.809691429138184,-5.812617018818855e-07,-0.0012636611936613917,4.534329889338551e-08,359.9802297900763,-0.0014718878657475898,0.0008299898096042393
397.000005915761,-0.18880613148212433,-0.0006645023822784424,9.810044288635254,-1.646461896598339e-06,-0.0008277794113382697,-1.223361465463313e-07,359.9802297900763,-0.0014654842715344785,0.0008299880276677931
397.1000059172511,-0.4087071418762207,0.0005269348621368408,9.810155868530273,-1.0879739420488477e-07,-0.00011606238695094362,1.3305975699040573e-06,359.9802297900763,-0.001459117275544486,0.0008299863142673641
397.2000059187412,-1.0004534721374512,-0.0002556443214416504,9.81006145477295,1.578591763973236e-07,0.0003159856132697314,2.1186976937315194e-06,359.9802297900763,-0.0014528400617308534,0.0008299845323309179
397.30000592023134,-1.474861741065979,-0.00038170814514160156,9.809703826904297,2.1481100702658296e-06,0.00020735510042868555,3.032226231880486e-06,359.9802297900763,-0.0014466951224392233,0.0008299827503944718
397.40000592172146,-1.5327116250991821,-0.0010221004486083984,9.809450149536133,1.1816155165433884e-08,-0.0002663677732925862,2.8524793833639706e-06,359.9802297900763,-0.0014406878034805004,0.0008299810369940427
397.5000059232116,-1.1925395727157593,0.0003185272216796875,9.809516906738281,2.764281816780567e-07,-0.0007929996936582029,1.5769579704283387e-06,359.9802297900763,-0.001434787126541437,0.0008299792550575966
397.6000059247017,-0.6719697713851929,-0.00016796588897705078,9.80972957611084,-1.1955853551626205e-07,-0.0010265971068292856,5.660965598508483e-07,359.9802297900763,-0.0014289467612940143,0.0008299775416571677
397.7000059261918,-0.34891846776008606,0.013749748468399048,9.809931755065918,3.6999466829001904e-05,-0.0007853294955566525,0.0012696566991508007,359.9802297900763,-0.0014231375114235334,0.0008299769933690303
397.8000059276819,-0.446265310049057,0.011276841163635254,9.810108184814453,2.4086330085992813e-07,-0.0002779404167085886,0.0010888541582971811,0.0,-0.0014173682865532555,0.0008299775416571677
397.90000592917204,-0.8528225421905518,-0.005660891532897949,9.810039520263672,-3.318741437396966e-05,7.982643728610128e-05,-0.000188840800547041,359.9802297900763,-0.00141167554791366,0.0008299775416571677
398.00000593066216,-1.2195533514022827,-0.0013076066970825195,9.809764862060547,6.1360733525361866e-06,5.251712354947813e-05,-2.619906808831729e-05,359.9802297900763,-0.0014060923298018224,0.0008299774045851333
398.10000593215227,-1.3048356771469116,0.0024368762969970703,9.809671401977539,1.3523385860025883e-06,-0.00028245829162187874,-2.393785280219163e-06,359.9802297900763,-0.0014006258970766794,0.0008299775416571677
398.2000059336424,-1.0609759092330933,-0.0012993812561035156,9.809584617614746,-1.393782440572977e-06,-0.0006945093045942485,8.326354645760148e-07,359.9802297900763,-0.001395254729430917,0.0008299775416571677
398.3000059351325,-0.6617973446846008,-2.676248550415039e-05,9.809762001037598,-1.4546094462275505e-06,-0.0009024864993989468,6.707702482344757e-07,359.9802297900763,-0.001389942639804076,0.0008299775416571677
398.4000059366226,-0.3851032853126526,-1.1205673217773438e-05,9.809927940368652,1.059786882251501e-06,-0.0007314457325264812,3.07938165633459e-07,359.9802297900763,-0.0013846652293949546,0.0008299775416571677
398.50000593811274,-0.4474726915359497,-1.475214958190918e-05,9.810101509094238,1.018255716189742e-06,-0.00032353628193959594,4.953523102813051e-07,359.9802297900763,-0.001379427706979186,0.0008299775416571677
398.60000593960285,-0.7802183032035828,-3.355741500854492e-05,9.810019493103027,1.7447746358811855e-07,-2.388136817899067e-05,1.5086795883689774e-06,359.9802297900763,-0.0013742603654378627,0.0008299775416571677
398.70000594109297,-1.0893583297729492,-0.014553308486938477,9.809803009033203,-3.304106940049678e-05,-4.3464071495691314e-05,-0.0011314945295453072,0.0,-0.0013691904821087064,0.0008299761709368244
398.8000059425831,-1.1545902490615845,0.002337217330932617,9.809745788574219,3.210850991308689e-05,-0.00032837106846272945,0.0001689950149739161,359.9802297900763,-0.001364224362291111,0.000829975142896567
398.9000059440732,-0.9407356977462769,0.0017516016960144043,9.80964469909668,-4.443747457116842e-06,-0.0006886030896566808,2.323310764040798e-05,359.9802297900763,-0.001359342404725794,0.0008299742519283439
399.0000059455633,-0.5790936946868896,0.0005505681037902832,9.809828758239746,-4.784087650477886e-07,-0.0008657965227030218,3.4131278425775236e-06,359.9802297900763,-0.0013545125345331144,0.0008299733609601209
399.10000594705343,-0.3487069010734558,-0.0006656050682067871,9.809938430786133,3.3690594136714935e-07,-0.000691004388500005,3.4377814017716446e-07,359.9802297900763,-0.0013497136425968392,0.000829972538527915
399.20000594854355,-0.42986810207366943,-5.2541494369506836e-05,9.810098648071289,1.2555974535644054e-06,-0.0003073961124755442,5.826944402542722e-07,359.9802297900763,-0.0013449532679317144,0.0008299716475596918
399.30000595003366,-0.7501294612884521,0.000525355339050293,9.810011863708496,-1.0982075764331967e-06,-4.862998684984632e-05,1.3413265378403594e-06,359.9802297900763,-0.0013402603326824192,0.0008299707565914688
399.4000059515238,-1.0330013036727905,0.011849164962768555,9.809825897216797,2.9363625799305737e-05,-0.0001009180850815028,0.001059525297023356,359.9802297900763,-0.0013356599210538889,0.0008299710307355374
399.5000059530139,-0.7863107919692993,-0.0025390982627868652,9.805461883544922,-4.13539819419384e-05,-0.0029882779344916344,-0.0002166447666240856,359.9802297900763,-0.0013311301015477284,0.0008299710307355374
399.600005954504,-0.03118113987147808,3.3117830753326416e-06,9.812193870544434,4.045723471790552e-06,-0.0005562622100114822,-2.0958841560059227e-05,359.9802297900763,-0.0013266028863938573,0.0008299710307355374
399.70000595599413,-0.28460702300071716,-7.659196853637695e-06,9.811518669128418,1.4116812963038683e-06,0.00041192889329977334,-3.4836552913475316e-06,359.9802297900763,-0.0013221011666502136,0.0008299710307355374
399.80000595748425,-0.40464141964912415,-1.531839370727539e-05,9.787453651428223,2.673798007890582e-06,0.00041058240458369255,9.135300729212759e-07,359.9802297900763,-0.0013176359080802058,0.0008299710307355374
399.90000595897436,-1.1642024517059326,-6.377696990966797e-05,9.83443832397461,-1.2263190001249313e-06,0.0010031269630417228,1.8652150401976542e-06,359.9802297900763,-0.0013132748242270509,0.0008299710307355374
400.0000059604645,-1.5360443592071533,-8.738040924072266e-05,9.812893867492676,4.05198079533875e-07,0.0001308071950916201,1.1147990335302893e-06,359.9802297900763,-0.0013090516348484016,0.0008299710307355374
400.1000059619546,-0.6880418658256531,-3.337860107421875e-05,9.80830192565918,-1.1005904525518417e-06,-0.0009939471492543817,-3.516129538638779e-07,359.9802297900763,-0.0013048899908199019,0.0008299710307355374
400.2000059634447,0.17037753760814667,2.1383166313171387e-05,9.808453559875488,-1.5599653124809265e-08,-0.0007105405093170702,-1.288308567382046e-06,359.9802297900763,-0.001300713131769271,0.0008299710307355374
400.3000059649348,-0.1958150416612625,-1.996755599975586e-06,9.809300422668457,1.5529803931713104e-07,0.0005114175146445632,-4.63611740997294e-06,359.9802297900763,-0.0012965536809019795,0.0008299710307355374
400.40000596642494,-1.1640936136245728,-6.377696990966797e-05,9.809616088867188,-9.587965905666351e-07,0.0008603102178312838,-4.156567592872307e-05,359.9802297900763,-0.001292498678921561,0.0008299710307355374
400.50000596791506,-1.333280086517334,-0.016473770141601562,9.809333801269531,-1.5811579942237586e-05,-7.938218186609447e-05,-0.0009953253902494907,0.0,-0.001288563203729609,0.0008299695229431599
400.6000059694052,-0.42391717433929443,0.009335637092590332,9.809432029724121,2.7104979380965233e-05,-0.0010349302319809794,0.0002562655135989189,359.9802297900763,-0.0012846658345750939,0.0008299689061190054
400.7000059708953,0.2306094467639923,-0.009977847337722778,9.809879302978516,-2.4018867406994104e-05,-0.0004452418361324817,-0.000977254705503583,359.9802297900763,-0.0012807476305027876,0.0008299673983266279
400.8000059723854,-0.43340492248535156,0.0043080151081085205,9.810340881347656,2.5840126909315586e-05,0.0007176774670369923,0.0002526602183934301,359.9802297900763,-0.0012768682177721757,0.0008299663017503533
400.9000059738755,-1.2178806066513062,0.0022603273391723633,9.809925079345703,-7.191614713519812e-06,0.0005891250330023468,7.242463652801234e-06,359.9802297900763,-0.001273098051470356,0.0008299654107821303
401.00000597536564,-1.05680251121521,0.00041925907135009766,9.80962085723877,-2.3657630663365126e-06,-0.0003340978000778705,5.638835318677593e-07,359.9802297900763,-0.001269422876077897,0.0008299645198139072
401.10000597685575,0.002976849442347884,-0.0006137632299214602,9.809541702270508,-2.221902832388878e-06,-0.0019841238390654325,-1.6674025573593099e-06,359.9802297900763,-0.001265747152416452,0.0008299636288456842
401.20000597834587,2.423441171646118,0.0005185604095458984,9.808736801147461,2.0372681319713593e-07,-0.003509707050397992,-4.354656994109973e-06,359.9802297900763,-0.0012618538954143332,0.000829962737877461
401.300005979836,4.379211902618408,0.0015535354614257812,9.807426452636719,-7.485505193471909e-07,-0.0030211936682462692,-5.7631223171483725e-06,359.9802297900763,-0.0012575677899775428,0.0008299619154452551
401.4000059813261,4.7724528312683105,0.0003848075866699219,9.838117599487305,1.1408701539039612e-06,0.0016580837545916438,1.1145531289002975e-06,0.0,-0.0012528537456546474,0.0008299610244770321
401.5000059828162,2.018472671508789,0.0010576248168945312,9.778007507324219,1.5398254618048668e-06,0.0009151235572062433,-6.043277608114295e-06,0.0,-0.0012479587662284075,0.000829960133508809
401.60000598430634,2.9427504539489746,2.86102294921875e-06,9.802699089050293,-9.673531167209148e-07,-0.0008887472795322537,9.455376130063087e-06,0.0,-0.0012428000602255906,0.0008299592425405859
401.70000598579645,4.379213809967041,0.0009608268737792969,9.807600021362305,2.5186454877257347e-06,-0.0012760288082063198,-0.00022907290258444846,359.9802297900763,-0.0012372487799154896,0.0008299583515723628
401.80000598728657,5.086887359619141,0.0002646446228027344,9.80689525604248,-1.3547134585678577e-05,-0.001027943566441536,0.001781244995072484,0.0,-0.0012312411868009576,0.0008299573920681225
401.9000059887767,5.465546131134033,0.011172294616699219,9.805241584777832,7.169903255999088e-05,-0.0007000470068305731,-0.0011336712632328272,359.9802297900763,-0.001224743698230668,0.0008299573235321054
402.0000059902668,5.652536869049072,-0.003573894500732422,9.804244041442871,-6.525401840917766e-05,-0.00019029952818527818,0.0015706680715084076,0.0,-0.001217739454347111,0.0008299569808520196
402.1000059917569,5.039536952972412,-0.004470348358154297,9.805205345153809,3.864755854010582e-06,0.0021459669806063175,-0.0003234323812648654,0.0,-0.001210283421031022,0.0008299560898837966
402.20000599324703,1.7819901704788208,-0.0004388093948364258,9.810158729553223,-2.1047890186309814e-07,0.005295114126056433,-8.126105058181565e-06,0.0,-0.0012026679729615353,0.0008299551989155734
402.30000599473715,-1.675421953201294,-0.00015592575073242188,9.810813903808594,6.207264959812164e-07,0.004996173083782196,4.287496267352253e-06,0.0,-0.0011952031670432461,0.0008299543764833675
402.40000599622726,-2.7964370250701904,0.00035858154296875,9.809093475341797,1.9953586161136627e-07,0.0030727898702025414,6.617759936489165e-06,0.0,-0.0011879894770885358,0.0008299534855151445
402.5000059977174,-2.6682288646698,-0.0008785724639892578,9.808497428894043,5.378387868404388e-07,0.0012980428291484714,5.918423994444311e-06,0.0,-0.0011810151149092007,0.0008299525945469214
402.6000059992075,-1.5892101526260376,-0.01098477840423584,9.808769226074219,-3.259570803493261e-05,-0.0009827897883951664,-0.001378531102091074,359.9802297900763,-0.001174183307668386,0.0008299507440744581
402.7000060006976,0.631862998008728,-0.001721024513244629,9.809309005737305,3.662030212581158e-05,-0.002717881230637431,0.00018292265303898603,359.9802297900763,-0.0011672947525624977,0.0008299487565299604
402.80000600218773,2.590938091278076,0.0037031173706054688,9.809207916259766,-3.875233232975006e-06,-0.0020762274507433176,2.4630433472339064e-05,359.9802297900763,-0.001160173586256974,0.0008299469745935142
402.90000600367785,2.4895524978637695,0.0005550384521484375,9.80978775024414,6.246846169233322e-07,0.0003746926668100059,1.3618328011943959e-06,359.9802297900763,-0.0011528291295803683,0.000829945192657068
403.00000600516796,0.43809789419174194,0.00010600686073303223,9.810894012451172,-7.853377610445023e-07,0.002582566114142537,2.3798399979568785e-06,359.9802297900763,-0.0011454454017751914,0.0008299434792566391
403.1000060066581,-1.484256625175476,-0.000939488410949707,9.810246467590332,-7.245689630508423e-07,0.0026421016082167625,4.809758593182778e-06,359.9802297900763,-0.0011381949079662945,0.000829941697320193
403.2000060081482,-2.147278070449829,0.00016570091247558594,9.809277534484863,-7.331836968660355e-07,0.0015129632083699107,5.061691808805335e-06,359.9802297900763,-0.00113113727452685,0.0008299399839197639
403.3000060096383,-1.5687631368637085,-0.0003325939178466797,9.809062004089355,-5.8120349422097206e-08,-0.0002706862869672477,2.5049394025700167e-06,359.9802297900763,-0.0011242201399284113,0.0008299382019833178
403.4000060111284,0.04522594437003136,2.057477831840515e-05,9.809330940246582,1.337612047791481e-06,-0.0018684257520362735,-1.2097497119611944e-06,359.9802297900763,-0.00111729903024127,0.0008299364200468716
403.50000601261854,1.7387171983718872,-0.00023412704467773438,9.809540748596191,1.332256942987442e-06,-0.001795247895643115,-4.007645657111425e-06,359.9802297900763,-0.0011102217954999105,0.0008299347066464426
403.60000601410866,2.036191463470459,0.0010805130004882812,9.809855461120605,-5.183828761801124e-07,-7.401260518236086e-05,-2.8348349587759003e-06,359.9802297900763,-0.001102961843741923,0.0008299329247099964
403.7000060155988,0.36150097846984863,0.8324602842330933,10.309792518615723,-0.19510729610919952,-0.09436669945716858,-0.00025505851954221725,359.9802297900763,-0.0010956731068603176,0.0008300152364666057
403.8000060170889,-0.30356884002685547,-1.3614498376846313,9.401954650878906,0.19563791155815125,0.09580591320991516,-0.022418132051825523,359.9557777128477,-0.001088413977541336,0.0008299777472652191
403.900006018579,-1.3399529457092285,-0.1744784116744995,9.179064750671387,0.001162244938313961,0.007512196898460388,-0.03619988635182381,359.88132865089455,-0.0010812748547550655,0.0008299247003879372
404.0000060200691,-1.6631131172180176,0.4837111234664917,10.272797584533691,-0.000978659256361425,0.0002202099421992898,-0.0298478901386261,359.8264139299676,-0.0010742847292988245,0.0008299152424175692
404.10000602155924,0.40823477506637573,0.8711438775062561,10.465812683105469,-0.056742023676633835,0.052507683634757996,0.004788911901414394,359.81130555152356,-0.0010672526598085597,0.0008299921398288227
404.20000602304935,0.3886551856994629,-1.513198733329773,8.999418258666992,0.05802132561802864,-0.05575259402394295,-0.04314257949590683,359.8405114404145,-0.001060184951569454,0.0008299335415341509
404.30000602453947,1.3622047901153564,0.38672447204589844,9.765846252441406,-0.0003796406090259552,-0.002491984749212861,-0.041667211800813675,359.8846617832095,-0.0010529949750974765,0.0008299091427120419
404.4000060260296,0.4560169577598572,0.2132522314786911,10.06859302520752,-0.0008576283580623567,0.0016199045348912477,-0.04293779656291008,359.9259980880664,-0.001045764356732093,0.0008299037283666863
404.5000060275197,-0.6042599678039551,0.05144602060317993,9.852717399597168,-0.0005996281979605556,0.001648274133913219,-0.0456867441534996,359.9557777128477,-0.0010385880874679287,0.0008299028373984632
404.6000060290098,-0.9879696369171143,0.025427937507629395,9.810098648071289,-0.00035607186146080494,0.0008529762853868306,-0.04750261828303337,359.9802297900763,-0.0010315004352605683,0.0008299041395827892
404.70000603049994,-0.6757639050483704,0.011682331562042236,9.804703712463379,-0.00020775463781319559,-0.0001466919929953292,-0.0481182336807251,359.9802297900763,-0.0010244734373969777,0.0008299065383433899
404.80000603199005,0.07353590428829193,0.004062265157699585,9.80601692199707,-0.00014998356346040964,-0.0008321149507537484,-0.04826255887746811,0.01978234059262607,-0.0010174399286455582,0.0008299092797840762
404.90000603348017,0.7193624377250671,-0.005493104457855225,9.807816505432129,-0.0001230842899531126,-0.0007423265487886965,-0.04889506846666336,0.01978234059262607,-0.0010103417904190337,0.0008299114729366253
405.0000060349703,0.7597519755363464,-0.004294276237487793,9.80894660949707,-7.018563337624073e-05,-5.7220004237024114e-05,-0.049054548144340515,0.01978234059262607,-0.001003175390323463,0.0008299131863370543
405.1000060364604,0.2444329410791397,5.765259265899658e-05,9.809748649597168,-4.8898684326559305e-05,0.0006029910873621702,-0.04970419406890869,0.01978234059262607,-0.00099598719577898,0.0008299150368095176
405.2000060379505,-0.37252089381217957,4.836916923522949e-05,9.809833526611328,-1.9556144252419472e-05,0.0007376408902928233,-0.05024595186114311,0.0,-0.0009888325153468713,0.0008299168187459638
405.30000603944063,-0.6243246793746948,-0.000583946704864502,9.809788703918457,4.5322522055357695e-06,0.0003642926749307662,-0.0504922941327095,0.0,-0.0009817338288229394,0.0008299185321463928
405.40000604093075,-0.42438212037086487,2.7507543563842773e-05,9.809728622436523,1.0749470675364137e-05,-0.00019941359641961753,-0.050203315913677216,0.0,-0.0009746731797974917,0.000829920314082839
405.50000604242086,0.0472857728600502,1.4863908290863037e-05,9.809797286987305,5.042937118560076e-06,-0.0005684670759364963,-0.049545660614967346,0.01978234059262607,-0.000967608281541743,0.0008299220960192852
405.600006043911,0.4390786290168762,0.0006322860717773438,9.809917449951172,-7.778260624036193e-06,-0.0004816046275664121,-0.04916800558567047,0.01978234059262607,-0.0009605039750937294,0.0008299238094197142
405.7000060454011,0.4605846703052521,-0.0006233155727386475,9.810080528259277,-1.5408513718284667e-05,-5.1688868552446365e-05,-0.04934163764119148,0.01978234059262607,-0.000953358272852256,0.0008299255913561603
405.8000060468912,0.144159197807312,-0.018180787563323975,9.810121536254883,-6.717012729495764e-05,0.00035021075746044517,-0.05181790143251419,359.9802297900763,-0.0009461996858846078,0.0008299256598921775
405.90000604838133,-0.22188563644886017,0.0012162625789642334,9.810088157653809,5.295604933053255e-05,0.0004398715100251138,-0.049904823303222656,0.0,-0.0009390610428567925,0.0008299259340362462
406.00000604987144,-0.37033548951148987,0.0061979591846466064,9.80998706817627,5.158770363777876e-06,0.0002122240694006905,-0.05020337551832199,0.0,-0.0009319557083529162,0.0008299266879324349
406.10000605136156,-0.25160616636276245,-0.01636861264705658,9.809883117675781,-2.7389818569645286e-05,-0.0001269493659492582,-0.051480162888765335,0.0,-0.0009248728536590534,0.0008299260025722633
406.2000060528517,0.03676489368081093,0.0012663230299949646,9.809864044189453,4.544586408883333e-05,-0.00033396578510291874,-0.04951777681708336,359.9802297900763,-0.0009177867092233782,0.000829925454284126
406.3000060543418,0.2539516091346741,0.006329834461212158,9.809985160827637,-4.438625182956457e-06,-0.0002757314941845834,-0.0494365394115448,359.9802297900763,-0.0009106778108503022,0.000829925454284126
406.4000060558319,0.26409733295440674,8.249282836914062e-05,9.810049057006836,-6.288461008807644e-06,-2.713581307034474e-05,-0.04954419285058975,359.9802297900763,-0.0009035451304839626,0.000829925454284126
406.500006057322,0.08399323374032974,3.5025179386138916e-05,9.810086250305176,-5.083405994810164e-06,0.00020307650265749544,-0.04979156702756882,359.9802297900763,-0.0008964050482092034,0.000829925454284126
406.60000605881214,-0.1324976235628128,-2.8640031814575195e-05,9.810078620910645,-7.068738341331482e-07,0.0002539936685934663,-0.05000605434179306,0.0,-0.0008892767541368585,0.000829925454284126
406.70000606030226,-0.2164311707019806,-0.017635121941566467,9.80994701385498,-3.286309220129624e-05,0.00012081972090527415,-0.05151771754026413,359.9802297900763,-0.000882167992841687,0.0008299238779557313
406.8000060617924,-0.1439412534236908,-0.01387813687324524,9.80993938446045,5.97830512560904e-06,-7.72619605413638e-05,-0.05124334245920181,359.9720335630723,-0.0008750720477763707,0.0008299210679790277
406.9000060632825,0.026194248348474503,0.006269888952374458,9.809951782226562,3.9844089769758284e-05,-0.00019422901095822453,-0.04955928027629852,359.9657497890359,-0.0008679737724577308,0.0008299188062904615
407.0000060647726,0.14825353026390076,0.004461795091629028,9.81000804901123,-3.3961841836571693e-06,-0.00015782368427608162,-0.04958990961313248,359.9657497890359,-0.0008608622011934131,0.0008299169558179982
407.1000060662627,0.04628872126340866,0.001905776560306549,9.810049057006836,-3.903987817466259e-07,0.00038172685890458524,-0.05027396231889725,359.9657497890359,-0.000853746449209325,0.0008299153109535863
407.20000606775284,-0.6119549870491028,-0.0009541511535644531,9.810210227966309,1.7045065760612488e-05,0.0010493735317140818,-0.051198385655879974,359.9657497890359,-0.0008466856631059727,0.0008299135290171401
407.30000606924295,-1.4499849081039429,-0.0008009672164916992,9.809901237487793,4.8640184104442596e-05,0.001198216574266553,-0.052164025604724884,359.9657497890359,-0.0008397549583776254,0.0008299118156167111
407.40000607073307,-1.8865599632263184,-0.0023050308227539062,9.809391975402832,7.582496618852019e-05,0.0007120776572264731,-0.05332813039422035,359.9657497890359,-0.0008329934690749496,0.0008299099651442478
407.5000060722232,-1.7312394380569458,0.0002789497375488281,9.809167861938477,8.693631389178336e-05,-5.4243631893768907e-05,-0.05415241792798042,359.9657497890359,-0.0008263871453095817,0.0008299081832078017
407.6000060737133,-1.1427007913589478,-0.001267552375793457,9.809442520141602,7.509527495130897e-05,-0.0006834535161033273,-0.05419224873185158,359.9657497890359,-0.0008198832828867353,0.0008299064698073727
407.7000060752034,-0.5194282531738281,0.00033968687057495117,9.809771537780762,5.3055351600050926e-05,-0.0007901365170255303,-0.054044850170612335,359.9657497890359,-0.0008134259564229751,0.0008299046878709266
407.80000607669353,-0.2744887173175812,-0.00014579296112060547,9.810030937194824,3.31951305270195e-05,-0.0003370614431332797,-0.054445069283246994,359.9657497890359,-0.0008069930973135797,0.0008299029744704976
407.90000607818365,-0.5519886612892151,-0.0003045201301574707,9.810149192810059,3.0371244065463543e-05,0.00028749980265274644,-0.055251266807317734,359.9657497890359,-0.0008006097211961105,0.0008299011925340514
408.00000607967377,-1.0743545293807983,-0.0012339353561401367,9.809953689575195,4.290061770007014e-05,0.0006126876687631011,-0.056108202785253525,359.9657497890359,-0.000794322706738626,0.0008298994105976052
408.1000060811639,-1.4399096965789795,0.0010477304458618164,9.80969524383545,5.642630276270211e-05,0.00046736953663639724,-0.05694355443120003,359.9657497890359,-0.000788164814153447,0.0008298977657331933
408.200006082654,-1.433905839920044,0.0144195556640625,9.80949592590332,0.00010860130714718252,3.253023169236258e-05,-0.05573934316635132,359.9720335630723,-0.0007821354951147441,0.0008298974915891248
408.3000060841441,-1.0980637073516846,0.011565327644348145,9.809532165527344,4.017443279735744e-05,-0.0004080979560967535,-0.056609269231557846,359.9802297900763,-0.000776204593776697,0.0008298983140213307
408.40000608563423,-0.6619255542755127,-0.0077018141746521,9.809822082519531,1.5739118680357933e-05,-0.0005603667232207954,-0.0577894002199173,359.9802297900763,-0.0007703329761170608,0.0008298983825573478
408.50000608712435,-0.42773303389549255,-0.0026300251483917236,9.8098783493042,3.360494156368077e-05,-0.0003186082176398486,-0.05792684480547905,359.9802297900763,-0.0007644996015585548,0.0008298983140213307
408.60000608861446,-0.5439006686210632,0.0010804533958435059,9.810118675231934,2.3535292712040246e-05,0.0001131681347033009,-0.05856820195913315,359.9802297900763,-0.0007587150246450847,0.0008298983140213307
408.7000060901046,-0.8935574889183044,-0.00028783082962036133,9.809944152832031,2.7895061066374183e-05,0.0003971686237491667,-0.059313416481018066,359.9802297900763,-0.0007530105663278164,0.0008298983140213307
408.8000060915947,-1.179563045501709,-0.014283299446105957,9.809821128845215,1.121999230235815e-05,0.00035715545527637005,-0.061173319816589355,359.9802297900763,-0.0007474119276338342,0.0008298970803730217
408.9000060930848,-1.2204029560089111,-0.0005357265472412109,9.809638977050781,7.614834612468258e-05,6.690683221677318e-05,-0.06028164178133011,359.9720335630723,-0.0007419226038791749,0.0008298958467247129
409.0000060945749,-1.002159833908081,0.003940224647521973,9.809653282165527,3.7531484849750996e-05,-0.00027142063481733203,-0.060519151389598846,359.9802297900763,-0.000736523130825617,0.0008298949557564898
409.10000609606504,-0.673672080039978,-0.0009171962738037109,9.809789657592773,3.0290597351267934e-05,-0.00042158301221206784,-0.06051326170563698,359.9802297900763,-0.0007311841065558156,0.0008298940647882667
409.20000609755516,-0.467692106962204,-0.00019994378089904785,9.809941291809082,1.9023456843569875e-05,-0.00027226455858908594,-0.060757506638765335,359.9720335630723,-0.0007258868892563441,0.0008298931738200436
409.3000060990453,-0.5300930738449097,0.000396728515625,9.810025215148926,1.1497857485665008e-05,5.6528766435803846e-05,-0.06133515387773514,359.9802297900763,-0.0007206371674044476,0.0008298923513878377
409.4000061005354,-0.7871660590171814,-0.0009715557098388672,9.809974670410156,1.4302233466878533e-05,0.0002981883881147951,-0.06199769675731659,359.9720335630723,-0.0007154580376749209,0.0008298914604196147
409.5000061020255,-1.0287249088287354,0.00016438961029052734,9.809836387634277,1.7927755834534764e-05,0.00028989178827032447,-0.06256558001041412,359.9720335630723,-0.0007103711573961391,0.0008298905694513915
409.6000061035156,-1.0726512670516968,0.010893583297729492,9.809749603271484,4.725151666207239e-05,6.46113621769473e-05,-0.06182505190372467,359.9802297900763,-0.0007053805016994374,0.0008298907750594431
409.70000610500574,-0.9044327735900879,-0.001577913761138916,9.80975341796875,-8.314294973388314e-06,-0.00021673548326361924,-0.0631335899233818,359.9802297900763,-0.0007004708555768957,0.0008298908435954602
409.80000610649586,-0.6285038590431213,-0.014695823192596436,9.809739112854004,-4.96100983582437e-06,-0.0003557158343028277,-0.06402931362390518,359.9720335630723,-0.0006956175460715031,0.0008298896099471514
409.900006107986,-0.44632774591445923,0.0010547041893005371,9.810009002685547,3.3060627174563706e-05,-0.00023643020540475845,-0.06298507004976273,359.9720335630723,-0.000690804193041572,0.0008298884448348596
410.0000061094761,-0.494376003742218,0.020519524812698364,9.809996604919434,2.1615647710859776e-05,4.956142947776243e-05,-0.06215997785329819,359.9802297900763,-0.000686035182809519,0.0008298891987310483
410.1000061109662,-0.7226645350456238,-0.0046122074127197266,9.80998420715332,-4.755824920721352e-05,0.000264377478742972,-0.06449790298938751,359.9802297900763,-0.0006813309391304756,0.0008298895414111341
410.2000061124563,-0.9348146915435791,-0.009069740772247314,9.809887886047363,3.594905138015747e-06,0.0002551609941292554,-0.06479237228631973,359.9720335630723,-0.0006767105149947383,0.000829889061659014
410.30000611394644,-0.9737193584442139,-0.0003338456153869629,9.809749603271484,2.5892877602018416e-06,4.9828093324322253e-05,-0.06503362208604813,359.9802297900763,-0.0006721774057609764,0.0008298886504429111
410.40000611543655,0.4145938456058502,0.011705607175827026,9.808591842651367,0.00016007991507649422,-0.0017830956494435668,-0.026967722922563553,0.03426402083239251,-0.0006676069443756205,0.0008298892672670656
410.50000611692667,-0.7010220289230347,0.019563794136047363,9.806863784790039,-0.000161636620759964,0.00441249692812562,-0.0652066171169281,0.05934702678045817,-0.0006630993990768275,0.0008298915289556318
410.6000061184168,-2.450146436691284,-0.10109925270080566,9.78907299041748,-0.00026932277251034975,-0.0017305845394730568,-0.007543247193098068,359.8643897817529,-0.0006588117173009778,0.0008298852921780703
410.7000061199069,1.091320276260376,0.027262449264526367,9.835494995117188,0.0002662391634657979,-0.0013543504755944014,0.00664486363530159,359.88635567012363,-0.0006544260290297643,0.0008298813856250922
410.800006121397,0.1189015656709671,0.025229983031749725,9.814225196838379,-2.6601366698741913e-05,0.0008912055636756122,0.0033984100446105003,359.90935974724823,-0.0006500295120588362,0.000829879603688646
410.90000612288713,-1.4685337543487549,-0.0030956268310546875,9.808980941772461,1.3001961633563042e-05,0.0013554180040955544,0.002785793971270323,359.9259980880664,-0.000645764789865666,0.0008298777532161827
411.00000612437725,-1.6448454856872559,-0.0011065006256103516,9.807879447937012,6.9014058681204915e-06,0.00012244762910995632,0.001990065909922123,359.93744548511535,-0.0006416476942376903,0.0008298759027437193
411.10000612586737,-0.6855781674385071,-0.0006316900253295898,9.808398246765137,4.927744157612324e-06,-0.0010114249307662249,0.0011911990586668253,359.9440571082319,-0.0006375919383430073,0.0008298741893432904
411.2000061273575,0.15283887088298798,0.0026526153087615967,9.80929183959961,2.010923344641924e-05,-0.0007322801975533366,0.0014811026630923152,359.9557777128477,-0.0006335224067299805,0.0008298726130148956
411.3000061288476,-0.19458529353141785,0.006777971982955933,9.810022354125977,3.13884811475873e-06,0.000461822550278157,0.0012030049692839384,359.96044956223994,-0.0006294702832576604,0.0008298716535106555
411.4000061303377,-1.1434413194656372,-0.01768350601196289,9.809944152832031,-2.1796440705657005e-05,0.0008064701687544584,-0.0004513626918196678,359.9557777128477,-0.0006255207581915556,0.0008298691862140377
411.50000613182783,-1.3020086288452148,0.012422800064086914,9.809608459472656,4.2180421587545425e-05,-9.2894202680327e-05,0.0013424354838207364,359.9657497890359,-0.0006216879499589822,0.0008298678840297116
411.60000613331795,-0.4051259756088257,0.0035735368728637695,9.809494972229004,-1.2997537851333618e-05,-0.0010648848256096244,0.0006030790973454714,359.9720335630723,-0.0006178913972831879,0.0008298668559894542
411.70000613480806,0.2706592381000519,0.0007687211036682129,9.809938430786133,2.7930072974413633e-06,-0.0004441532655619085,0.0007017849711701274,359.9802297900763,-0.0006140705828556747,0.0008298660335572483
411.8000061362982,-0.4433852732181549,-0.007082909345626831,9.81039047241211,-1.4032120816409588e-05,0.0007516993791796267,-0.00025104774977080524,359.9720335630723,-0.0006102894507904466,0.0008298645257648708
411.9000061377883,-1.212857723236084,-0.0036649703979492188,9.809928894042969,9.64099308475852e-06,0.0005595438415184617,-4.612513293977827e-06,359.9720335630723,-0.0006066171539202969,0.0008298626752924075
412.0000061392784,-1.1225202083587646,1.8282229900360107,9.808073997497559,0.007210515905171633,-0.0004233773797750473,0.20190788805484772,0.6702720231018859,-0.0006030473869458319,0.0008300231866445962
412.1000061407685,0.8907179832458496,2.973527193069458,9.805461883544922,0.000897115096449852,-0.0029769204556941986,0.2747698128223419,2.1261484558355246,-0.0005994075761464046,0.0008304525647921036
412.20000614225864,3.822922706604004,1.0792858600616455,9.806947708129883,-0.001042984426021576,-0.0032725108321756124,0.24854452908039093,3.545083970525708,-0.0005954313220399854,0.0008309990024569202
412.30000614374876,4.883040428161621,0.600571870803833,9.823925971984863,-0.00020329398103058338,-0.002601269632577896,0.2250119149684906,4.835901144642319,-0.0005910230854198062,0.000831635427912268
412.4000061452389,3.9804911613464355,0.4871962070465088,9.805285453796387,-0.0016615481581538916,0.0024347761645913124,0.18805687129497528,5.975697500124659,-0.000586264287065319,0.00083235210904371
412.500006146729,1.8886950016021729,0.4280968904495239,9.789682388305664,-0.0005220914608798921,0.00014100712724030018,0.1607692837715149,6.954545570457527,-0.0005813422359182141,0.000833126977253721
412.6000061482191,3.797100067138672,0.498030424118042,9.805424690246582,0.0001945776166394353,-0.0019744960591197014,0.13718366622924805,7.806980499631798,-0.0005760889501971178,0.0008339919703262974
412.7000061497092,4.941277503967285,2.309138774871826,9.80435848236084,0.006735844071954489,-0.00043525174260139465,0.3530101776123047,9.305862951670157,-0.0005704317132000369,0.0008351322040437882
412.80000615119934,5.147157669067383,5.4224066734313965,9.791681289672852,0.01113300770521164,0.0025495588779449463,0.6512208580970764,12.264145947249618,-0.0005644265188351483,0.0008368440966804106
412.90000615268946,3.723532199859619,8.23571491241455,9.772699356079102,0.010651578195393085,0.004781843163073063,0.949127733707428,17.05657720669304,-0.0005583181092418954,0.0008393576551097535
413.0000061541796,3.3522849082946777,10.484648704528809,9.745532035827637,0.014339879155158997,0.00923243723809719,1.296424388885498,23.65796016215224,-0.0005523103790636696,0.0008428495651840554
413.1000061556697,2.1511735916137695,13.224295616149902,9.710356712341309,0.009657732211053371,0.015135077759623528,1.5634241104125977,32.08514147521506,-0.0005467667404985832,0.0008474449051346333
413.2000061571598,-1.1315875053405762,14.607610702514648,9.685030937194824,0.005981693975627422,0.021311569958925247,1.7563523054122925,41.78582692695239,-0.0005421682136272921,0.000852945331727826
413.3000061586499,-2.7420654296875,13.711477279663086,9.693163871765137,-0.00750899501144886,0.016338657587766647,1.6297576427459717,51.562501648300696,-0.0005386815122818689,0.0008590142645833609
413.40000616014004,-1.802710771560669,12.053932189941406,9.70676326751709,-0.004366040229797363,0.014107879251241684,1.5905014276504517,60.86147976928748,-0.0005362127421335572,0.0008654659025587174
413.50000616163015,0.19527703523635864,10.485298156738281,9.730159759521484,-0.01040384266525507,0.008196189999580383,1.3516693115234375,69.19613421721142,-0.0005346118093285668,0.0008722663888614181
413.60000616312027,2.1164472103118896,7.321988582611084,9.7634916305542,-0.01095601450651884,0.0054047126322984695,1.087235450744629,76.01275863153253,-0.0005335976818798827,0.000879409144033816
413.7000061646104,1.5289034843444824,5.170722007751465,9.78431510925293,-0.01113378256559372,0.004598379600793123,0.8123497366905212,81.27408066995004,-0.0005330173874114053,0.0008867575072576937
413.8000061661005,-0.3946586549282074,3.180981397628784,9.798636436462402,-0.010818567126989365,0.0038502404931932688,0.5343360900878906,84.94250697127218,-0.0005327215174304456,0.0008940956586150147
413.9000061675906,-1.838222622871399,1.9255520105361938,9.804184913635254,-0.007743151858448982,0.0025055285077542067,0.34872010350227356,87.31610016068916,-0.0005326038410800038,0.0009012770681010907
414.00000616908073,-2.0064754486083984,1.5025696754455566,9.80584716796875,-0.005695465486496687,0.0008647845825180411,0.23951099812984467,88.9100955582409,-0.0005326228255597698,0.0009082811063747567
414.10000617057085,-1.041558027267456,1.1007870435714722,9.807513236999512,-0.004104121122509241,-0.0009397147223353386,0.17148174345493317,90.02869612918138,-0.0005327393710530259,0.0009151918671290679
414.20000617206097,0.6702226400375366,-0.042207300662994385,9.809528350830078,-0.004876033402979374,-0.00214191060513258,0.04278694465756416,90.50426171052187,-0.0005328521128120656,0.0009221628025064455
414.3000061735511,1.9357014894485474,-0.07194613665342331,9.809700012207031,-0.0016168419970199466,-0.0013294670497998595,0.0324181504547596,90.70976844226921,-0.0005329600570291859,0.000929307545223341
414.4000061750412,1.5918463468551636,0.21827897429466248,9.8101224899292,-0.0010670025367289782,0.0005761156207881868,0.027723660692572594,90.87897271857794,-0.0005330894873196712,0.0009365949113919464
414.5000061765313,0.07589791715145111,0.13907432556152344,9.810596466064453,-0.0008228051592595875,0.0019860481843352318,0.019817834720015526,91.00863702978145,-0.0005332313911310393,0.0009438887199461648
414.60000617802143,-1.2645045518875122,0.078225277364254,9.810088157653809,-0.0005778271006420255,0.0019199962262064219,0.013127579353749752,91.09728605501905,-0.0005333779896687929,0.0009510688272479148
414.70000617951155,-1.5623351335525513,0.05256655439734459,9.809511184692383,-0.0003771871270146221,0.0008526552119292319,0.009105429984629154,91.15760345557943,-0.0005335263701482518,0.0009581086413225383
414.80000618100166,-0.8485155701637268,0.03718065097928047,9.80935287475586,-0.00025646743597462773,-0.0005319439223967493,0.006251394748687744,91.19904904346308,-0.0005336764640304636,0.0009650723804181142
414.9000061824918,0.4399785101413727,-0.48082923889160156,9.809552192687988,-0.0013398074079304934,-0.0013574096374213696,-0.04558836296200752,91.02662774805528,-0.000533784202644938,0.0009720764872277973
415.0000061839819,1.399057149887085,-0.3334274888038635,9.809725761413574,0.0002919871767517179,-0.000864355475641787,-0.02960752695798874,90.82696082804829,-0.0005338639442982185,0.0009792064261649862
415.100006185472,1.1924073696136475,-0.04746076092123985,9.81016731262207,0.00028035073773935437,0.00047676704707555473,-0.016557656228542328,90.70777402703156,-0.0005339407731668189,0.0009864435554330132
415.2000061869621,0.11667094379663467,-0.03816359490156174,9.810457229614258,0.00016138667706400156,0.001517399330623448,-0.01050636824220419,90.63579749355797,-0.0005340143808467701,0.0009936911021756487
415.30000618845224,-0.8758947253227234,-0.04084870591759682,9.810134887695312,0.00011854676267830655,0.0015043632593005896,-0.007032204885035753,90.588553075069,-0.0005340835679703559,0.0010008599010345673
415.40000618994236,-1.1190866231918335,-0.031383246183395386,9.809672355651855,9.187558316625655e-05,0.0007205031579360366,-0.005000918637961149,90.55576133686377,-0.0005341489513313036,0.001007928431700381
415.5000061914325,-0.6015816926956177,-0.21564199030399323,9.809548377990723,-0.0003538545861374587,-0.00027986723580397666,-0.02232487127184868,90.45660748068269,-0.000534194664851384,0.0010149431615927237
415.6000061929226,0.307689368724823,-0.1427292823791504,9.809731483459473,0.00022204061679076403,-0.0008368692942894995,-0.01442991103976965,90.35888796422732,-0.0005342277677442553,0.0010219856485720164
415.7000061944127,0.9331395626068115,-0.03351891413331032,9.809884071350098,0.0001690578501438722,-0.0004807254590559751,-0.008675497025251389,90.29840663912685,-0.0005342584033627418,0.0010291118865642787
415.8000061959028,0.7884984612464905,-0.021459480747580528,9.81021499633789,0.00011579276906559244,0.0004105088592041284,-0.005408624652773142,90.2612025987178,-0.0005342874283513765,0.0010363087851902328
415.90000619739294,0.07671496272087097,-0.02309698611497879,9.810239791870117,6.69898945488967e-05,0.00109149853233248,-0.004129401873797178,90.23487221946739,-0.0005343143972567077,0.0010435126744899373
416.00000619888306,-0.5678431987762451,-0.01805923320353031,9.810120582580566,6.377250247169286e-05,0.0010873895371332765,-0.0027546174824237823,90.21636240681666,-0.0005343396185253368,0.0010506655044568577
416.1000062003732,-0.7648585438728333,-0.08120997250080109,9.809832572937012,-0.00010726403706939891,0.0007308167405426502,-0.008749268017709255,90.17595500768687,-0.0005343574036231757,0.0010577496613345836
416.2000062018633,-0.7350768446922302,-0.05858612060546875,9.809792518615723,9.175734885502607e-05,0.0006273462786339223,-0.00591363525018096,90.13642870296,-0.0005343697058464159,0.0010647680236358361
416.3000062033534,-0.8740503191947937,-0.009088157676160336,9.80991268157959,9.01853563846089e-05,0.0007240684353746474,-0.0029721781611442566,90.11386175794227,-0.000534381117077487,0.0010717079121974403
416.4000062048435,-1.1131999492645264,-0.005661030765622854,9.809800148010254,4.792651816387661e-05,0.0007576895877718925,-0.0017770692938938737,90.10135568157199,-0.0005343918772382494,0.0010785480808540768
416.50000620633364,-1.2610377073287964,-0.00175795191898942,9.809649467468262,3.6846380680799484e-05,0.0006201607175171375,-0.0009843760635703802,90.09419081313264,-0.0005344022261795089,0.0010852750280103648
416.60000620782375,-1.2349103689193726,0.006370244547724724,9.809647560119629,3.970788384322077e-05,0.0003746036672964692,0.00021441419085022062,90.09334386967556,-0.0005344130205884312,0.0010918914265709739
416.70000620931387,-1.062345027923584,-0.012174660339951515,9.809640884399414,-2.349201895412989e-05,0.00016883188800420612,-0.0012815115042030811,90.08845345422984,-0.0005344225471191066,0.0010984124229956962
416.800006210804,-0.8746561408042908,-0.04098491370677948,9.809782981872559,-4.521452137851156e-05,0.00011529940093168989,-0.0039722248911857605,90.06988900006574,-0.0005344283383976745,0.001104855219824839
416.9000062122941,-0.7856939435005188,-0.022513801231980324,9.80988597869873,4.973600880475715e-05,0.00022490377887152135,-0.002376053249463439,90.05319601773422,-0.0005344320393447788,0.001111227561628341
417.0000062137842,-0.835645854473114,-0.0057285320945084095,9.80984878540039,2.26476931857178e-05,0.0003992271376773715,-0.0017862613312900066,90.04170080936109,-0.0005344351919944756,0.0011175249250290704
417.10000621527433,-0.9694879055023193,0.011936192400753498,9.80986213684082,5.13806808157824e-05,0.0005075422814115882,0.00033999443985521793,90.04002058282528,-0.0005344393384376644,0.0011237354532960579
417.20000621676445,-1.0646400451660156,-0.013821383006870747,9.809799194335938,-3.7386067560873926e-05,0.0004865814989898354,-0.0017105522565543652,90.03351141254625,-0.0005344421826976031,0.0011298505108911414
417.30000621825457,-1.0634393692016602,-0.011429129168391228,9.809724807739258,2.3545904696220532e-05,0.0003663108800537884,-0.0010024510556831956,90.02640118562027,-0.0005344439646250976,0.0011358701663503384
417.4000062197447,-0.9646080136299133,0.006688687950372696,9.809754371643066,2.987393418152351e-05,0.00024270878930110484,0.0001963160466402769,90.02549277046066,-0.0005344463633747409,0.0011418035349639308
417.5000062212348,-0.8319526314735413,0.003511462826281786,9.809796333312988,-3.551804184098728e-06,0.00020233975374139845,3.1536332244286314e-05,90.02595722332421,-0.0005344490362944043,0.0011476621307828017
417.6000062227249,-0.7680681943893433,0.0003586268867366016,9.809867858886719,-7.438454190378252e-07,0.00026985627482645214,6.516954272228759e-06,90.02603235540508,-0.0005344516406466937,0.0011534521220484956
417.70000622421503,-0.7855316400527954,0.00036685855593532324,9.809877395629883,3.561898154202936e-07,0.00039027747698128223,3.4888096251961542e-06,90.0260528459726,-0.0005344542792755647,0.0011591714526804973
417.80000622570515,-0.8718440532684326,-0.012842968106269836,9.809895515441895,-1.9462257114355452e-05,0.00047183327842503786,-0.001169790979474783,90.02115560033769,-0.0005344557527990901,0.0011648127893249711
417.90000622719526,-0.9431765675544739,-0.01863330602645874,9.809834480285645,-5.658542249875609e-06,0.00046432478120550513,-0.0018437980907037854,90.0114294109596,-0.0005344555129340733,0.0011703695525242695
418.0000062286854,-0.9357079863548279,0.008302096277475357,9.809764862060547,4.7170815378194675e-05,0.0003828339104074985,0.0003024813486263156,90.00958525988369,-0.0005344560269406884,0.001175842427638564
418.1000062301755,-0.8694024682044983,-0.005574733018875122,9.809813499450684,-2.484772448951844e-05,0.00029219177667982876,-0.0010875394800677896,90.0055076369492,-0.0005344559926783177,0.0011812373087653303
418.2000062316656,-0.7705316543579102,0.0013247146271169186,9.809831619262695,2.77562539849896e-05,0.00026109564350917935,0.00017012104217428714,90.00440114630365,-0.0005344561297562223,0.001186563379730868
418.3000062331557,-0.712926983833313,0.003825141116976738,9.809887886047363,-2.6700113266997505e-06,0.0003121847694274038,2.567866067693103e-05,90.00479046708635,-0.0005344565752380959,0.0011918253009843439
418.40000623464584,-0.7353959083557129,7.258340338012204e-05,9.809896469116211,-1.1362793657099246e-06,0.00040489528328180313,5.32880312675843e-06,90.00485193878887,-0.0005344570207341803,0.001197021290589312
418.50000623613596,-0.7941877245903015,-0.0005472090560942888,9.80991268157959,6.222650483778125e-08,0.0004687902401201427,2.94905453301908e-06,90.00486559916722,-0.0005344574319536832,0.0012021462768805023
418.6000062376261,-0.8505004644393921,-0.01127952802926302,9.80984878540039,-1.613735184946563e-05,0.00046002291492186487,-0.0010688893962651491,90.00031669317998,-0.0005344567808407419,0.0012071949140485764
418.7000062391162,-0.8417696356773376,-0.013277134858071804,9.809819221496582,5.754952780989697e-06,0.00039140021544881165,-0.0013335562543943524,89.99285812660634,-0.0005344550331756182,0.0012121680245257402
418.8000062406063,-0.7767120003700256,-0.007114011328667402,9.809855461120605,1.2893448911199812e-05,0.00031791438232176006,-0.0012294728076085448,89.98541322041102,-0.0005344525658870225,0.0012170716394815037
418.9000062420964,-0.6966119408607483,0.009838443249464035,9.809846878051758,3.1051320547703654e-05,0.0002975417592097074,0.0002668746164999902,89.98452529581891,-0.0005344510923634971,0.0012219127495896173
419.00000624358654,-0.6540263295173645,0.0023464218247681856,9.809918403625488,-6.420637873816304e-06,0.00034903455525636673,3.585878584999591e-05,89.98514001284421,-0.0005344498244426177,0.0012266953299390761
419.10000624507666,-0.6802600622177124,-0.00015966394857969135,9.809914588928223,-3.285095544924843e-06,0.0004321334999985993,6.048980139894411e-06,89.98520148454675,-0.0005344484879969968,0.0012314169132332628
419.2000062465668,-0.7340570092201233,-0.0001783839543350041,9.809903144836426,-1.4556611631633132e-06,0.0004820951435249299,2.7278622383164475e-06,89.98522880530344,-0.0005344471858137467,0.0012360725648789413
419.3000062480569,-0.7766091227531433,-0.0008143401937559247,9.809892654418945,-9.044646844813542e-07,0.0004629710456356406,2.7278895231575007e-06,89.98522880530344,-0.0005344458836162858,0.0012406585839311855
419.400006249547,-0.6074721813201904,0.0004791569081135094,9.804651260375977,2.690314602205035e-07,-0.00231392914429307,4.019882453576429e-07,89.98522880530344,-0.0005344445471706649,0.0012451903224578388
419.5000062510371,0.3116162121295929,-0.0005339783965609968,9.820076942443848,-5.899309485357662e-07,0.0014710116665810347,2.542161610108451e-06,89.98522880530344,-0.000534443244973204,0.0012497501607515278
419.60000625252724,-0.5908610820770264,0.000483337469631806,9.796579360961914,-3.1646979437027767e-07,-0.00015832150529604405,-3.981478585046716e-06,89.98522880530344,-0.0005344419085275831,0.0012542568150959005
419.70000625401735,-0.6287029385566711,0.01494978740811348,9.798458099365234,1.9945273379562423e-05,0.0008758901385590434,0.0010814863489940763,89.99017386226252,-0.0005344419770665354,0.0012587072699062022
419.80000625550747,-1.4845879077911377,-0.007128617260605097,9.829998016357422,-2.9959684979985468e-05,0.0008868059958331287,-0.00026751961559057236,89.9902011830192,-0.0005344414287691279,0.0012630243536271104
419.9000062569976,-1.5400137901306152,-0.003391654696315527,9.814010620117188,5.8896025620924775e-06,-0.00011599004210438579,-5.6352223509748e-06,89.98986650374987,-0.0005344405720819623,0.0012672035428814927
420.0000062584877,-0.5117343664169312,-0.0007047365652397275,9.808523178100586,1.6272110769932624e-06,-0.001256982097402215,7.876035965637129e-07,89.98986650374987,-0.000534439681118215,0.0012713366759323436
420.1000062599778,0.3467947244644165,7.189839379861951e-05,9.808472633361816,8.936283961702429e-07,-0.0006602897774428129,7.177729912655195e-06,89.98986650374987,-0.000534438790140257,0.0012755011984790538
420.20000626146793,0.2586517333984375,-0.4101163148880005,9.80902099609375,-0.0006255739717744291,-0.0012585249496623874,-0.033226996660232544,89.83898762498428,-0.0005344011296131157,0.0012796887491275295
420.30000626295805,2.0791068077087402,-0.10245120525360107,9.808355331420898,0.0003871166845783591,-0.003013758920133114,-0.018578222021460533,89.71731463510967,-0.0005343533599955208,0.0012840629918867493
420.40000626444817,3.6882777214050293,0.016356786713004112,9.83995246887207,4.927871850668453e-05,0.0003214564057998359,-0.014843485318124294,89.6311654591083,-0.0005343050078323586,0.0012887679894647832
420.5000062659383,1.5543572902679443,-0.02015717700123787,9.776205062866211,-6.888055941089988e-05,-0.0008058162638917565,-0.014034932479262352,89.55346522711024,-0.0005342538457000501,0.0012936122522296861
420.6000062674284,2.9871320724487305,-0.028352249413728714,9.804266929626465,-3.7074918509460986e-05,-0.0022345627658069134,-0.002153950510546565,89.49426114738458,-0.0005341977489763394,0.0012987243537496502
420.7000062689185,4.821232318878174,-0.029787495732307434,9.807101249694824,-0.00013474802835844457,-0.004164679907262325,-0.007789678405970335,89.43612940735859,-0.0005341347300884536,0.0013042687804658598
420.80000627040863,5.488827705383301,-0.027664300054311752,9.806844711303711,-1.6628751836833544e-05,-0.0010972508462145925,-0.002454832661896944,89.39803744235743,-0.0005340641380087163,0.001310305295785278
420.90000627189875,4.9781694412231445,-1.8281683921813965,9.804289817810059,-0.008590294979512691,-0.0009478324791416526,-0.23771464824676514,88.61382927280242,-0.0005338193273587422,0.001316784142559447
421.00000627338886,5.180370330810547,-1.9780410528182983,9.803428649902344,-0.00014719106548000127,0.00011214727419428527,-0.17321576178073883,87.52621727012627,-0.0005333777497895653,0.0013237191650638327
421.100006274879,3.9710962772369385,-0.580083429813385,9.806746482849121,0.0007156832725740969,0.0025531554128974676,-0.12640047073364258,86.7186293630423,-0.000532864380772935,0.0013310065997684554
421.2000062763691,0.5927286744117737,-2.8634300231933594,9.8057222366333,-0.013764264062047005,0.005436310078948736,-0.41719698905944824,85.12692207886253,-0.0005320917742324127,0.0013383250127528342
421.3000062778592,-1.7277421951293945,-4.661047458648682,9.800224304199219,-0.002860096748918295,0.004107839427888393,-0.4374161958694458,82.69262899829164,-0.0005309254625558424,0.0013454363098933555
421.4000062793493,-2.528947591781616,-5.406152725219727,9.791584014892578,-0.013567720539867878,0.004656236618757248,-0.698211133480072,79.44317333084724,-0.0005293261403380711,0.0013522360422998675
421.50000628083944,-1.7756297588348389,-5.71839714050293,9.790943145751953,-0.0003912224783562124,0.0010014279978349805,-0.6075563430786133,75.83142393925786,-0.000527270402500335,0.0013587561477563668
421.60000628232956,0.2846449017524719,-5.083846569061279,9.791401863098145,-0.005567444022744894,-0.0001475711615057662,-0.6871063709259033,72.11462623823368,-0.0005247750746519841,0.0013651615239201403
421.7000062838197,2.042442560195923,-6.233596324920654,9.78493881225586,-0.00526466453447938,0.0008901373948901892,-0.7639966607093811,67.93765137206907,-0.0005216951688424842,0.0013715276974820981
421.8000062853098,2.032806873321533,-6.448526382446289,9.78298282623291,-0.004235613159835339,0.003533410606905818,-0.8130434155464172,63.42443995344306,-0.0005180188968836319,0.0013777995654844439
421.9000062867999,0.31604209542274475,-6.32531213760376,9.783831596374512,-0.0025443152990192175,0.0054130032658576965,-0.808363139629364,58.839204190019274,-0.0005138448821071506,0.0013838037318037626
422.00000628829,-1.5100781917572021,-6.276910781860352,9.78325366973877,-0.0021271295845508575,0.005464367102831602,-0.7981113195419312,54.308848996576536,-0.0005092951186043138,0.0013893710495497035
422.10000628978014,-2.167628288269043,-6.312872409820557,9.781989097595215,-0.0020123051945120096,0.004234337713569403,-0.7907230854034424,49.82974412757099,-0.0005044402670080217,0.0013944264032474591
422.20000629127026,-1.5278379917144775,-6.293468475341797,9.781770706176758,-0.002397214761003852,0.0024935926776379347,-0.7895062565803528,45.372434392206955,-0.0004992819722389186,0.0013989899424860749
422.3000062927604,0.42495548725128174,-4.621499061584473,9.792919158935547,0.0027019227854907513,-0.0005705951480194926,-0.6179754734039307,41.55597740100312,-0.0004938217077352647,0.0014032704279738197
422.4000062942505,1.7078965902328491,-5.14853048324585,9.789477348327637,-0.004758157301694155,0.0011590085923671722,-0.7177667021751404,37.703825841196796,-0.0004879593766986545,0.00140728170398616
422.5000062957406,1.2007033824920654,-6.685636043548584,9.781747817993164,-0.00457374332472682,0.003763290587812662,-0.8070775866508484,33.30188161924489,-0.0004816792843911344,0.0014108533899844361
422.6000062972307,-0.614438533782959,-8.018109321594238,9.770026206970215,-0.009033603593707085,0.007218649610877037,-0.9931251406669617,28.11154744441862,-0.00047511044982684325,0.0014137675414340792
422.70000629872084,-2.4846277236938477,-10.28335952758789,9.74663257598877,-0.011983643285930157,0.010082274675369263,-1.2242093086242676,21.756223761356416,-0.00046840817562099346,0.0014157461762494884
422.80000630021095,-1.6209678649902344,-8.971674919128418,9.758954048156738,0.0023069537710398436,0.00455537810921669,-1.0348048210144043,15.469598120966207,-0.000461632225210451,0.001416914167053929
422.90000630170107,1.094742774963379,-4.437635898590088,9.79110050201416,0.007447869051247835,-9.659258648753166e-05,-0.7046968936920166,10.801664988392842,-0.0004546855515883408,0.001417712611653843
423.0000063031912,2.3671109676361084,-1.9442429542541504,9.803849220275879,0.006747768726199865,-0.000506142619997263,-0.4439493715763092,7.798201145227393,-0.00044750496454071254,0.0014183695979143388
423.1000063046813,1.2750709056854248,-2.362649440765381,9.804105758666992,0.0011613632086664438,0.001669618533924222,-0.4062299132347107,5.43198925586908,-0.00044019056092281517,0.0014188282409411735
423.2000063061714,-0.5902560949325562,-1.886142611503601,9.807023048400879,0.003918435424566269,0.0021010846830904484,-0.27208495140075684,3.6488902527486196,-0.0004329183754805399,0.0014191160922132455
423.30000630766153,-1.7671968936920166,-0.9563207626342773,9.808408737182617,0.0032261735759675503,0.001258551375940442,-0.175184965133667,2.4830947821906255,-0.00042580101290923267,0.001419312516438426
423.40000630915165,-1.7095723152160645,-0.6572465896606445,9.808490753173828,0.0022760170977562666,-0.00022894097492098808,-0.11716516315937042,1.7169161776103297,-0.000418835114913918,0.0014194461616718879
423.50000631064177,-0.5923022031784058,-0.48078450560569763,9.808985710144043,0.0015599095495417714,-0.0017836944898590446,-0.08176292479038239,1.192061389898101,-0.00041192140712098535,0.001419536080926402
423.6000063121319,0.9812748432159424,-0.3526706099510193,9.809414863586426,0.001090708072297275,-0.0023428150452673435,-0.058940231800079346,0.818527468895948,-0.00040491911650519796,0.0014195959814053997
423.700006313622,1.8166135549545288,-0.2620363235473633,9.809680938720703,0.0007685176096856594,-0.001258070464245975,-0.044084686785936356,0.5432065455167008,-0.0003977536073733745,0.0014196343615750092
423.8000063151121,1.1599522829055786,-0.16705715656280518,9.810294151306152,0.0006699812365695834,0.000453156913863495,-0.0295754075050354,0.34998588334318204,-0.0003904839577586472,0.0014196584862530496
423.90000631660223,-0.2754114866256714,-0.09687452018260956,9.8104887008667,0.0004890128038823605,0.0013561800587922335,-0.019310176372528076,0.2229358003640559,-0.0003832390496683047,0.0014196739753929279
424.00000631809235,-1.2951616048812866,-0.07178914546966553,9.809957504272461,0.0003400082350708544,0.000961590907536447,-0.012754869647324085,0.1384764158313889,-0.00037611044717777986,0.0014196828850751586
424.10000631958246,-1.3235822916030884,-0.04641222953796387,9.809473037719727,0.0002318249171366915,-0.00014432820898946375,-0.00866803526878357,0.08156468499537084,-0.00036910054907934864,0.001419687408452291
424.2000063210726,-0.49431461095809937,-0.040195614099502563,9.809500694274902,0.0001540574012324214,-0.0013319357531145215,-0.0061601134948432446,0.04423465961263638,-0.00036213492523984314,0.0014196885050285657
424.3000063225627,0.6714298725128174,0.03065967559814453,9.809706687927246,0.00027950480580329895,-0.0017634780379012227,0.0012292626779526472,0.03956468118525214,-0.00035510905824764905,0.0014196922059734923
424.4000063240528,1.2878667116165161,0.015263795852661133,9.80988883972168,3.928632941097021e-05,-0.0010199545649811625,0.0002036707301158458,0.03956468118525214,-0.00034796757098831677,0.001419697551782831
424.5000063255429,0.8062872886657715,-0.000622868537902832,9.810304641723633,3.7212332244962454e-05,0.0004483387165237218,3.4412863897159696e-05,0.04423465961263638,-0.0003407538124946541,0.001419702760520135
424.60000632703304,-0.6548597812652588,-0.017200887203216553,9.810525894165039,-1.945707481354475e-05,0.00161069817841053,-0.001449707429856062,0.03426402083239251,-0.00033359882364436544,0.001419706598537096
424.70000632852316,-1.9964579343795776,-0.019243717193603516,9.809734344482422,-5.592359229922295e-06,0.0014998560072854161,-0.0018572844564914703,0.027976454840372228,-0.0003266230222180866,0.0014197085175455765
424.8000063300133,-2.5119307041168213,0.005959033966064453,9.808919906616211,6.307923467829823e-05,0.0005956590757705271,0.00024069263599812984,0.027976454840372228,-0.00031987253294119,0.0014197107106981256
424.9000063315034,-2.155385732650757,0.003351926803588867,9.808770179748535,3.0320952646434307e-06,-0.0006156205199658871,4.287909177946858e-05,0.027976454840372228,-0.0003133153495014085,0.001419713452138812
425.0000063329935,-1.1476850509643555,0.014368414878845215,9.809258460998535,4.60892915725708e-05,-0.001622899784706533,0.0013731819344684482,0.027976454840372228,-0.00030686097008469915,0.0014197171530837386
425.1000063344836,-0.06349538266658783,-0.00121254101395607,9.809746742248535,-3.583217039704323e-05,-0.0017196995904669166,-0.00017515529179945588,0.03426402083239251,-0.00030041217635812245,0.0014197209911006995
425.20000633597374,0.3087114095687866,0.008625000715255737,9.810187339782715,4.609063034877181e-05,-0.0008152521913871169,0.0013526686234399676,0.03426402083239251,-0.0002939355912587871,0.0014197253774057977
425.30000633746386,-0.287372350692749,0.00019314885139465332,9.810406684875488,-3.8538099033758044e-05,0.00032179596018977463,-0.00016628464800305665,0.03956468118525214,-0.00028748470718653607,0.0014197299007829305
425.400006338954,-1.2946219444274902,-0.010424017906188965,9.810016632080078,3.2482785172760487e-06,0.0008088445174507797,-2.4252494768006727e-05,0.03956468118525214,-0.0002811499745121182,0.0014197334646558228
425.5000063404441,-1.9353411197662354,0.0024782419204711914,9.80949878692627,-3.763416316360235e-07,0.0004356078279670328,-5.512005145646981e-07,0.03956468118525214,-0.00027498886072407913,0.0014197368914566806
425.6000063419342,-1.8670002222061157,-6.520748138427734e-05,9.809128761291504,-5.529727786779404e-07,-0.00039149378426373005,2.7053231406171108e-06,0.03956468118525214,-0.0002689951804057955,0.001419740455329573
425.7000063434243,-1.2059005498886108,0.013423442840576172,9.809366226196289,3.810063935816288e-05,-0.0012155241565778852,0.001275199349038303,0.03956468118525214,-0.0002631095471485878,0.00141974511577874
425.80000634491444,-0.3433222472667694,0.0015140771865844727,9.80969524383545,-3.7004007026553154e-05,-0.00147464859765023,-0.00017765098891686648,0.03956468118525214,-0.00025725461799197546,0.0014197497762279067
425.90000634640455,0.09565576165914536,-0.0038105174899101257,9.810127258300781,5.23152993991971e-06,-0.0009046279010362923,-2.6651134248822927e-05,0.04423465961263638,-0.00025139098478632604,0.001419754162533005
426.00000634789467,-0.23522666096687317,0.00018246471881866455,9.810233116149902,7.930466381367296e-07,9.790353942662477e-06,-3.1789063541509677e-06,0.04423465961263638,-0.00024554844351598604,0.0014197585488381031
426.1000063493848,-1.0196682214736938,0.010895252227783203,9.8101224899292,3.6590732634067535e-05,0.0005222079926170409,0.0012442759471014142,0.048456643664523236,-0.00023979734645251938,0.0014197638946474417
426.2000063508749,-1.6099050045013428,-0.0011295080184936523,9.809674263000488,-3.573735011741519e-05,0.00032644494785927236,-0.00015443042502738535,0.048456643664523236,-0.0002341906376273073,0.0014197688292406773
426.300006352365,-1.6468788385391235,0.00656890869140625,9.809361457824707,3.943499177694321e-05,-0.00031038429006002843,0.0011720980983227491,0.05233915597547922,-0.00022873164105874366,0.00141977431212205
426.40000635385513,-1.151107907295227,0.009983420372009277,9.80945110321045,3.370223566889763e-07,-0.0010303437011316419,0.0010154099436476827,0.05934702678045817,-0.00022337580833209358,0.001419780754507663
426.50000635534525,-0.40964391827583313,0.006759434938430786,9.809696197509766,3.129127435386181e-06,-0.0013471776619553566,0.0009885367471724749,0.06561060373405075,-0.0002180566252434346,0.0014197874710373448
426.60000635683537,0.0397205650806427,-0.0050409287214279175,9.810043334960938,-2.963491715490818e-05,-0.0009150918340310454,-0.00021030013158451766,0.06852804166478502,-0.00021273379259412195,0.0014197939134229579
426.7000063583255,-0.19875681400299072,0.00529150664806366,9.810267448425293,3.954167914343998e-05,-0.00010048430704046041,0.0011559721315279603,0.06852804166478502,-0.00020742876218093897,0.0014198007670246737
426.8000063598156,-0.8941852450370789,0.013722121715545654,9.810108184814453,-7.123453542590141e-07,0.0004011585551779717,0.0009909126674756408,0.07661667984915939,-0.00020220391890291012,0.0014198087172026643
426.9000063613057,-1.4539179801940918,-0.019472360610961914,9.809717178344727,-6.131874397397041e-05,0.00025842332979664207,-0.001310190069489181,0.07132625143984156,-0.00019710949968043678,0.0014198148854442088
427.00000636279583,-1.5171159505844116,-0.0018874406814575195,9.80947494506836,3.7263642298057675e-05,-0.0003115762665402144,0.00013943198428023607,0.07132625143984156,-0.0001921511073135207,0.001419820505397616
427.10000636428595,-1.0690300464630127,0.007570743560791016,9.80953311920166,-7.300404831767082e-07,-0.0010050038108602166,1.9239723769715056e-05,0.06852804166478502,-0.00018728856257155257,0.0014198268107111947
427.20000636577606,-0.34462735056877136,-0.002067744731903076,9.809733390808105,-1.55717134475708e-06,-0.0013517664046958089,1.8024107930614264e-06,0.06852804166478502,-0.00018245682475992453,0.0014198328418807047
427.3000063672662,0.12037411332130432,0.0011115819215774536,9.810029029846191,-5.498877726495266e-07,-0.000920359103474766,-8.015084063117683e-07,0.06852804166478502,-0.00017761422400042193,0.0014198390101222492
427.4000063687563,-0.13533009588718414,0.0001760423183441162,9.810215950012207,-1.6820849850773811e-06,-7.259213452925906e-05,-1.2572446905778634e-07,0.06852804166478502,-0.00017278371984730256,0.0014198451783637934
427.5000063702464,-0.8725413680076599,-0.0001684427261352539,9.81017780303955,-8.86677298694849e-07,0.0004233037179801613,1.4071176792640472e-06,0.06852804166478502,-0.00016803146667143665,0.001419851346605338
427.6000063717365,-1.4428867101669312,-0.003218412399291992,9.80974006652832,9.343784768134356e-07,0.000246459327172488,2.9123746116965776e-06,0.06852804166478502,-0.0001634086609243468,0.001419856966558745
427.70000637322664,-1.0047845840454102,-0.002506256103515625,9.806695938110352,2.0372681319713593e-06,-0.001463709631934762,-4.140710643696366e-06,0.06852804166478502,-0.00015887594575758612,0.0014198621752960492
427.80000637471676,-0.20561298727989197,0.00026188790798187256,9.812819480895996,8.740462362766266e-07,-0.001007394166663289,-3.5569921692513162e-06,0.06852804166478502,-0.0001543616324966024,0.0014198675211053876
427.9000063762069,-0.07240818440914154,9.841471910476685e-05,9.80162525177002,-6.969785317778587e-07,-0.0003755271027330309,1.695719220151659e-06,0.06852804166478502,-0.00014985372737896796,0.0014198727298426917
428.000006377697,-0.39527273178100586,0.0004952549934387207,9.80273723602295,-9.439827408641577e-07,0.0003452982346061617,1.0653138815541752e-06,0.06852804166478502,-0.00014538125536489588,0.001419877938579996
428.1000063791871,-1.0650376081466675,0.001317739486694336,9.822659492492676,1.4959368854761124e-08,0.000889110320713371,1.7340757949568797e-06,0.06852804166478502,-0.00014100429686436655,0.0014198832843893344
428.2000063806772,-1.437246322631836,0.3727148771286011,9.816850662231445,0.0005286820232868195,0.00014965934678912163,0.029382379725575447,0.20463023971797384,-0.00013675639168297948,0.0014199213904148753
428.30000638216734,-0.6795802116394043,0.08060270547866821,9.80905532836914,-0.00040109321707859635,-0.0008893359918147326,0.015203278511762619,0.3083765576824495,-0.00013256941502959307,0.0014199664871141666
428.40000638365746,0.09396196901798248,-0.020235493779182434,9.80843734741211,-0.00012418330879881978,-0.0006210847641341388,0.011558463796973228,0.37845915440439337,-0.00012837389706987778,0.0014200096648049774
428.50000638514757,-0.25331762433052063,0.008448153734207153,9.809148788452148,-4.4871208956465125e-05,0.00048714649165049195,0.009527386166155338,0.43655927812503414,-0.00012420107309196737,0.0014200535278559598
428.6000063866377,-1.124329686164856,0.012129068374633789,9.809467315673828,-2.829096047207713e-05,0.0007744391332380474,0.007385916076600552,0.48173292199588197,-0.00012012911702186102,0.0014200975279789767
428.7000063881278,-1.2296618223190308,0.007483005523681641,9.809326171875,-1.1851425369968638e-05,-5.709694232791662e-05,0.00594401266425848,0.5181329744344368,-0.00011616743537956609,0.0014201411168858903
428.8000063896179,-0.4183623790740967,0.00658687949180603,9.809433937072754,2.3227185010910034e-06,-0.0008664295310154557,0.004990288056433201,0.547869376924851,-0.00011224321724512265,0.0014201851170089071
428.90000639110804,0.12244246900081635,0.0038447976112365723,9.8098726272583,-1.0471558198332787e-06,-0.00030000985134392977,0.003894922323524952,0.5716401427837878,-0.00010830794767002772,0.0014202295283480266
429.00000639259815,-0.48324811458587646,0.002528458833694458,9.810264587402344,1.7916318029165268e-06,0.0007273418013937771,0.0031561763025820255,0.5904980282779286,-0.00010441600142030438,0.0014202736655430778
429.10000639408827,-1.1974881887435913,0.009000062942504883,9.809925079345703,6.957445293664932e-06,0.0005893504712730646,0.0029503332916647196,0.6078070082952103,-0.00010063147684036267,0.0014203173915220259
429.2000063955784,-0.9769201278686523,0.0031040310859680176,9.809613227844238,-5.6773133110255e-06,-0.00033816287759691477,0.0020897830836474895,0.6208660631840103,-9.693454126136203e-05,0.0014203604321408024
429.3000063970685,-0.152466282248497,0.0004569143056869507,9.809730529785156,8.34587262943387e-06,-0.0007962727686390281,0.0019140650983899832,0.632110155383438,-9.325121864378616e-05,0.0014204034727595789
429.4000063985586,0.4131394624710083,1.9017419815063477,9.808167457580566,0.007700551766902208,-0.0014642360620200634,0.21422365307807922,1.370593463457243,-8.953486170071301e-05,0.0014206174422051524
429.50000640004873,2.1984546184539795,3.914055347442627,9.802438735961914,0.0038240626454353333,-0.0023916526697576046,0.37601086497306824,3.21881010274243,-8.564117635501134e-05,0.0014211920481730217
429.60000640153885,4.296314716339111,2.01792311668396,9.80455493927002,-0.0011265864595770836,-0.002370426431298256,0.3452197015285492,5.189992665367766,-8.137991522971788e-05,0.0014219806235864646
429.70000640302896,4.352693557739258,0.7842123508453369,9.838916778564453,-0.00032533216290175915,0.0019037153106182814,0.2948545515537262,6.911627223034105,-7.673942715769044e-05,0.001422885436085011
429.8000064045191,1.880197525024414,0.5648118257522583,9.77521800994873,0.0009644090314395726,-0.00015519728185608983,0.24866993725299835,8.368747337166068,-7.193964428608979e-05,0.0014238641304100557
429.9000064060092,4.267803192138672,0.701897144317627,9.801959991455078,-0.0008875057683326304,-0.0004160885000601411,0.2090536653995514,9.624429804748722,-6.677296238422059e-05,0.001424968519790572
430.0000064074993,4.528571128845215,0.6394760608673096,9.807351112365723,0.00044780480675399303,-0.002450131345540285,0.17972643673419952,10.713219161283053,-6.121792543467564e-05,0.001426203950035898
430.10000640898943,5.170958518981934,0.6186575889587402,9.806370735168457,-2.2158899810165167e-05,-0.0003576477465685457,0.16926471889019012,11.662006715305049,-5.521994020796228e-05,0.0014275874180782898
430.20000641047955,4.943371295928955,2.70918869972229,9.801666259765625,0.008068909868597984,0.00033188052475452423,0.3652521073818207,13.312644017870044,-4.884642902425185e-05,0.001429308220397143
430.30000641196966,4.906374931335449,5.418981552124023,9.791007995605469,0.007195851765573025,0.0018522569444030523,0.5948331952095032,16.273303065507022,-4.2186467254623494e-05,0.0014316173358872976
430.4000064134598,3.9892568588256836,7.550917148590088,9.775128364562988,0.01281880121678114,0.006924477405846119,0.9146876335144043,20.73839580143029,-3.543097270153339e-05,0.0014346839114391045
430.5000064149499,-0.2391529083251953,10.756726264953613,9.749536514282227,0.010206860490143299,0.013601070269942284,1.207897424697876,27.04553420744534,-2.913193445408524e-05,0.001438596769730803
430.60000641644,-4.290794372558594,13.048687934875488,9.71535587310791,0.008122566156089306,0.0164079237729311,1.4591550827026367,34.915127904972294,-2.3816011093913403e-05,0.0014432452936306971
430.7000064179301,-5.749509334564209,14.609082221984863,9.684676170349121,0.0024360758252441883,0.017375310882925987,1.6371879577636719,44.0151426154366,-1.9777824007860545e-05,0.0014484739063798334
430.80000641942024,-4.534402847290039,14.555394172668457,9.677886009216309,-0.0031520931515842676,0.014432639814913273,1.6979352235794067,53.734682804377755,-1.702812257065034e-05,0.0014541440281515142
430.90000642091036,-0.7220475673675537,12.698445320129395,9.701330184936523,-0.007413902319967747,0.010733435861766338,1.6371214389801025,63.298136095311186,-1.5319662097112996e-05,0.0014602660764203483
431.0000064224005,2.4748706817626953,9.79255485534668,9.737271308898926,-0.010516578331589699,0.006972777657210827,1.439276933670044,72.00390887178779,-1.437273957094476e-05,0.001466869521673714
431.1000064238906,4.416799545288086,6.907247543334961,9.766135215759277,-0.009558209218084812,0.0039010788314044476,1.1693625450134277,79.27706996042171,-1.3956176573515222e-05,0.001473977254941343
431.2000064253807,4.500715732574463,4.5549163818359375,9.786792755126953,-0.011441490612924099,0.0037511286791414022,0.8433130979537964,84.83013669904713,-1.3906419439990714e-05,0.0014815237557908303
431.3000064268708,1.401100754737854,1.8501980304718018,9.80530834197998,-0.013259709812700748,0.004882046487182379,0.4536980390548706,88.29537853293975,-1.4016286954188217e-05,0.0014892007492169903
431.40000642836094,-2.1024222373962402,0.2845759987831116,9.809431076049805,-0.007750265765935183,0.004142258316278458,0.21929071843624115,90.01312329787376,-1.414997610993396e-05,0.0014966889944518916
431.50000642985106,-3.146057605743408,0.5900185108184814,9.807364463806152,-0.004461275413632393,0.002286277012899518,0.12510928511619568,90.91746083455097,-1.4330986147115254e-05,0.0015038941859359222
431.60000643134117,-2.85292387008667,0.5982279181480408,9.807517051696777,-0.0031594973988831043,0.0007350230007432401,0.08237674087285995,91.47590393128037,-1.4558319037405454e-05,0.0015108422302835686
431.7000064328313,-1.6743152141571045,0.4041174352169037,9.808341026306152,-0.0022299960255622864,-0.0014779913472011685,0.05755665898323059,91.85519116608035,-1.481651455037536e-05,0.0015176390841773598
431.8000064343214,0.7139292359352112,0.26040899753570557,9.809288024902344,-0.0015056077390909195,-0.0030567164067178965,0.04105982929468155,92.12154122295416,-1.5100073767371214e-05,0.001524499265351007
431.9000064358115,2.6924338340759277,0.17470155656337738,9.809244155883789,-0.0010250649647787213,-0.002324107103049755,0.02975030057132244,92.312725048012,-1.54087942547676e-05,0.0015316002820889543
432.00000643730164,2.664621591567993,0.11968767642974854,9.809714317321777,-0.0007152716862037778,0.00020360678900033236,0.021379733458161354,92.45117298248816,-1.5738290784383935e-05,0.0015389398041666185
432.10000643879175,0.554524838924408,-0.950297474861145,9.81057357788086,-0.0028409541118890047,0.0026366233360022306,-0.0867331326007843,92.13755118636868,-1.5984586752892938e-05,0.0015463319619054615
432.20000644028187,-1.4644699096679688,-0.6840317249298096,9.81016731262207,0.0004988643922843039,0.0027387840673327446,-0.056277718394994736,91.75389263049989,-1.6165655694067027e-05,0.0015535947236439065
432.300006441772,-2.203326463699341,-0.10429578274488449,9.80929183959961,0.000529274984728545,0.0016399685991927981,-0.03040974587202072,91.53009465215526,-1.633222284169733e-05,0.0015606599645808963
432.4000064432621,-1.6898878812789917,-0.07240135967731476,9.808960914611816,0.000301579013466835,-0.0001650090707698837,-0.018859902396798134,91.39960388806216,-1.6488688444837862e-05,0.0015675738779919969
432.5000064447522,-0.08540529757738113,-0.07398629933595657,9.809338569641113,0.00020168321498204023,-0.0018687070114538074,-0.013099055737257004,91.31345471206079,-1.6638412844827144e-05,0.0015744803895132442
432.60000644624233,1.714001178741455,-0.0590364895761013,9.809459686279297,0.00015562404587399215,-0.001942962291650474,-0.009536358527839184,91.25211961331408,-1.6786255770284697e-05,0.0015815406958569985
432.70000644773245,2.1531522274017334,-0.47001004219055176,9.80970287322998,-0.0008732059504836798,-0.00022192277538124472,-0.04940821975469589,91.03599193740736,-1.689558034456695e-05,0.0015887950962013499
432.80000644922256,0.8674185872077942,-0.3210943043231964,9.810478210449219,0.00047569238813593984,0.0017395659815520048,-0.03158039599657059,90.82050629928263,-1.6977336315449065e-05,0.0015961276276052637
432.9000064507127,-0.8732814788818359,-0.06323250383138657,9.810484886169434,0.00039871936314739287,0.0023594440426677465,-0.017652342095971107,90.6925290448041,-1.705256850925707e-05,0.0016033816167335122
433.0000064522028,-1.767220139503479,-0.04504493996500969,9.80960464477539,0.0002522083232179284,0.0015540521126240492,-0.010727837681770325,90.61748575639317,-1.7122113291634378e-05,0.001610477287662121
433.1000064536929,-1.4350852966308594,-0.04339126870036125,9.8092622756958,0.0001673827355261892,6.935829878784716e-05,-0.007404377683997154,90.56839718682829,-1.7186535004043435e-05,0.0016174441108784692
433.20000645518303,-0.17761977016925812,-0.03273281827569008,9.809462547302246,0.00012496091949287802,-0.0013242868008092046,-0.005170684773474932,90.53443065608582,-1.7247906868078644e-05,0.0016243953078829048
433.30000645667315,1.2380706071853638,-0.02288147620856762,9.809606552124023,8.855834312271327e-05,-0.001471036928705871,-0.0037401493173092604,90.51026544680231,-1.7308239989688445e-05,0.0016314573961631051
433.40000645816326,1.6554551124572754,-0.20021389424800873,9.809869766235352,-0.00036068062763661146,-0.00022786535555496812,-0.02091909386217594,90.41924634592272,-1.7351762494399736e-05,0.0016386683446725772
433.5000064596534,0.7507477402687073,-0.1381041556596756,9.81045913696289,0.00020567017782013863,0.0012928163632750511,-0.013532472774386406,90.32740079215355,-1.738333297396366e-05,0.0016459465955509004
433.6000064611435,-0.5724822878837585,-0.02635452151298523,9.810408592224121,0.00017594949167687446,0.0018515046685934067,-0.007519949693232775,90.27280709011765,-1.741233226937311e-05,0.0016531734444163535
433.7000064626336,-1.29872727394104,-0.018613575026392937,9.809751510620117,0.00010684382868930697,0.0012825516751036048,-0.004619438201189041,90.24066421988357,-1.7439200533431176e-05,0.0016602836449806002
433.8000064641237,-1.0778571367263794,-0.022370602935552597,9.809540748596191,6.508184014819562e-05,0.00015789239841978997,-0.0035537907388061285,90.21805629373083,-1.746371606259345e-05,0.0016672973468326857
433.90000646561384,-0.14957404136657715,-0.009722123853862286,9.809557914733887,7.381736213574186e-05,-0.0008549264748580754,-0.0017914734780788422,90.20452568898503,-1.7487322452325316e-05,0.0016742974785533735
434.00000646710396,0.8552559018135071,-0.07484361529350281,9.809820175170898,-0.0001251018838956952,-0.000955202616751194,-0.00813986174762249,90.16855791281574,-1.750446716641818e-05,0.001681374507685315
434.1000064685941,1.1461601257324219,-0.05303199589252472,9.809927940368652,8.43149027787149e-05,-9.153297287411988e-05,-0.00528562068939209,90.13284285364574,-1.751711528186206e-05,0.0016885544779150306
434.2000064700842,0.5372878909111023,-0.01256263442337513,9.810391426086426,6.524135824292898e-05,0.000956807634793222,-0.003222726285457611,90.11043300297894,-1.7528742830563715e-05,0.0016957825604287926
434.3000064715743,-0.3748836815357208,-0.007777810096740723,9.810239791870117,4.995360359316692e-05,0.0013581565581262112,-0.001894942601211369,90.0970253416382,-1.7539627208407182e-05,0.001702976923222112
434.4000064730644,-0.874504804611206,-0.004304681904613972,9.809904098510742,3.595365706132725e-05,0.0009675634209997952,-0.0010516310576349497,90.08938235995696,-1.755001255787647e-05,0.0017100927437397658
434.50000647455454,-0.7210057377815247,-0.0086060194298625,9.809713363647461,1.0038979780802038e-05,0.00018518777505960315,-0.0011945812730118632,90.08268194438116,-1.7559534796873777e-05,0.001717144003329255
434.60000647604465,-0.08053882420063019,-0.031819507479667664,9.809693336486816,-3.643726813606918e-05,-0.0004707136540673673,-0.0032912364695221186,90.06726620742445,-1.7566205258390255e-05,0.0017241881351729596
434.70000647753477,0.5653076171875,-0.008504588156938553,9.809904098510742,6.070918243494816e-05,-0.0005016219220124185,-0.0009990609250962734,90.05741024445213,-1.757217005149414e-05,0.0017312828465973283
434.8000064790249,0.7195502519607544,-0.014363602735102177,9.810037612915039,-2.1730465959990397e-05,6.762026896467432e-05,-0.002265944378450513,90.04648877196928,-1.75769043693208e-05,0.0017384421189498617
434.900006480515,0.32065945863723755,0.004321360494941473,9.810214042663574,6.50811634841375e-05,0.0007220853585749865,0.00031255563953891397,90.04374303592293,-1.7582051015097022e-05,0.0017456303135016365
435.0000064820051,-0.25368639826774597,-0.007955172099173069,9.810197830200195,-3.326213845866732e-05,0.0009571664268150926,-0.0013718589907512069,90.03872967707214,-1.7586471571462425e-05,0.00175279561702368
435.10000648349524,-0.547965407371521,-0.0003695897466968745,9.80992603302002,3.971844125771895e-05,0.0006933376425877213,0.0001641561830183491,90.0369606580771,-1.7590827894764516e-05,0.0017599117116854025
435.20000648498535,-0.4143378436565399,0.004083640873432159,9.809828758239746,9.424142035641125e-07,0.00019528997654560953,2.8829628718085587e-05,90.03736363923814,-1.7595526912828063e-05,0.0017669906598258244
435.30000648647547,-0.021516919136047363,-0.0006644849199801683,9.809843063354492,2.803830284392461e-06,-0.00017932977061718702,4.71465136797633e-06,90.03743194112984,-1.760016378682394e-05,0.0017740676889577657
435.4000064879656,0.3489663600921631,-0.00010548788122832775,9.809895515441895,4.7604507358300907e-07,-0.00016669888282194734,4.104398954041244e-07,90.037438771319,-1.7604812470040088e-05,0.001781175970513532
435.5000064894557,0.414238840341568,-0.00010365157504566014,9.810096740722656,1.716175120236585e-06,0.00018245175306219608,-2.2917963349300408e-07,90.037438771319,-1.7609473985658042e-05,0.0017883216727346677
435.6000064909458,0.17161962389945984,-0.020592955872416496,9.810111045837402,-4.619675746653229e-05,0.0005587515188381076,-0.0020294368732720613,90.02922205374747,-1.7612300013070126e-05,0.0017954825899516129
435.70000649243593,-0.15622809529304504,-0.01932518370449543,9.810108184814453,5.9834387684531976e-06,0.000683701888192445,-0.0018003546865656972,90.01832790202131,-1.7613394462046017e-05,0.001802629388749023
435.80000649392605,-0.3240281939506531,-0.007047081366181374,9.809961318969727,1.6981806766125374e-05,0.000514355895575136,-0.0011658959556370974,90.01041171277326,-1.7613853856346395e-05,0.0018097471282751574
435.90000649541616,-0.2415848821401596,-0.008343048393726349,9.809904098510742,1.930059625010472e-06,0.00021450735221151263,-0.001222341088578105,90.0033902783065,-1.7613566868135422e-05,0.0018168433474919036
436.0000064969063,0.006119522266089916,0.0042575933039188385,9.809922218322754,3.646339973784052e-05,1.0924064554274082e-05,0.00019484605581965297,90.00201058009415,-1.76136632461521e-05,0.0018239399779247528
436.1000064983964,0.21514515578746796,0.0034529147669672966,9.809948921203613,-1.0901678706431994e-06,3.665633994387463e-05,3.3514967071823776e-05,90.00248869333605,-1.761407017397687e-05,0.0018310560725864752
436.2000064998865,0.2327888160943985,-0.0007864462095312774,9.810032844543457,3.128836169707938e-06,0.000243925882386975,5.767068159912014e-06,90.00257065560609,-1.76144075112461e-05,0.0018381928651253802
436.30000650137663,0.08771400153636932,-9.637231414671987e-05,9.81009578704834,1.322800471825758e-06,0.0004542066599242389,1.5310617982322583e-06,90.00257748579526,-1.7614735185134123e-05,0.0018453376078422757
436.40000650286674,-0.1037406474351883,-0.0001606516307219863,9.810049057006836,1.0129285783477826e-06,0.000516322732437402,1.0175407396673108e-06,90.00258431598444,-1.7615046814967172e-05,0.0018524731667328715
436.50000650435686,-0.18891197443008423,3.8502683310071006e-05,9.809988021850586,1.4171025952691707e-07,0.0004102606908418238,7.693952284171246e-07,90.00258431598444,-1.7615362736478346e-05,0.0018595915916191775
436.600006505847,-0.1301828771829605,3.585353624657728e-05,9.809928894042969,8.376878213312011e-08,0.00023625220637768507,5.200109853831236e-07,90.0025911461736,-1.761567757796456e-05,0.0018666983653825664
436.7000065073371,0.014937298372387886,9.772602425073273e-06,9.809931755065918,-5.74007003706356e-07,0.00012717346544377506,1.3677208698936738e-07,90.0025911461736,-1.7615993471054026e-05,0.0018738065098662985
436.8000065088272,0.13009822368621826,4.581720986607252e-06,9.810029029846191,-9.985815552226995e-08,0.00015044736210256815,1.3546714683343453e-07,90.00258431598444,-1.7616309378354345e-05,0.0018809263054729475
436.9000065103173,0.13267306983470917,8.259832247858867e-05,9.810017585754395,-5.083400651528791e-07,0.00027332306490279734,1.5335254488491046e-07,90.00258431598444,-1.7616631708960995e-05,0.0018880580263465827
437.00000651180744,0.037622787058353424,-1.0771986126201227e-05,9.810039520263672,-3.459914239556383e-07,0.00039030893822200596,5.983054052194348e-07,90.00258431598444,-1.76169540537785e-05,0.0018951930369490414
437.10000651329756,-0.06249649450182915,-4.532469029072672e-05,9.810009956359863,-1.3136312873029965e-06,0.00041964813135564327,3.628749709605472e-07,90.00258431598444,-1.761726888105386e-05,0.0019023225646701272
437.2000065147877,-0.10758882015943527,1.530134613858536e-05,9.810009002685547,-1.4630509781454748e-07,0.00035373185528442264,7.874248240113957e-07,90.00258431598444,-1.761758478835418e-05,0.0019094424973488107
437.3000065162778,-0.07008882611989975,-5.922175205341773e-06,9.809980392456055,-1.9661984040908465e-08,0.0002537387772463262,4.993824518351175e-07,90.00258431598444,-1.761789964405125e-05,0.0019165559876418812
437.4000065177679,0.012481228448450565,0.014641636982560158,9.809931755065918,3.20187937177252e-05,0.0001953918836079538,0.001430584816262126,90.00836948621144,-1.7619520932043997e-05,0.0019236707115832606
437.500006519258,0.07756766676902771,-0.0009018672280944884,9.810018539428711,-3.674356412375346e-05,0.00021422190184239298,-0.00015864631859585643,90.01026144861153,-1.7621062994521708e-05,0.001930792289126356
437.60000652074814,0.0701056569814682,-0.004435198847204447,9.809999465942383,1.6986572290988988e-06,0.00028571675647981465,-2.733108340180479e-05,90.00986529763966,-1.7622207764134146e-05,0.0019379203090550644
437.70000652223825,0.020073790103197098,0.0006906233611516654,9.810049057006836,1.4324530184239848e-07,0.0003516049182508141,-4.228390025673434e-06,90.00979699574796,-1.762341250355348e-05,0.0019450499738481845
437.80000652372837,-0.039996467530727386,0.00015400238044094294,9.810009956359863,2.175064111042957e-07,0.00036494366941042244,-2.819055282543559e-07,90.0097901655588,-1.7624631155399584e-05,0.0019521759376963782
437.9000065252185,-0.06254702061414719,4.0657312638359144e-05,9.8100004196167,-1.6953787280726829e-06,0.00032374681904911995,2.3909336732685915e-07,90.0097901655588,-1.762585087305979e-05,0.001959296418663199
438.0000065267086,-0.037547022104263306,3.63869548891671e-05,9.80997085571289,-1.4332212572298886e-07,0.0002665392530616373,4.0766479969533975e-07,90.0097901655588,-1.7627071670744954e-05,0.0019664137469732304
438.1000065281987,0.012494770810008049,-1.121611421694979e-05,9.80997085571289,-8.795651069704036e-07,0.00023565445735584944,4.887365321337711e-07,90.00978333536962,-1.7628291402616014e-05,0.0019735317606434334
438.20000652968884,0.04754794389009476,2.337732439627871e-06,9.810009956359863,5.030360057389771e-07,0.0002490590268280357,3.690987000481982e-07,90.00978333536962,-1.7629511134487075e-05,0.0019806542976907693
438.30000653117895,0.03256681561470032,-0.014602327719330788,9.810019493103027,-3.2023082894738764e-05,0.00029121566331014037,-0.0014311455888673663,90.00399133495345,-1.7629422259801686e-05,0.0019877798503228597
438.40000653266907,0.017546813935041428,0.0009863724699243903,9.809990882873535,3.838030170300044e-05,0.0003280739765614271,0.0001583041448611766,90.00209937255336,-1.762942332561579e-05,0.0019949067736752934
438.5000065341592,-0.02999396249651909,0.004386752378195524,9.810039520263672,-2.0025922822242137e-06,0.0003330283216200769,2.7810798201244324e-05,90.00248869333605,-1.762981524677798e-05,0.0020020312297311096
438.6000065356493,-0.032520927488803864,-0.0006521635805256665,9.809981346130371,5.264010951577802e-07,0.00030819777748547494,4.9871919145516586e-06,90.00255699522775,-1.763014830657994e-05,0.002009152396058102
438.7000065371394,-0.025020906701683998,-0.00016421661712229252,9.809990882873535,2.1977912467718852e-07,0.0002754548331722617,9.725412155603408e-07,90.00255699522775,-1.7630466345508466e-05,0.0020162716433766137
438.80000653862953,0.012507014907896519,-9.641061296861153e-06,9.809990882873535,5.862600005457352e-07,0.0002588796487543732,6.110906269896077e-07,90.00256382541693,-1.7630782252808785e-05,0.0020233919872714003
438.90000654011965,0.027535082772374153,-1.031302053888794e-05,9.809990882873535,-1.0693209873124943e-07,0.00026853696908801794,3.949767801714188e-07,90.00256382541693,-1.7631097094295e-05,0.0020305146613907705
439.00000654160976,0.015035083517432213,2.930948176071979e-05,9.809990882873535,-1.475579210818978e-06,0.00029351579723879695,1.672667195862232e-07,90.00256382541693,-1.763141192157036e-05,0.0020376388433025177
439.1000065430999,0.007535083219408989,1.0114325959875714e-05,9.810078620910645,-7.230423193504976e-07,0.0003134138823952526,4.27088536980591e-07,90.00256382541693,-1.7631727843081535e-05,0.0020447635735024025
439.20000654459,-0.012492983601987362,-8.521201380062848e-06,9.809931755065918,1.953215331695901e-07,0.000315316254273057,3.30626193090211e-07,90.00256382541693,-1.7632042670356896e-05,0.0020518872071260126
439.3000065460801,-0.02250310219824314,0.014627212658524513,9.810049057006836,3.4265372960362583e-05,0.0003000485885422677,0.0014304404612630606,90.00835582583309,-1.763366292095725e-05,0.002059008784669108
439.40000654757023,-0.010001415386795998,0.01368923019617796,9.809961318969727,-3.937669134757016e-06,0.0002811826125252992,0.001272773020900786,90.01603295846019,-1.7636507166685078e-05,0.0020661295397799975
439.50000654906034,0.005010026507079601,-0.005435073282569647,9.809990882873535,-3.402866059332155e-05,0.0002734231238719076,-0.00018520707089919597,90.0175356000776,-1.7638862018998225e-05,0.0020732507061069897
439.60000655055046,0.015024479478597641,-0.018252085894346237,9.810039520263672,-2.9353590434766375e-05,0.00027929272619076073,-0.0014623897150158882,90.0112928071762,-1.7639581628259293e-05,0.0020803732431543256
439.7000065520406,0.020031962543725967,-0.012744824402034283,9.809981346130371,2.9149175588827347e-06,0.00029373326105996966,-0.0012777321971952915,90.00352688208989,-1.7639159722193654e-05,0.002087497425066073
439.8000065535307,-0.0024764200206846,0.005459756590425968,9.8100004196167,3.33704701915849e-05,0.0003046582278329879,0.00018478481797501445,90.00201058009415,-1.763922932696005e-05,0.002094621744049855
439.9000065550208,-0.009989313781261444,0.0037608800921589136,9.8100004196167,-2.1929361082584364e-06,0.00030518643325194716,3.2312927942257375e-05,90.00246137257938,-1.763963412315661e-05,0.002101744692313293
440.0000065565109,-0.009989512152969837,-0.0008484948775731027,9.810029983520508,1.1480467776436853e-07,0.0002960365964099765,5.599397354671964e-06,90.00246137257938,-1.7639962862858738e-05,0.00210886695521656
440.10000655800104,-0.012489479966461658,-0.00012573128333315253,9.809951782226562,-2.0716497317607718e-07,0.0002852373290807009,1.3711911606151261e-06,90.00246137257938,-1.7640277718555808e-05,0.002115988258615587
440.20000655949116,0.017514999955892563,0.014733346179127693,9.810009956359863,3.3451720810262486e-05,0.00028101305360905826,0.0014311210252344608,90.00834216545475,-1.7641910787347115e-05,0.0021231109327349566
440.3000065609813,-0.004977986216545105,-0.0011409999569877982,9.809990882873535,-3.740597821888514e-05,0.00028488744283095,-0.00015800977416802198,90.01024095804402,-1.7643442149051225e-05,0.0021302334697822925
440.4000065624714,0.012523218058049679,-0.01895538531243801,9.810039520263672,-2.977735857712105e-05,0.0002935565134976059,-0.0014573743101209402,90.00405963684516,-1.7643272954614986e-05,0.002137356829261834
440.5000065639615,0.0025199432857334614,0.0017291087424382567,9.809981346130371,3.701850073412061e-05,0.00029927774448879063,0.00015388788597192615,90.00209937255336,-1.7643257947952407e-05,0.00214448032581341
440.6000065654516,-0.012488111853599548,0.004483646247535944,9.809981346130371,-2.9259001621539937e-06,0.0002992986992467195,2.706959639908746e-05,90.0024750329577,-1.76436477659081e-05,0.002151602725788711
440.70000656694174,-0.002490964950993657,0.013955007307231426,9.810019493103027,3.27356465277262e-05,0.00029381050262600183,0.001435415935702622,90.0083285050764,-1.7645282994749323e-05,0.0021587252628360466
440.80000656843185,0.002509156707674265,-0.0011032774345949292,9.810019493103027,-3.6565401387633756e-05,0.0002881618856918067,-0.00015697823255322874,90.01023412785484,-1.7646817553895744e-05,0.002165847799883382
440.90000656992197,1.3278230653668288e-05,-0.00438408087939024,9.809981346130371,3.467744136287365e-06,0.00028589609428308904,-2.6702247851062566e-05,90.00984480707216,-1.76479569518051e-05,0.0021729701998586836
441.0000065714121,1.4154098607832566e-05,0.0007135751657187939,9.809981346130371,8.002010076779698e-07,0.0002883919805753976,-4.277379503037082e-06,90.00984480707216,-1.7649161691224435e-05,0.002180092736906019
441.1000065729022,1.4046753676666413e-05,8.857525244820863e-05,9.810009956359863,-4.6620158400401124e-07,0.0002931146009359509,-3.8875487007317133e-07,90.00984480707216,-1.7650371788136e-05,0.0021872151368813202
441.2000065743923,1.4040056157682557e-05,4.951276059728116e-05,9.810019493103027,7.60152147449844e-07,0.00029646180337294936,1.81093469109328e-07,90.00984480707216,-1.765158506827902e-05,0.002194337673928656
441.30000657588243,-0.0024859700351953506,-8.65145011630375e-06,9.810009956359863,4.2988230575247144e-07,0.00029570056358352304,2.955841864604736e-07,90.00984480707216,-1.7652798391054603e-05,0.0022014602109759916
441.40000657737255,0.002514033345505595,1.0020690751844086e-05,9.809990882873535,-2.2434629443068843e-07,0.0002929273177869618,4.447977630661626e-07,90.00984480707216,-1.7654011685408477e-05,0.0022085826109512928
441.50000657886267,1.4036645552550908e-05,2.998147283506114e-05,9.809981346130371,1.2827351838495815e-06,0.00028943168581463397,4.51224707376241e-07,90.00984480707216,-1.7655223913948248e-05,0.0022157051479986286
441.6000065803528,1.4029974408913404e-05,-9.080994459509384e-06,9.810009956359863,-5.079563720755687e-07,0.0002884930290747434,6.814736366322904e-07,90.00984480707216,-1.7656437222512977e-05,0.00222282754797393
441.7000065818429,1.4036645552550908e-05,2.998147283506114e-05,9.809981346130371,-9.002008027891861e-07,0.00028959487099200487,4.1133185391117877e-07,90.00984480707216,-1.7657650516866852e-05,0.0022299500850212653
441.800006583333,1.402998805133393e-05,-9.080984455067664e-06,9.810019493103027,7.894524856055796e-08,0.00029240152798593044,3.881774830460927e-07,90.00984480707216,-1.7658863839642436e-05,0.0022370726220686007
441.90000658482313,-0.002484638476744294,-0.014619650319218636,9.810019493103027,-3.2100135285872966e-05,0.00029430846916511655,-0.001429782365448773,90.00397767457511,-1.76587663816008e-05,0.0022441950220439023
442.00000658631325,0.002512900624424219,0.0010259844129905105,9.809981346130371,3.6571080272551626e-05,0.0002938280813395977,0.0001586446160217747,90.00207888198585,-1.765876102410857e-05,0.002251317559091238
442.10000658780336,1.3053291695541702e-05,0.004404981154948473,9.8100004196167,-1.1254768423896166e-06,0.00029234003159217536,2.7505506295710802e-05,90.00246820276854,-1.7659151893667513e-05,0.002258439959066539
442.2000065892935,1.4878564797982108e-05,0.01393511425703764,9.8100004196167,3.2699153962312266e-05,0.0002908886526711285,0.0014353757724165916,90.00832167488724,-1.7660787094087027e-05,0.002265562496113875
442.3000065907836,1.5003979569883086e-05,-0.001102830981835723,9.8100004196167,-3.526736327330582e-05,0.00028963046497665346,-0.0001568060542922467,90.01022729766568,-1.7662321667444303e-05,0.0022726850331612103
442.4000065922737,1.561398858029861e-05,-0.004403612110763788,9.809981346130371,2.4669204776728293e-06,0.0002902927517425269,-2.680021498235874e-05,90.00984480707216,-1.7663461093775368e-05,0.0022798074331365115
442.5000065937638,1.6499716366524808e-05,0.0007526377448812127,9.810019493103027,1.7606119229185424e-07,0.00029255382833071053,-4.232572337059537e-06,90.00984480707216,-1.766466581898385e-05,0.002286929970183847
442.60000659525394,-0.0024836210068315268,4.994217670173384e-05,9.810019493103027,-8.178417374438141e-07,0.00029347019153647125,-6.140809887256182e-07,90.00984480707216,-1.7665874835870454e-05,0.0022940523701591485
442.70000659674406,0.0025130256544798613,-0.014580199494957924,9.809981346130371,-3.335828660055995e-05,0.0002934476360678673,-0.001430329168215394,90.00397084438595,-1.7665777392039672e-05,0.002301174907206484
442.8000065982342,1.2900704859930556e-05,0.0010260752169415355,9.8100004196167,3.800827107625082e-05,0.0002919453545473516,0.00015831396740395576,90.00207888198585,-1.7665772034547444e-05,0.0023082974442538194
442.9000065997243,1.422263630956877e-05,0.004404981154948473,9.8100004196167,-1.0648496981957578e-06,0.0002907812304329127,2.8009690140606835e-05,90.00246820276854,-1.7666162904106386e-05,0.0023154199813011553
443.0000066012144,1.4003026990394574e-05,-0.0006926747155375779,9.8100004196167,-1.2658784953600843e-07,0.000290976429823786,4.914646979159443e-06,90.00246820276854,-1.766648952639116e-05,0.0023225422442044222
443.1000066027045,1.848304054874461e-05,0.014579645358026028,9.8100004196167,3.367932731634937e-05,0.0002914888027589768,0.0014317380264401436,90.00833533526558,-1.7668118317715198e-05,0.0023296647812517577
443.20000660419464,-0.0024838231038302183,-0.0010828532977029681,9.8100004196167,-3.685175033751875e-05,0.00029183729202486575,-0.00015733472537249327,90.01023412785484,-1.7669649665208453e-05,0.0023367873182990936
443.30000660568476,0.002513864077627659,-0.018974466249346733,9.8100004196167,-3.11451185552869e-05,0.00029250732040964067,-0.0014573424123227596,90.00405280665599,-1.7669481536586318e-05,0.002343909855346429
443.4000066071749,1.4095317965256982e-05,0.0017096690135076642,9.8100004196167,3.75730378436856e-05,0.00029315895517356694,0.00015403953148052096,90.0020925423642,-1.7669466544134593e-05,0.0023510323923937645
443.500006608665,1.4226921848603524e-05,0.0045026373118162155,9.8100004196167,-3.2807056413730606e-06,0.00029182160506024957,2.6661698939278722e-05,90.00246820276854,-1.766985420204037e-05,0.0023581546552970314
443.6000066101551,1.400385644956259e-05,-0.0006731434841640294,9.8100004196167,5.8857153817371e-07,0.0002912439813371748,4.846572664973792e-06,90.00246820276854,-1.7670180838535998e-05,0.0023652771923443673
443.7000066116452,1.4028267287358176e-05,-0.00010673725773813203,9.8100004196167,1.7728214629642025e-07,0.00029145326698198915,1.122597609537479e-06,90.00246820276854,-1.767049566581136e-05,0.0023723997293917027
443.80000661313534,-0.0024826719891279936,0.014677665196359158,9.809981346130371,3.360953269293532e-05,0.0002911718038376421,0.0014310898259282112,90.00833533526558,-1.7672124457135396e-05,0.002379522266439038
443.90000661462545,0.002515011001378298,-0.0010642148554325104,9.810019493103027,-3.7011686799814925e-05,0.00029227143386378884,-0.00015768576122354716,90.01022729766568,-1.7673654738814548e-05,0.002386644803486374
444.00000661611557,1.445150701329112e-05,-0.004364549648016691,9.810019493103027,3.05540766021295e-06,0.0002921780978795141,-2.6929990781354718e-05,90.00983797688299,-1.7674794165145613e-05,0.002393767066389641
444.1000066176057,1.5330178939620964e-05,0.0007526376866735518,9.809981346130371,-1.3298679846229788e-07,0.00029259928851388395,-4.1732432691787835e-06,90.00983797688299,-1.767599890456495e-05,0.0024008896034369764
444.2000066190958,1.3024452528043184e-05,-0.014599097892642021,9.8100004196167,-3.368942634551786e-05,0.00029181427089497447,-0.0014304898213595152,90.00397084438595,-1.7675897154845188e-05,0.002408012140484312
444.3000066205859,1.5241675100696739e-05,0.0010846690274775028,9.8100004196167,3.568377724150196e-05,0.00029105893918313086,0.00015834631631150842,90.00207888198585,-1.7675893957402877e-05,0.0024151346775316477
444.40000662207603,1.793735646060668e-05,0.019052298739552498,9.8100004196167,2.8949611078132875e-05,0.0002915027434937656,0.0014580362476408482,90.00825337299554,-1.7677593419307414e-05,0.002422257214578983
444.50000662356615,-0.002485110657289624,-0.0017469164449721575,9.8100004196167,-3.5996767110191286e-05,0.00029157529934309423,-0.00015312316827476025,90.01021363728734,-1.7679135481785124e-05,0.00242937947748225
444.60000662505627,0.0025144314859062433,-0.00448216637596488,9.8100004196167,1.943873940035701e-06,0.0002918731770478189,-2.6256011551595293e-05,90.00983797688299,-1.7680273842302086e-05,0.002436502014529586
444.7000066265464,1.5330168025684543e-05,0.0007526376866735518,9.8100004196167,-7.111996183084557e-07,0.00029230525251477957,-4.379117399366805e-06,90.00983797688299,-1.768147963332467e-05,0.0024436245515769214
444.8000066280365,1.5206112948362716e-05,2.9981494662933983e-05,9.8100004196167,5.762713044532575e-07,0.00029190556961111724,-4.943381100019906e-07,90.00983797688299,-1.7682686504372214e-05,0.002450747088624257
444.9000066295266,1.5216171959764324e-05,8.857524517225102e-05,9.8100004196167,-6.573582140845247e-07,0.00029194867238402367,2.543119990150444e-07,90.00983797688299,-1.7683899827147798e-05,0.0024578696256715928
445.00000663101673,1.4192144590197131e-05,-0.014638965018093586,9.8100004196167,-3.2684558391338214e-05,0.00029181025456637144,-0.0014299339381977916,90.00397084438595,-1.7683803434920264e-05,0.0024649918885748597
445.10000663250685,-0.002484760480001569,0.001026165671646595,9.8100004196167,3.608872430049814e-05,0.0002919672697316855,0.00015832207282073796,90.00207205179667,-1.7683798077428037e-05,0.002472114425622195
445.20000663399696,0.0025153907481580973,0.004385342821478844,9.8100004196167,-1.5663462136217277e-06,0.0002916694793384522,2.759458584478125e-05,90.00246137257938,-1.768418681535877e-05,0.0024792369626695306
445.3000066354871,1.7218973880517296e-05,0.0139546450227499,9.8100004196167,3.11032599711325e-05,0.00029221715521998703,0.0014353684382513165,90.00832167488724,-1.7685822044199995e-05,0.0024863594997168665
445.4000066369772,1.5007569345470984e-05,-0.0010832997504621744,9.8100004196167,-3.691100937430747e-05,0.0002916192461270839,-0.00015672862355131656,90.01022729766568,-1.7687358734974623e-05,0.002493482036764202
445.5000066384673,1.44382611324545e-05,-0.004442674573510885,9.8100004196167,2.6240018087264616e-06,0.0002919791149906814,-2.6685476768761873e-05,90.00983797688299,-1.7688496015466626e-05,0.002500604299667469
445.6000066399574,1.5333529518102296e-05,0.0007721689180471003,9.8100004196167,-7.655196441191947e-07,0.0002916296070907265,-4.281199380784528e-06,90.00983797688299,-1.7689700740675107e-05,0.0025077268367148047
445.70000664144754,-0.0024847937747836113,3.0410685212700628e-05,9.8100004196167,-7.388474045910698e-07,0.0002913431089837104,-4.080236237768986e-07,90.00983797688299,-1.7690908705958464e-05,0.00251484937376214
445.80000664293766,0.002515216125175357,8.814604370854795e-05,9.8100004196167,5.343298425941612e-07,0.0002919880498666316,1.5026719779598352e-07,90.00983797688299,-1.7692122000312338e-05,0.0025219719108094756
445.9000066444278,1.5199407243926544e-05,-9.081004463951103e-06,9.8100004196167,-3.691913263992319e-07,0.0002918814425356686,3.8567051774407446e-07,90.00983797688299,-1.7693334214641254e-05,0.0025290944478568115
446.0000066459179,1.4193846254784148e-05,-0.014619489200413227,9.8100004196167,-3.206581823178567e-05,0.00029167989850975573,-0.0014299441827461123,90.00396401419677,-1.7693238916649534e-05,0.0025362167107600784
446.100006647408,1.5239492313412484e-05,0.0010260752169415355,9.8100004196167,3.69795088772662e-05,0.00029199133859947324,0.00015846615133341402,90.00207205179667,-1.7693233559157306e-05,0.002543339247807414
446.2000066488981,1.5390800399472937e-05,0.0043854499235749245,9.8100004196167,-1.708474655970349e-06,0.0002918675309047103,2.7869868063135073e-05,90.00246137257938,-1.7693621217063082e-05,0.0025504617848547493
446.30000665038824,1.7218613720615394e-05,0.0139546450227499,9.8100004196167,3.3951720979530364e-05,0.00029187113977968693,0.0014356541214510798,90.00831484469808,-1.7695256445904306e-05,0.002557584321902085
446.40000665187836,-0.002484995871782303,-0.0011023848783224821,9.8100004196167,-3.512863258947618e-05,0.0002916181110776961,-0.00015684548998251557,90.0102204674765,-1.7696791019261582e-05,0.0025647068589494206
446.5000066533685,0.0025144449900835752,-0.004404041450470686,9.8100004196167,3.4082324873452308e-06,0.0002917139499913901,-2.6613262889441103e-05,90.00983797688299,-1.7697929351356834e-05,0.0025718291218526875
446.6000066548586,1.5326804714277387e-05,0.0007331064553000033,9.8100004196167,2.6877461323238094e-07,0.00029204387101344764,-4.2359829421911854e-06,90.00983797688299,-1.769913409077617e-05,0.002578951658900023
446.7000066563487,1.520946534583345e-05,4.951274240738712e-05,9.8100004196167,3.2015515216698986e-07,0.0002915036166086793,-5.068615109848906e-07,90.00983797688299,-1.7700339881798755e-05,0.002586074195947359
446.8000066578388,1.913380947371479e-05,0.01456533744931221,9.8100004196167,3.357233799761161e-05,0.00029204593738541007,0.0014307722449302673,90.01554118483995,-1.770285003033223e-05,0.0025931967329946943
446.90000665932894,1.4929317330825143e-05,-0.0008827620767988265,9.809981346130371,-3.723259942489676e-05,0.0002921390114352107,-0.00015773199265822768,90.01743314724004,-1.770527768485408e-05,0.0026003192700420298
447.00000666081905,-0.002488496480509639,-0.01887536235153675,9.810039520263672,-3.0416889785556123e-05,0.00029138944228179753,-0.0014574641827493906,90.01125865623035,-1.7706013380802688e-05,0.002607441532945297
447.10000666230917,0.0025154626928269863,0.001611607032828033,9.809981346130371,3.718508378369734e-05,0.0002919134858530015,0.00015376204100903124,90.00929839193856,-1.770689472380127e-05,0.0026145640699926326
447.2000066637993,1.59579940373078e-05,0.004483106080442667,9.8100004196167,-3.1875126751401694e-06,0.00029246811755001545,2.686271909624338e-05,90.0096740523429,-1.770817762292154e-05,0.002621686607039968
447.3000066652894,1.508403420302784e-05,-0.0006926747155375779,9.8100004196167,-7.530668426625198e-07,0.0002920397964771837,5.042431894253241e-06,90.0096740523429,-1.7709398434817558e-05,0.002628809144087304
447.4000066667795,1.9154129404341802e-05,0.014638238586485386,9.8100004196167,3.449064024607651e-05,0.00029225047910586,0.0014316060114651918,90.01554118483995,-1.771192569322011e-05,0.0026359316811346394
447.50000666826963,2.0625459001166746e-05,0.013452056795358658,9.8100004196167,-2.9736138458247297e-06,0.000291998905595392,0.001272830762900412,90.0232251476562,-1.7715655545202935e-05,0.0026430539440379062
447.60000666975975,-0.0024798871017992496,0.009293231181800365,9.809981346130371,-1.018545276565419e-06,0.0002917129313573241,0.0012455409159883857,90.03051295950061,-1.7720214273708734e-05,0.0026501764810852417
447.70000667124987,0.002512577222660184,-0.004692749120295048,9.810039520263672,-3.431277582421899e-05,0.000291657168418169,-0.00018933761748485267,90.03195412941548,-1.7724348921888122e-05,0.0026572990181325776
447.80000667274,1.3249430594441947e-05,-0.0035390115808695555,9.809981346130371,1.7168849808513187e-07,0.00029186828760430217,-3.235582335037179e-05,90.03148284636275,-1.772816443690317e-05,0.002664421555179913
447.9000066742301,1.565351885801647e-05,0.0008359876810573041,9.8100004196167,-3.247288532293169e-06,0.0002920659608207643,-5.183075245440705e-06,90.03148284636275,-1.7732054942598552e-05,0.0026715440922272485
448.0000066757202,-0.020015640184283257,8.522614371031523e-05,9.8100004196167,-1.3497248119165306e-06,0.0003583267971407622,-5.214687917032279e-07,90.03138722371438,-1.773595077736445e-05,0.0026786647102661036
448.10000667721033,-0.21280823647975922,0.00014640294830314815,9.810101509094238,-4.941974225403101e-07,0.0008569725323468447,1.5620948943251278e-06,90.03138722371438,-1.773984769215531e-05,0.0026857664123642227
448.20000667870045,-0.8786340951919556,-7.504367385990918e-05,9.810104370117188,-9.112629868468503e-07,0.0013695774832740426,3.3971537050092593e-06,90.03140088409272,-1.7743692126259702e-05,0.0026927891609705734
448.30000668019056,-1.5571686029434204,4.2891246266663074e-05,9.809715270996094,5.01893794080388e-07,0.0013352896785363555,4.516320132097462e-06,90.03142137466023,-1.774746483818035e-05,0.0026996723702459864
448.4000066816807,-1.7853686809539795,1.2121917279728223e-05,9.809370994567871,-2.4308967283559468e-08,0.0007986341370269656,4.464063749765046e-06,90.03144186522773,-1.7751149712808e-05,0.002706395205241245
448.5000066831708,-1.4929262399673462,4.743865065393038e-05,9.809321403503418,3.614032095811126e-07,0.00010962225496768951,3.5167092846677406e-06,90.03146235579524,-1.7754764982669258e-05,0.0027129842579310067
448.6000066846609,-0.9374244809150696,5.537160177482292e-05,9.809555053710938,1.0195187627459745e-07,-0.000331299175741151,2.287376446474809e-06,90.03147601617358,-1.775833527517534e-05,0.0027194894225357653
448.700006686151,-0.46677136421203613,-7.467581326636719e-06,9.809858322143555,5.363071977626532e-07,-0.00024884450249373913,1.4640712606706074e-06,90.03148284636275,-1.7761884166134223e-05,0.0027259529172420902
448.80000668764114,-0.4239421784877777,6.68798602418974e-05,9.810046195983887,1.346442445537832e-06,0.0002445813734084368,1.816074131966161e-06,90.03148967655193,-1.776541483877736e-05,0.0027323783059228744
448.90000668913126,-0.7716199159622192,2.3620967112947255e-05,9.81006908416748,-5.853847824255354e-07,0.0007386706420220435,2.5474732865404803e-06,90.03149650674109,-1.776891016902482e-05,0.0027387346102983614
449.0000066906214,-1.1995954513549805,-3.39911384799052e-05,9.809871673583984,5.294874085848278e-07,0.0008852843311615288,3.644639491540147e-06,90.0315169973086,-1.7772343397837176e-05,0.0027449831760548724
449.1000066921115,-1.4074872732162476,4.150752647547051e-05,9.809624671936035,-4.2299595293116e-07,0.0006449400098063052,3.6203998661221704e-06,90.03153065768694,-1.777570808769724e-05,0.0027511056355398094
449.2000066936016,-1.262534260749817,5.973505903966725e-05,9.80950927734375,1.4905268699294538e-06,0.00023124906874727458,3.196405714334105e-06,90.03155114825445,-1.777901601940357e-05,0.002757114873524398
449.3000066950917,-0.909715473651886,4.160672324360348e-05,9.809678077697754,-1.2365600241537322e-06,-7.496700709452853e-05,2.1649177597282687e-06,90.0315648086328,-1.7782281133804645e-05,0.0027630426907206008
449.40000669658184,-0.5892661213874817,2.1665704480255954e-05,9.809855461120605,6.52748269658332e-07,-5.853463153471239e-05,1.8408109099254943e-06,90.03157163882197,-1.7785517300694664e-05,0.002768917872255624
449.50000669807196,-0.5090049505233765,-2.8215445126988925e-06,9.80997085571289,-1.3608339486381738e-06,0.00025463252677582204,2.0822697024414083e-06,90.03157846901114,-1.7788728854384317e-05,0.002774747271731185
449.6000066995621,-0.7240884900093079,3.765377914533019e-05,9.810019493103027,-3.536034114404174e-07,0.0006052898243069649,2.689113216547412e-06,90.0315852992003,-1.7791906159914106e-05,0.0027805114249184093
449.7000067010522,-1.0268969535827637,9.318875527242199e-06,9.809880256652832,1.4162003481033025e-07,0.0007367261569015682,2.7353050882084062e-06,90.03159895957864,-1.779503203636068e-05,0.002786184013986708
449.8000067025423,-1.174668550491333,3.2383526558987796e-05,9.809741020202637,-1.2875825632363558e-06,0.0005871031316928566,3.481450221443083e-06,90.03161261995699,-1.7798103300492585e-05,0.0027917510575885805
449.9000067040324,-1.089704990386963,2.480039074725937e-05,9.80966854095459,5.58751537482749e-07,0.00029033629107289016,2.779464693958289e-06,90.03162628033533,-1.7801119966520673e-05,0.002797220505902017
450.00000670552254,-0.8294751644134521,1.815795803850051e-05,9.80971622467041,5.169721930542437e-07,6.170346023282036e-05,2.0130223674641456e-06,90.03163994071366,-1.780409699847496e-05,0.0028026156611728518
450.10000670701265,-0.5841407179832458,1.9667717424454167e-05,9.809884071350098,-1.3566623238148168e-06,6.926205969648436e-05,2.0180807496217312e-06,90.03164677090284,-1.7807047257178965e-05,0.0028079584549265766
450.20000670850277,-0.5339474081993103,1.1643694961094297e-05,9.809961318969727,6.660813767211948e-08,0.00030515569960698485,1.6062696204244276e-06,90.031653601092,-1.780997075684354e-05,0.0028132532734682896
450.3000067099929,-0.6965101361274719,2.3388367480947636e-05,9.810001373291016,1.1663506711556693e-06,0.0005751250428147614,2.455043613736052e-06,90.03166043128118,-1.7812859951504834e-05,0.0028184855871623525
450.400006711483,-0.9167504906654358,2.7938634957536124e-05,9.809895515441895,-1.4597784456782392e-06,0.0006735889473930001,2.4445603230560664e-06,90.03166726147035,-1.781570527725762e-05,0.0028236359317798916
450.5000067129731,-1.0394543409347534,1.7752703570295125e-05,9.809783935546875,1.4885480368320714e-06,0.0005467497394420207,3.2089003525470616e-06,90.03168092184869,-1.7818500268163007e-05,0.0028286930674140936
450.60000671446323,-0.9519543051719666,8.430048183072358e-06,9.80975341796875,1.3611294491511217e-07,0.00030207246891222894,2.0565178147080587e-06,90.03168092184869,-1.7821249215899115e-05,0.00283366467009888
450.70000671595335,-0.7242504358291626,3.914402623195201e-05,9.809754371643066,4.556769965802232e-07,0.0001213571522384882,2.2650926894129952e-06,90.0317014124162,-1.7823962821239547e-05,0.002838571574783467
450.80000671744347,-0.5339735150337219,1.220159902004525e-05,9.809929847717285,1.1124555499009148e-07,0.0001489278656663373,1.2925728469781461e-06,90.03170824260536,-1.7826650704932945e-05,0.0028434305042560424
450.9000067189336,-0.5113325119018555,1.933842031576205e-05,9.80996036529541,-5.589109832726535e-07,0.0003685097035486251,2.367708475503605e-06,90.03171507279454,-1.7829312881190162e-05,0.0028482439258132233
451.0000067204237,-0.6689212918281555,8.96480560186319e-06,9.809991836547852,3.791393794472242e-07,0.0005967062315903604,2.254297214676626e-06,90.03172873317287,-1.783194295512658e-05,0.0028529970356753033
451.1000067219138,-0.8666408658027649,4.0350380004383624e-05,9.809904098510742,1.0248420494463062e-06,0.0006554908468388021,2.5629640276747523e-06,90.03173556336205,-1.783453340920005e-05,0.0028576725627659583
451.20000672340393,-0.9392975568771362,2.5571705464244587e-06,9.809819221496582,2.217049086539191e-06,0.0005127231706865132,2.6686493583838455e-06,90.03174922374039,-1.7837075660054325e-05,0.0028622636534834725
451.30000672489405,-0.6788631081581116,1.4842675227555446e-05,9.804574012756348,1.4545560134138213e-06,-0.0024980457965284586,1.226163931278279e-06,90.03175605392956,-1.783958472856284e-05,0.002866794158361817
451.40000672638416,0.42914748191833496,2.6101633920916356e-05,9.820047378540039,1.7835752430528373e-07,0.0013354812981560826,1.9691835859703133e-06,90.03174922374039,-1.7842116278643516e-05,0.002871363043409771
451.5000067278743,-0.7684500813484192,6.10379265708616e-06,9.799506187438965,8.82121412359993e-07,0.00027836847584694624,1.5756924653942406e-07,90.03175605392956,-1.7844608208861246e-05,0.002875863392440565
451.6000067293644,-0.3059283494949341,2.324150045751594e-05,9.791338920593262,2.0171296455373522e-07,0.00047685985919088125,1.1175216059200466e-06,90.03175605392956,-1.784708834406956e-05,0.0028803360529204266
451.7000067308545,-1.336896538734436,8.519014045305084e-06,9.835602760314941,-7.456005732819904e-07,0.0011582744773477316,2.1066184672235977e-06,90.0317697143079,-1.78495010345614e-05,0.0028846886382982236
451.8000067323446,-1.6474642753601074,0.013157150708138943,9.813013076782227,1.8284355974174105e-05,3.9882226701593027e-05,0.0010343636386096478,90.03653035615939,-1.7852996379019714e-05,0.0028888937341670926
451.90000673383474,-0.6593611240386963,0.005676143802702427,9.808215141296387,-9.102955118578393e-06,-0.001100960886105895,0.0007582665421068668,90.04120903574085,-1.7856954329431574e-05,0.002893039614917135
452.00000673532486,0.21162454783916473,0.002763438504189253,9.808398246765137,-3.856949206237914e-06,-0.0007444131188094616,0.0007330838707275689,90.04555986624216,-1.7861172509014978e-05,0.0028972046857519826
452.100006736815,-0.20082290470600128,0.008793124929070473,9.809309005737305,3.2626992378936848e-06,0.0005348037229850888,0.0010857550660148263,90.05184364027856,-1.7866157421053686e-05,0.0029013519372223682
452.2000067383051,-1.1966252326965332,0.005514266900718212,9.80959701538086,-6.922887678229017e-06,0.0008500450057908893,0.0009653508896008134,90.05799081053158,-1.787152679355586e-05,0.0029053914500737784
452.3000067397952,-1.347083330154419,-0.013569672591984272,9.809326171875,-2.541223875596188e-05,-9.05687193153426e-05,-0.00036847664159722626,90.057485376533,-1.7875556494573175e-05,0.002909310613679056
452.4000067412853,-0.41890016198158264,0.014523054473102093,9.809383392333984,3.803499566856772e-05,-0.0010904509108513594,0.001374012790620327,90.0633593392192,-1.7880846627349456e-05,0.002913191945402861
452.50000674277544,0.27938932180404663,-0.009031788446009159,9.809900283813477,-3.283725891378708e-05,-0.0004691054637078196,-0.00036352244205772877,90.06322956562498,-1.7885350743540585e-05,0.0029170984983809805
452.60000674426556,-0.4283927083015442,-0.0038286473136395216,9.81031322479248,1.1339468983351253e-05,0.0007527427515015006,-7.537358669651439e-06,90.06277877313975,-1.788947146508235e-05,0.002920966671189491
452.7000067457557,-1.229129672050476,0.0011743821669369936,9.809962272644043,1.7396507701050723e-06,0.0006026100018061697,1.0995921684298082e-06,90.06277877313975,-1.7893575048333332e-05,0.002924724363938339
452.8000067472458,-1.0718187093734741,6.963841588003561e-05,9.809626579284668,2.0074762687727343e-06,-0.00032045136322267354,4.527980763668893e-07,90.06278560332892,-1.7897579056125323e-05,0.0029283861062631635
452.9000067487359,-0.18581293523311615,1.868498682975769,9.807938575744629,0.007605260703712702,-0.0015357780503109097,0.2085261195898056,90.77710727729637,-1.8068439359808508e-05,0.0029320292067913202
453.000006750226,2.099738359451294,3.143465280532837,9.804811477661133,0.001211204449646175,-0.0030780171509832144,0.2920045256614685,92.31182346304155,-1.8527904799725547e-05,0.00293584913024375
453.10000675171614,4.3321733474731445,1.1763721704483032,9.806350708007812,-0.0010668591130524874,-0.0028263975400477648,0.2610318958759308,93.80960881594447,-1.9117715055472218e-05,0.0029400498398075205
453.20000675320625,4.927224159240723,0.6183643937110901,9.836240768432617,0.0005546024767681956,-0.00022225505381356925,0.2396608144044876,95.14900208199481,-1.980178804217303e-05,0.0029446858901522916
453.30000675469637,2.244363784790039,0.45918500423431396,9.780271530151367,0.0006612248835153878,0.0006623447989113629,0.19261384010314941,96.30335869324033,-2.0548404407350063e-05,0.0029495171310739343
453.4000067561865,2.921739339828491,0.4511464536190033,9.800823211669922,0.00102051196154207,-0.004097926430404186,0.17506049573421478,97.27966593320194,-2.1367947397266107e-05,0.0029546030518353434
453.5000067576766,5.3526811599731445,0.5191659331321716,9.805962562561035,0.0009728479199111462,-0.0006955144926905632,0.14396265149116516,98.1368205230927,-2.230118735724318e-05,0.0029601580330981953
453.6000067591667,4.298620223999023,2.287299156188965,9.80522632598877,0.008270488120615482,-0.0006381573039107025,0.3426533341407776,99.60227176046479,-2.3500171437262907e-05,0.0029660584358875337
453.70000676065683,4.906217098236084,4.474783897399902,9.796125411987305,0.008273152634501457,0.0001945527910720557,0.4946006238460541,102.11852028088666,-2.5182600012385592e-05,0.002972305082635565
453.80000676214695,4.631957530975342,6.528135776519775,9.781972885131836,0.0175993200391531,0.0035617828834801912,0.8478752374649048,106.04947856333658,-2.754026684215205e-05,0.002978789686435175
453.90000676363707,3.7787089347839355,8.788293838500977,9.765869140625,0.009687959216535091,0.006719470024108887,0.9966590404510498,111.41942793031396,-3.0752680615364625e-05,0.002985302801217924
454.0000067651272,0.9350521564483643,9.65854263305664,9.753918647766113,0.013931556604802608,0.012834659777581692,1.2404391765594482,117.86966733717725,-3.476661881052223e-05,0.0029914863948301675
454.1000067666173,-2.833803176879883,12.140402793884277,9.725748062133789,0.010752586647868156,0.0154639957472682,1.4238771200180054,125.52736124589372,-3.9515314526283873e-05,0.0029968330266008534
454.2000067681074,-4.194502830505371,12.793968200683594,9.71017074584961,0.006838699337095022,0.014869093894958496,1.5160635709762573,133.9204069810321,-4.482608910905128e-05,0.0030011159793852157
454.30000676959753,-3.3193764686584473,12.746159553527832,9.704947471618652,0.005927960388362408,0.01246391236782074,1.5570154190063477,142.6556315332098,-5.0590687791896016e-05,0.0030043135958018326
454.40000677108765,-0.38374900817871094,11.808821678161621,9.715609550476074,0.002707807347178459,0.009252103045582771,1.5103890895843506,151.28340354936483,-5.683187735883166e-05,0.0030065708980630142
454.50000677257776,2.6433544158935547,9.140554428100586,9.746499061584473,-0.0034443209879100323,0.004879429005086422,1.2837026119232178,159.03707527629834,-6.358652163385159e-05,0.00300815216105093
454.6000067740679,3.8873424530029297,6.774816036224365,9.768529891967773,-0.0024863234721124172,0.005183367058634758,1.1035834550857544,165.6269647309317,-7.082907380606684e-05,0.0030092358525542636
454.700006775558,1.8352551460266113,5.418093204498291,9.784001350402832,-0.005158412270247936,0.005993172992020845,0.8611956834793091,170.9795517570389,-7.830996426605452e-05,0.0030098688512087534
454.8000067770481,-1.040804386138916,3.4820542335510254,9.797548294067383,-0.007001725025475025,0.004544019233435392,0.5830584168434143,174.82527610883625,-8.572575838172725e-05,0.003010185213463964
454.9000067785382,-2.392181396484375,2.226607322692871,9.802779197692871,-0.005613471381366253,0.002394180279225111,0.38089802861213684,177.35506889438224,-9.293629567252992e-05,0.0030102943228032825
455.00000678002834,-2.5239617824554443,1.6301580667495728,9.80507755279541,-0.0043706344440579414,0.0005749748088419437,0.25861960649490356,179.03591014723068,-9.9922934353458e-05,0.003010255120201467
455.10000678151846,-1.5971198081970215,0.41873037815093994,9.80824089050293,-0.005609055981040001,-0.0017021987587213516,0.10432220995426178,179.90721005889253,-0.00010676647842444709,0.0030101789081503853
455.2000067830086,0.42008790373802185,0.15747985243797302,9.809208869934082,-0.002188543789088726,-0.003316858084872365,0.07141932845115662,180.3685210354352,-0.00011364779437883499,0.00301008926303994
455.3000067844987,2.3686342239379883,0.3638334274291992,9.809115409851074,-0.0014245026977732778,-0.0027109947986900806,0.05485166609287262,180.7074896635646,-0.00012074131498707175,0.003009964527488709
455.4000067859888,2.385272741317749,0.24405527114868164,9.809793472290039,-0.0010916260071098804,-0.0003086512442678213,0.039602313190698624,180.95838983253583,-0.00012804846235781042,0.0030098148448272316
455.5000067874789,0.510043203830719,0.14010566473007202,9.81078052520752,-0.000802192254923284,0.0017916145734488964,0.026915045455098152,181.13350222247664,-0.0001354010234138059,0.0030096517291063906
455.60000678896904,-1.3762513399124146,0.10936784744262695,9.810286521911621,-0.0005526150343939662,0.0019013001583516598,0.0179568100720644,181.25148691019942,-0.00014262980842261186,0.003009481759783834
455.70000679045916,-2.0743229389190674,0.06685686111450195,9.809329986572266,-0.0003776222583837807,0.0007866356172598898,0.012104134075343609,181.33017068943798,-0.0001496723639462516,0.003009310145596865
455.8000067919493,-1.5239002704620361,-0.4852583408355713,9.809062004089355,-0.0019416932482272387,-0.0008951576892286539,-0.04649859294295311,181.1755352066289,-0.00015657914960343078,0.0030091848617574968
455.9000067934394,0.035075873136520386,-0.35440072417259216,9.80932331085205,3.5781413316726685e-05,-0.0024116598069667816,-0.031109066680073738,180.97258296563112,-0.00016348972189916822,0.003009091104486022
456.0000067949295,1.655925989151001,-0.060338735580444336,9.80954647064209,0.0001413966529071331,-0.0022111604921519756,-0.017682582139968872,180.8488199378705,-0.0001705490173264934,0.0030090006369433704
456.1000067964196,1.802132248878479,-0.024885892868041992,9.810015678405762,7.534284668508917e-05,-0.0001578961528139189,-0.011396839283406734,180.77330536640684,-0.00017777000637408946,0.003008910169400719
456.20000679790974,-0.09588783979415894,-0.049233585596084595,9.810932159423828,6.383121944963932e-05,0.002027102978900075,-0.007842246443033218,180.7225434004953,-0.00018498239413133888,0.0030088240881631667
456.30000679939985,-2.1160190105438232,-0.029902935028076172,9.809941291809082,6.911368109285831e-05,0.0020370555575937033,-0.005033927038311958,180.68870664334705,-0.0001920048857328993,0.0030087432156629176
456.40000680088997,-2.7754979133605957,-0.22280311584472656,9.808764457702637,-0.0005993642844259739,0.0009990374092012644,-0.024882884696125984,180.58518829628633,-0.00019877859159578293,0.0030086845488322285
456.5000068023801,-2.6463747024536133,-0.17133498191833496,9.80842113494873,0.0001648454344831407,-0.00011283788626315072,-0.016402827575802803,180.47725764702182,-0.00020531507713883457,0.0030086431530778643
456.6000068038702,-1.859399676322937,-0.02974700927734375,9.808794975280762,0.00014620739966630936,-0.001395001425407827,-0.009759850800037384,180.4111823969911,-0.0002116849516369257,0.0030086055953404602
456.7000068053603,-0.519959568977356,-0.0195501446723938,9.809488296508789,7.352442480623722e-05,-0.0021795157808810472,-0.00651435786858201,180.3685210354352,-0.00021800832446672302,0.003008570230755606
456.80000680685043,0.5220686793327332,-0.01086115837097168,9.809996604919434,5.195650737732649e-05,-0.0016593756154179573,-0.00452074920758605,180.3397795994078,-0.00022437869586156012,0.0030085354144588888
456.90000680834055,0.4083370864391327,-0.03246504068374634,9.810361862182617,2.8412381652742624e-05,-0.000247972144279629,-0.0035570089239627123,180.31775906952367,-0.00023078576829504982,0.003008503065458789
457.00000680983067,-0.7160407304763794,-0.0013312697410583496,9.810453414916992,4.6188884880393744e-05,0.0008976776152849197,-0.001992381876334548,180.3032654081049,-0.00023712862247293742,0.0030084715388908954
457.1000068113208,-1.8017733097076416,-0.07466042041778564,9.809761047363281,-0.0002269610413350165,0.0009181945351883769,-0.009727341122925282,180.2631995184336,-0.00024330990298437882,0.003008447414212855
457.2000068128109,-2.1886112689971924,-0.06688952445983887,9.809117317199707,6.455318361986428e-05,0.00021256651962175965,-0.006448409054428339,180.2211801946597,-0.0002492948621011237,0.003008429868992462
457.300006814301,-1.8056310415267944,-0.006613731384277344,9.809060096740723,4.781730240210891e-05,-0.000820911256596446,-0.00414400827139616,180.1928212492258,-0.0002551179391190317,0.003008413146204275
457.40000681579113,-0.8381949663162231,-0.022578716278076172,9.809396743774414,2.4344888515770435e-05,-0.001669974299147725,-0.0028647256549447775,180.17472124792525,-0.0002608659520717538,0.0030083991648567746
457.50000681728125,0.13381147384643555,-0.002966955304145813,9.809869766235352,2.0384439267218113e-05,-0.0015887165209278464,-0.0018651395803317428,180.16313724709292,-0.0002666260959074407,0.003008385183509274
457.60000681877136,0.3277101516723633,0.006553143262863159,9.810269355773926,-2.357293851673603e-06,-0.000586970301810652,-0.001748669077642262,180.15324713317474,-0.00027241571022784683,0.0030083709280177046
457.7000068202615,-0.4158415198326111,-0.011388838291168213,9.810327529907227,5.447876174002886e-05,0.0004862934001721442,0.00035814251168631017,180.15066532166847,-0.00027816804094982217,0.0030083572208142724
457.8000068217516,-1.417810320854187,0.01110827922821045,9.810029029846191,-4.193501081317663e-05,0.0007751847733743489,-0.001157137332484126,180.14804252902718,-0.000283793168819102,0.003008342965322703
457.9000068232417,-1.9307620525360107,-0.03573465347290039,9.809368133544922,-7.972269668243825e-05,0.00026283145416527987,-0.003755849087610841,180.13271558452968,-0.0002892451233265092,0.003008332547848095
458.0000068247318,-1.7097266912460327,-0.03671455383300781,9.809179306030273,1.462356885895133e-05,-0.00063419429352507,-0.002736989175900817,180.113645696367,-0.0002945437798871353,0.00300832542010231
458.10000682622194,-0.8958134055137634,0.0016015172004699707,9.809471130371094,3.573461435735226e-05,-0.0015036968979984522,-0.001078888075426221,180.10468448817596,-0.00029976218075944416,0.003008318566500594
458.20000682771206,0.07041717320680618,0.0023365020751953125,9.809793472290039,-1.2227799743413925e-05,-0.0016011876286938787,-0.0013368208892643452,180.09891980851646,-0.0003049869897466806,0.00300831143875481
458.3000068292022,0.3855880796909332,-0.003145933151245117,9.810171127319336,5.688052624464035e-06,-0.0007062448421493173,-0.0008831873419694602,180.09279995902014,-0.00031024651224242916,0.003008304585153094
458.4000068306923,-0.2731139361858368,0.005389183759689331,9.810392379760742,-6.0073507484048605e-06,0.00039068787009455264,-0.0009536637808196247,180.0862429774169,-0.0003154815331356531,0.0030082971832632406
458.5000068321824,-1.2848105430603027,-0.008048415184020996,9.810084342956543,2.822611713781953e-05,0.0007494124583899975,0.00019152561435475945,180.08848327946467,-0.0003206012764138677,0.0030082903296615245
458.6000068336725,-1.8435851335525513,0.012801289558410645,9.809441566467285,-5.523033905774355e-06,0.0002861097455024719,3.055956767639145e-05,180.0862429774169,-0.00032555564229141964,0.00300828320191574
458.70000683516264,-1.6801643371582031,-0.012678861618041992,9.809240341186523,-4.803371848538518e-05,-0.0005811845185235143,-0.0015282327076420188,180.08157112802462,-0.00033035936598935223,0.00300827717074623
458.80000683665276,-0.8848193287849426,-0.023947060108184814,9.80946159362793,-9.585404768586159e-06,-0.001540058059617877,-0.001634906860999763,180.07133950464794,-0.00033508379353008877,0.0030082733327292687
458.9000068381429,0.18747317790985107,-0.002749308943748474,9.809755325317383,4.655448719859123e-06,-0.0017705049831420183,-0.0012065039481967688,180.06561580612347,-0.00033982514948149856,0.0030082697688563766
459.000006839633,0.6209300756454468,0.011834323406219482,9.810149192810059,3.559031756594777e-05,-0.0007837695302441716,0.00031293576466850936,180.06561580612347,-0.000344622327986599,0.003008264834263141
459.1000068411231,-0.17289187014102936,-0.004842445254325867,9.810491561889648,-3.9256876334547997e-05,0.0005050338804721832,-0.001051619416102767,180.05935935284376,-0.00034940394883165027,0.003008260722102111
459.2000068426132,-1.2796618938446045,-0.011294960975646973,9.810074806213379,2.168235369026661e-07,0.0007720340508967638,-0.000890817551407963,180.05235157875532,-0.00035407077186278,0.0030082574323732876
459.30000684410334,-1.5892373323440552,0.009023070335388184,9.805272102355957,3.3867196179926395e-05,-0.001842342084273696,0.00022861454635858536,180.0559579186371,-0.00035859503995538944,0.0030082535943563265
459.40000684559345,-0.31648972630500793,-0.007184356451034546,9.801827430725098,-5.5237323977053165e-06,-0.0006455918191932142,9.495630365563557e-06,180.0559579186371,-0.000363091002682836,0.003008250304627503
459.50000684708357,-0.194503515958786,0.00519987940788269,9.807235717773438,-1.1288575478829443e-06,-7.252244540723041e-05,8.475631716464704e-07,180.0559579186371,-0.00036756955726957585,0.0030082470148986794
459.6000068485737,-0.7817359566688538,0.0007535219192504883,9.827777862548828,-3.712484613060951e-07,0.0006322271074168384,1.416051873093238e-06,180.0559579186371,-0.00037197806803135336,0.003008243451025787
459.7000068500638,-1.2409474849700928,0.03140592575073242,9.811476707458496,2.657770528458059e-05,0.0002805864787660539,0.0014896489446982741,180.06256954175365,-0.0003762752420328752,0.0030082371457122083
459.8000068515539,-0.8398812413215637,0.008558988571166992,9.808198928833008,-1.5860190615057945e-05,-0.0005118391127325594,0.0010944392997771502,180.06853912708823,-0.0003804971292282744,0.0030082300179664237
459.90000685304403,-0.20929378271102905,0.005322247743606567,9.8084135055542,-2.611952368170023e-06,-0.0005660835304297507,0.0010815851856023073,180.07662607106553,-0.0003847003060997167,0.0030082226160765705
460.00000685453415,-0.2644621431827545,-0.024677366018295288,9.809280395507812,-2.845813287422061e-05,0.00016453719581477344,-0.00039106784970499575,180.07662607106553,-0.0003888798380131675,0.003008217407339266
460.10000685602427,-0.8595046997070312,0.01879739761352539,9.809623718261719,4.1958410292863846e-05,0.0005533466464839876,0.0017285681096836925,180.08157112802462,-0.00039298226693063043,0.0030082108278816186
460.2000068575144,-1.065798044204712,-0.003509521484375,9.809510231018066,-4.321732558310032e-05,5.869818414794281e-05,-0.0009321683319285512,180.08157112802462,-0.00039698912237895456,0.00300820452256804
460.3000068590045,-0.5798676609992981,0.008432924747467041,9.80958366394043,3.969133831560612e-05,-0.0005307059618644416,-0.0017474718624725938,180.0862429774169,-0.0004009440275041243,0.0030081973948222554
460.4000068604946,-0.18475422263145447,0.0028212368488311768,9.80992317199707,-1.3237411621958017e-05,-0.0002796864428091794,-0.0034971097484230995,180.09279995902014,-0.00040488241546654535,0.0030081905412205393
460.50000686198473,-0.46545496582984924,-0.0016477704048156738,9.810067176818848,1.7010723240673542e-05,0.00034031979157589376,-0.003497220342978835,180.0969253932788,-0.00040877906499758865,0.0030081834134747546
460.60000686347485,-0.9177117347717285,0.001528620719909668,9.809999465942383,-2.8787850169464946e-05,0.00035540756653063,-0.0061399019323289394,180.0969253932788,-0.00041259343703359264,0.00300817628572897
460.70000686496496,-0.8343474864959717,0.0013950467109680176,9.809733390808105,2.2580352379009128e-05,-0.0001931612059706822,-0.005970390513539314,180.0969253932788,-0.00041633296771692585,0.0030081694321272543
460.8000068664551,-0.14941275119781494,0.9171486496925354,9.80935001373291,0.0016875914297997952,-0.0015727285062894225,0.0759381577372551,180.44057953117883,-0.0004200585170792692,0.003008080609449015
460.9000068679452,2.0321006774902344,1.908477783203125,9.80731201171875,0.002477716188877821,-0.0031695424113422632,0.19150161743164062,181.34887174738546,-0.0004239624314266166,0.0030078166087109145
461.0000068694353,4.240355968475342,0.6331477165222168,9.807206153869629,-0.001478281570598483,-0.003037495771422982,0.13423164188861847,182.1687266742188,-0.00042824435617205836,0.003007481878803105
461.1000068709254,4.756773471832275,0.14087820053100586,9.838103294372559,-0.001535859308205545,0.001537082134746015,0.11029388755559921,182.84324883589255,-0.00043295182106817265,0.0030071139774629904
461.20000687241554,1.7743949890136719,2.130458116531372,9.775602340698242,0.007373026572167873,0.0016567553393542767,0.33631548285484314,184.2230016897485,-0.00043780372558899217,0.0030065443060883564
461.30000687390566,2.7070982456207275,2.6587586402893066,9.79958724975586,-0.001651839236728847,-0.0005938697140663862,0.3017108142375946,186.01693721487402,-0.0004428719983167184,0.00300571310127224
461.4000068753958,4.214848518371582,3.574131965637207,9.799545288085938,0.008136505261063576,0.0006336979568004608,0.5621305108070374,188.5905115129998,-0.0004482663654243879,0.003004509882954979
461.5000068768859,4.746568202972412,3.9995155334472656,9.798940658569336,-0.001929393270984292,0.00019712140783667564,0.4895205795764923,191.57503097272857,-0.00045400598270362025,0.003002871049712649
461.600006878376,4.68357515335083,4.897809982299805,9.790277481079102,0.011222878471016884,0.0027983924373984337,0.7869697213172913,195.32917614813437,-0.00046003506187730636,0.0030006995545449515
461.7000068798661,4.565317153930664,7.741982936859131,9.773555755615234,0.005045448429882526,0.0038594400975853205,0.902409553527832,200.28647280621627,-0.00046620820374698724,0.0029977377020273654
461.80000688135624,4.2599287033081055,7.354799747467041,9.772552490234375,0.0019338848069310188,0.006440977565944195,0.9700816869735718,205.75709916155964,-0.000472440046706879,0.0029940183894481263
461.90000688284636,1.4194355010986328,8.930636405944824,9.759757041931152,0.005788775160908699,0.011389447376132011,1.1559962034225464,212.020409951218,-0.00047835689815656224,0.002989555872298805
462.00000688433647,-1.5640525817871094,9.729040145874023,9.753376007080078,-0.0018641832284629345,0.01124260202050209,1.1351903676986694,218.67795925976952,-0.00048362114961264524,0.0029845028488256326
462.1000068858266,-3.2583351135253906,10.081853866577148,9.743724822998047,0.00017813825979828835,0.011321831494569778,1.224374532699585,225.61435787137597,-0.00048803771338157276,0.0029790292883511665
462.2000068873167,-2.803666114807129,9.7597017288208,9.746475219726562,-0.0053781140595674515,0.007761734537780285,1.1510939598083496,232.46373987295647,-0.0004916103246159764,0.0029732242876977146
462.3000068888068,-1.6992645263671875,10.51166820526123,9.73412036895752,0.004840076435357332,0.008975330740213394,1.3437650203704834,239.7094231105594,-0.0004942961483180852,0.0029670771552466
462.40000689029694,0.5891542434692383,11.287206649780273,9.729403495788574,-0.003643452189862728,0.006585068069398403,1.3226417303085327,247.37453460471454,-0.0004960723619973351,0.002960493311294142
462.50000689178705,3.21236515045166,7.812995910644531,9.762500762939453,-0.009794102981686592,0.004074901808053255,1.0837538242340088,254.1288267126701,-0.0004972575896147191,0.0029534415034165157
462.60000689327717,3.2498655319213867,4.75304651260376,9.787200927734375,-0.010426193475723267,0.004010914359241724,0.8033473491668701,259.3359443698344,-0.0004980813925641314,0.002946024809783529
462.7000068947673,0.4761066436767578,3.3780038356781006,9.798297882080078,-0.008435153402388096,0.005232195369899273,0.5859581828117371,263.1621070598488,-0.0004986123068135839,0.0029385299850909806
462.8000068962574,-1.9976909160614014,2.3746609687805176,9.803217887878418,-0.007714455481618643,0.003820363897830248,0.3802959620952606,265.77850664407055,-0.000498919656564567,0.0029311985502633413
462.9000068977475,-2.573517084121704,1.4750241041183472,9.805590629577637,-0.005972755141556263,0.0018909574719145894,0.24275632202625275,267.44583778274074,-0.0004990861648366263,0.0029240916394279184
463.00000689923763,-2.0500245094299316,1.014375925064087,9.807221412658691,-0.004403618164360523,4.478185292100534e-05,0.1623765230178833,268.5368922007586,-0.0004991580933619844,0.0029171664861100035
463.10000690072775,-0.5609609484672546,0.6941434144973755,9.808433532714844,-0.0030782443936914206,-0.001853687223047018,0.11303012073040009,269.28059051834623,-0.000499167928282418,0.002910290404580375
463.20000690221786,1.468695878982544,0.4864889979362488,9.80915355682373,-0.0021514310501515865,-0.0024311644956469536,0.08055821806192398,269.8028541030421,-0.0004991350995453558,0.0029032821856096623
463.300006903708,2.438417434692383,0.3337855041027069,9.809401512145996,-0.0015576035948470235,-0.0008889264427125454,0.057702429592609406,270.1764654506418,-0.0004990721149482624,0.0028960557479603124
463.4000069051981,1.3841363191604614,0.23350954055786133,9.810400009155273,-0.0011315600713714957,0.001408358570188284,0.04068365693092346,270.4430887150824,-0.0004989875072141103,0.002888705123047868
463.5000069066882,-0.5712255835533142,-0.19660811126232147,9.810712814331055,-0.0016049742698669434,0.0025484012439846992,-0.006989081855863333,270.48699317106724,-0.0004989210958115109,0.0028814054889321913
463.60000690817833,-1.8476847410202026,-0.13647401332855225,9.80974006652832,-0.00028165520052425563,0.0019629106391221285,-0.0036456112284213305,270.4598090181706,-0.0004988682888296125,0.0028742717119780415
463.70000690966845,-1.7872883081436157,0.018726086243987083,9.809176445007324,-0.00018910679500550032,0.00045355429756455123,-0.0013339678989723325,270.4479244890148,-0.0004988151391387419,0.002867298309304046
463.80000691115856,-0.601517379283905,0.013080406934022903,9.809306144714355,-0.00011494145292090252,-0.0012102930340915918,0.00017453625332564116,270.44631256437066,-0.0004987612698243993,0.0028603789130115724
463.9000069126487,1.0630120038986206,0.01808829978108406,9.80953311920166,-5.760795102105476e-05,-0.0018395244842395186,0.0014741464983671904,270.45248705538035,-0.0004987049674980426,0.002853363840439144
464.0000069141388,1.9318864345550537,-0.01756327971816063,9.809700965881348,-0.00012481032172217965,-0.0007374892593361437,-0.0016486693639308214,270.4484435833917,-0.0004986489393132842,0.0028461755088153348
464.1000069156289,1.2083652019500732,-0.17547622323036194,9.810359001159668,-0.0003804090083576739,0.0010749698849394917,-0.016824975609779358,270.37740961602356,-0.0004986079204911675,0.002838878616140344
464.200006917119,-0.32251524925231934,-0.11129264533519745,9.810521125793457,0.00013445824151858687,0.002073636744171381,-0.010508714243769646,270.30484568628134,-0.0004985769764829229,0.0028316110568806976
464.30000691860914,-1.3961313962936401,-0.017018277198076248,9.80993938446045,0.00011982494470430538,0.001677934778854251,-0.005488263443112373,270.26386455126124,-0.0004985480885579818,0.0028244685073163514
464.40000692009926,-1.406865119934082,-0.016262151300907135,9.80942153930664,5.689046156476252e-05,0.0004905009409412742,-0.0038193862419575453,270.2386201720889,-0.0004985212567021335,0.0028174520640235796
464.5000069215894,-0.508812665939331,-0.015700237825512886,9.809466361999512,5.377057823352516e-05,-0.0008051631739363074,-0.002422999357804656,270.2220364727841,-0.0004984958983840215,0.0028104814027902704
464.6000069230795,0.7526264190673828,-0.016007566824555397,9.80964469909668,1.9202070689061657e-05,-0.0012868582271039486,-0.0023755377624183893,270.2081848491473,-0.0004984717737102073,0.002803443027972007
464.7000069245696,1.3938734531402588,-0.006813113112002611,9.809910774230957,4.8138561396626756e-05,-0.0005006016581319273,-0.0010328034404665232,270.1998246976032,-0.000498447786085876,0.002796279917602513
464.8000069260597,0.9037373065948486,-0.07546567171812057,9.810264587402344,-0.0001510947768110782,0.0008102752035483718,-0.008107678964734077,270.1651819781329,-0.000498430309406217,0.002789035386444633
464.90000692754984,-0.19215400516986847,-0.05358245223760605,9.810418128967285,8.333275036420673e-05,0.001551451743580401,-0.005003572907298803,270.13048461714925,-0.0004984176645024263,0.0027818081263630764
465.00000692903996,-0.9757055640220642,-0.010191215202212334,9.809980392456055,5.969022822682746e-05,0.0012916065752506256,-0.002970044733956456,270.10952959677564,-0.0004984061161934505,0.0027746685923834852
465.10000693053007,-0.9862380027770996,-0.008464730344712734,9.809614181518555,3.8451147702289745e-05,0.0004316082922741771,-0.0019000503234565258,270.0965522373526,-0.0004983954245716404,0.002767617332793996
465.2000069320202,-0.3358752131462097,-0.019650448113679886,9.809648513793945,1.2567820704134647e-06,-0.000470577331725508,-0.00246710074134171,270.08321970809277,-0.0004983865834304879,0.002760596503196126
465.3000069335103,0.5051316022872925,0.0067774588242173195,9.809798240661621,7.769008516333997e-05,-0.000760413589887321,0.00039863065467216074,270.0804329909114,-0.0004983770226516526,0.0027535301656828617
465.4000069350004,0.9183821678161621,-0.02498689666390419,9.810011863708496,-7.376416760962456e-05,-0.0002229441743111238,-0.00317392242141068,270.06832989570216,-0.000498369620757444,0.0027463813108049365
465.50000693649054,0.5809162259101868,-0.032535240054130554,9.810169219970703,1.6119356587296352e-05,0.0006330627365969121,-0.002864931710064411,270.0511178189937,-0.0004983650973713338,0.00273918036855397
465.60000693798065,-0.1296958178281784,-0.0030965188052505255,9.810277938842773,5.039422831032425e-05,0.001108295633457601,-0.0010259337723255157,270.04188340323583,-0.0004983607796305023,0.0027319912144979546
465.70000693947077,-0.622941792011261,-0.004681989084929228,9.809982299804688,3.2223406378761865e-06,0.0009322144323959947,-0.0011958748800680041,270.0352171386059,-0.0004983570101444457,0.0027248579858319424
465.8000069409609,-0.6257666945457458,0.0022407695651054382,9.80982494354248,3.879706855514087e-05,0.00035788328386843204,0.0001944017712958157,270.0338784215286,-0.000498353035055743,0.0027177806825559323
465.900006942451,-0.1880037635564804,0.005112449638545513,9.8097562789917,9.766653192855301e-07,-0.0002054857468465343,3.335180372232571e-05,270.0343701951488,-0.0004983485802085852,0.0027107206503562465
466.0000069439411,0.33258897066116333,-0.022734055295586586,9.809908866882324,-4.3329462641850114e-05,-0.0003500885795801878,-0.002025533700361848,270.0262286096582,-0.0004983461471681494,0.002703630188164942
466.10000694543123,0.5555587410926819,-0.018981166183948517,9.80998706817627,8.021793291845825e-06,8.665423933962302e-08,-0.001808687811717391,270.0153549484995,-0.0004983454275588883,0.002696490380041282
466.20000694692135,0.33056527376174927,0.007429217919707298,9.81015682220459,5.167087510926649e-05,0.0005147097399458289,0.00026382264331914485,270.0131966087218,-0.0004983440225601043,0.0026893204160700714
466.30000694841146,-0.08982817083597183,0.004401981830596924,9.810138702392578,-4.762434855365427e-07,0.0007841738406568766,4.696317409980111e-05,270.01385230688214,-0.0004983422406326099,0.002682158950564989
466.4000069499016,-0.3852721154689789,-0.0005258268211036921,9.810029029846191,3.3521439490868943e-06,0.0006640616338700056,9.245058208762202e-06,270.0139889106655,-0.0004983404929674862,0.002675032027212555
466.5000069513917,-0.36044397950172424,9.324441634817049e-05,9.809866905212402,1.972332256627851e-06,0.00030516943661496043,2.2038054794393247e-06,270.0140162314222,-0.00049833871101157,0.002667937178716152
466.6000069528818,-0.08526629209518433,0.0006562322378158569,9.809881210327148,1.088900035028928e-06,-1.5457071640412323e-05,7.375055588454416e-07,270.0140162314222,-0.0004983369633464463,0.00266085028039774
466.70000695437193,0.20508308708667755,-0.01570514589548111,9.809920310974121,-3.2089079468278214e-05,-7.313426613109186e-05,-0.0014338312903419137,270.00819691024935,-0.0004983365178787835,0.00265374474028266
466.80000695586205,0.3203394114971161,0.002470015548169613,9.810028076171875,3.584028672776185e-05,0.000141855314723216,0.0001605442666914314,270.0063117780384,-0.000498335969581376,0.0026466106891844415
466.90000695735216,0.1778218150138855,0.001864650403149426,9.810091972351074,-2.2431188426708104e-06,0.0004346510686445981,2.8316750103840604e-05,270.00672158938863,-0.0004983351128799995,0.002639460463586173
467.0000069588423,-0.0649121105670929,0.0012681209482252598,9.810098648071289,8.129075581564393e-07,0.0005784744862467051,5.586862243944779e-06,270.006776230902,-0.0004983342561928339,0.002632316269157415
467.1000069603324,-0.2301613837480545,-0.021331224590539932,9.80998706817627,-4.552673999569379e-05,0.0004976464551873505,-0.002015309873968363,269.99860732465464,-0.0004983352499579041,0.0026251923613897364
467.2000069618225,-0.19775089621543884,0.0012411694042384624,9.809937477111816,5.2016854169778526e-05,0.00028430120437406003,0.00022358026762958616,269.9959298905,-0.0004983361409358622,0.0026180865471305877
467.3000069633126,-0.0401361808180809,0.005633001681417227,9.809941291809082,-4.254753093846375e-06,0.0001060193608282134,3.847997868433595e-05,269.9965036263903,-0.0004983365178787835,0.0026109842967443316
467.40000696480274,0.13006776571273804,1.3020183359913062e-05,9.809941291809082,1.1898427487722074e-07,8.59808424138464e-05,6.765207672287943e-06,269.99655826790365,-0.0004983369633464463,0.0026038702581631236
467.50000696629286,0.18021012842655182,-0.021290095522999763,9.810035705566406,-4.556565181701444e-05,0.00021665888198185712,-0.002026973059400916,269.98836204089963,-0.0004983392593089775,0.0025967400450818664
467.600006967783,0.09518543630838394,0.001903938944451511,9.810047149658203,5.2792638598475605e-05,0.0003816962125711143,0.00022388824436347932,269.98571192750165,-0.0004983413496546518,0.0025896016076785494
467.7000069692731,-0.0449545681476593,0.005624646320939064,9.810049057006836,-2.413703668935341e-06,0.00045796026824973524,3.939270754926838e-05,269.98625834263527,-0.0004983430287950341,0.002582467008292194
467.8000069707632,-0.137593612074852,-0.0019025409128516912,9.810009002685547,3.129217134301143e-07,0.00040436218841932714,7.2381931204290595e-06,269.9863403049053,-0.0004983448107225286,0.002575344471244858
467.9000069722533,-0.11013597249984741,0.0006092762923799455,9.809968948364258,6.645676080552221e-07,0.0002789798309095204,1.5151541674640612e-06,269.986367625662,-0.0004983465926642339,0.0025682320775280622
468.00000697374344,-0.017567768692970276,-0.000618713500443846,9.809922218322754,6.297140657807176e-07,0.00018131562683265656,6.135182957223151e-07,269.986367625662,-0.0004983483403435685,0.0025611213286756782
468.10000697523355,0.08505245298147202,0.0006556750158779323,9.810019493103027,-1.4604148645958048e-07,0.0001756673736963421,1.697317060234127e-07,269.986367625662,-0.0004983500880086922,0.0025540026296453034
468.20000697672367,0.10012742877006531,3.4244432754348963e-05,9.810018539428711,2.503242342299927e-07,0.00025467874365858734,2.2496499241242418e-07,269.986367625662,-0.0004983518356738159,0.002546875432148801
468.3000069782138,0.04762745648622513,2.1752548491349444e-05,9.810068130493164,-1.2479949873522855e-07,0.00034896330907940865,3.6765771938007674e-07,269.986367625662,-0.0004983535833389396,0.0025397435742031318
468.4000069797039,-0.02747177891433239,-0.0006210930296219885,9.80991268157959,-4.4204884375176334e-07,0.00038761532050557435,6.699124242004473e-07,269.986367625662,-0.0004983553652664341,0.002532614457698149
468.500006981194,-0.08255235850811005,0.0006158198812045157,9.81005859375,-2.490911867880641e-07,0.0003529116220306605,4.358378191682277e-07,269.986367625662,-0.0004983571129315578,0.0025254924689389504
468.60000698268414,-0.0600731335580349,-3.826312422461342e-06,9.809951782226562,-8.771392856488092e-08,0.00027995137497782707,4.937871267429728e-07,269.986367625662,-0.0004983588605966816,0.002518375963061125
468.70000698417425,-0.002526124706491828,9.855408279690892e-06,9.810019493103027,-9.211627371996656e-08,0.00022600781812798232,5.002777356821753e-07,269.986367625662,-0.0004983606082618053,0.002511259731327368
468.80000698566437,0.04753989726305008,-0.0006032473174855113,9.80997085571289,1.7881959024634853e-08,0.00022720028937328607,2.3015218175714836e-07,269.986367625662,-0.0004983623559411399,0.002504139113288513
468.9000069871545,0.05758052319288254,0.0006491317180916667,9.810019493103027,-9.276600394514389e-07,0.00027432586648501456,3.3172591429320164e-07,269.986367625662,-0.0004983641378828452,0.002497013560656422
469.0000069886446,0.025080682709813118,1.639883703319356e-05,9.810049057006836,8.935809319154941e-07,0.000326896901242435,4.988993396182195e-07,269.986367625662,-0.0004983658855479689,0.0024898858148717827
469.1000069901347,-0.0174834206700325,0.01569574885070324,9.809951782226562,3.372391074663028e-05,0.00034719143877737224,0.0014302226481959224,269.99215962607815,-0.0004983662282427304,0.002482759439807486
469.20000699162483,-0.050025857985019684,-0.0024947531055659056,9.810019493103027,-3.663160532596521e-05,0.00032456472399644554,-0.0001573551562614739,269.9940447582891,-0.0004983667422493454,0.002475637451048288
469.30000699311495,-0.03003622777760029,-0.003117875661700964,9.809990882873535,2.123283593391534e-06,0.0002823745599016547,-2.6982632334693335e-05,269.9936622676956,-0.0004983675989507219,0.0024685184778738445
469.40000699460506,-5.225121640251018e-06,1.0450242371007334e-05,9.8100004196167,-5.927760753365874e-07,0.00025299761909991503,-4.260596597305266e-06,269.9936076261822,-0.0004983684556663093,0.0024613992305553326
469.5000069960952,0.03003164380788803,-0.0006111916736699641,9.80997085571289,-3.352896271735517e-07,0.00025555913452990353,-2.844986966010765e-07,269.9936076261822,-0.0004983693466158456,0.002454277515940203
469.6000069975853,0.03255262225866318,1.4107616152614355e-05,9.810029983520508,5.786887982139888e-07,0.00028383685275912285,3.40640724516561e-07,269.99355298466884,-0.0004983702033030113,0.002447152785740318
469.7000069990754,0.012552553787827492,0.0006368569447658956,9.810029983520508,-9.592313290340826e-07,0.0003134331782348454,3.406163102681603e-07,269.99355298466884,-0.0004983710942809694,0.00244002668482009
469.80000700056553,-0.014984726905822754,-0.0006162378122098744,9.809942245483398,1.0497849700641382e-07,0.0003231045266147703,3.8690967585353064e-07,269.99355298466884,-0.0004983719852589275,0.0024329022287642743
469.90000700205564,-0.030010519549250603,0.0006320742540992796,9.810049057006836,7.115639846233535e-07,0.0003093831764999777,5.528671067622781e-07,269.99355298466884,-0.0004983728419460931,0.002425780240005076
470.00000700354576,-0.01251037884503603,-0.0006159563781693578,9.809990882873535,1.5374759243513836e-07,0.00028439334710128605,5.8941580505234015e-08,269.99355298466884,-0.0004983737329240512,0.002418659621966221
470.1000070050359,-1.0450172339915298e-05,1.0450171430420596e-05,9.809931755065918,2.804191865379835e-07,0.0002691136614885181,3.8312606420731754e-07,269.99355298466884,-0.0004983745896112168,0.0024115390039273657
470.200007006526,0.0175255686044693,0.015073352493345737,9.810088157653809,3.3139822335215285e-05,0.00027189127285964787,0.0014310048427432775,269.9993723058417,-0.0004983741784201356,0.00240441646688003
470.3000070080161,0.020037442445755005,0.0006350045441649854,9.809961318969727,-3.675904736155644e-05,0.00028860324528068304,-0.00015774116036482155,270.0012847588093,-0.0004983736986616805,0.002397292559112351
470.4000070095062,0.0025303158909082413,-0.005614587105810642,9.810019493103027,2.8196504899824504e-06,0.00030539650470018387,-2.689279972400982e-05,270.0009022682158,-0.0004983736986616805,0.002390168377200604
470.50000701099634,-0.007469592150300741,1.056831024470739e-05,9.810049057006836,4.022244013413001e-07,0.0003093021223321557,-4.138634267292218e-06,270.0009022682158,-0.0004983736986616805,0.002383044469432925
470.60000701248646,-0.014999999664723873,1.066114054992795e-05,9.809903144836426,3.831150081623491e-07,0.00030091387452557683,-3.799286218963971e-07,270.00082030594575,-0.0004983736986616805,0.002375922206529658
470.7000070139766,-0.017500000074505806,1.0696453500713687e-05,9.810039520263672,-4.641463817733893e-07,0.00028680695686489344,4.060395895066904e-07,270.00082030594575,-0.0004983736986616805,0.0023688015884908028
470.8000070154667,0.007499999832361937,1.034471279126592e-05,9.80997085571289,-1.768124889167666e-06,0.00027860768022947013,4.92230697091145e-07,270.00082030594575,-0.0004983736986616805,0.002361680148019742
470.9000070169568,0.012522218748927116,1.0274452506564558e-05,9.810039520263672,7.482272934566936e-08,0.00028067862149327993,3.10863185859489e-07,270.00082030594575,-0.0004983736986616805,0.002354557610972406
471.0000070184469,0.010022219270467758,1.0309557183063589e-05,9.809981346130371,-1.1932135066672345e-06,0.0002909402537625283,2.6840697842089867e-07,270.00082030594575,-0.0004983736986616805,0.0023474342514928645
471.10000701993704,0.010022219270467758,1.0309597200830467e-05,9.810019493103027,-6.780217063351301e-07,0.0003001992590725422,8.444721544265121e-08,270.00082030594575,-0.0004983736986616805,0.0023403100695811173
471.20000702142715,-0.01747778244316578,1.0696431672840845e-05,9.810019493103027,-7.290201438081567e-07,0.00030261609936133027,1.6677657299624116e-07,270.00082030594575,-0.0004983736986616805,0.002333187258389713
471.30000702291727,-0.0024929470382630825,-0.013799470849335194,9.809961318969727,-3.182104410370812e-05,0.0002970255445688963,-0.0014298236928880215,269.9949736640162,-0.0004983748980436076,0.0023260647213423774
471.4000070244074,8.755851013120264e-06,-0.013176456093788147,9.810009956359863,4.555059604172129e-06,0.00028861608006991446,-0.0012720765080302954,269.9873238521458,-0.0004983773310698325,0.002318942184295042
471.5000070258975,1.0457014468556736e-05,0.005005223210901022,9.809981346130371,3.469594958005473e-05,0.00028416048735380173,0.00018565011851023883,269.9858212105284,-0.0004983792500752315,0.002311819647247706
471.6000070273876,-0.002482036827132106,0.003129624994471669,9.810039520263672,-1.3454368854581844e-06,0.00028550878050737083,3.234082760172896e-05,269.9862856633919,-0.0004983809634637737,0.002304697384344439
471.70000702887774,0.0025190096348524094,-0.0012441753642633557,9.809961318969727,9.413555517312489e-07,0.00029120477847754955,5.893549769098172e-06,269.9862856633919,-0.0004983827796962714,0.0022975748472971037
471.80000703036785,1.856140443123877e-05,0.000630224880296737,9.810039520263672,1.7046027096512262e-06,0.00029714577249251306,1.2601381058630068e-06,269.9862856633919,-0.0004983845273613952,0.0022904523102497683
471.90000703185797,1.886082645796705e-05,-0.0006197746261022985,9.809990882873535,6.221848707355093e-07,0.0002980048884637654,7.198779599093541e-07,269.9862856633919,-0.0004983862750265189,0.0022833299102744667
472.0000070333481,1.856134804256726e-05,0.000630224880296737,9.810009956359863,-2.0755720697707147e-07,0.00029419109341688454,4.793332095687219e-07,269.9862856633919,-0.0004983880227058535,0.002276207373227131
472.1000070348382,1.8711050870479085e-05,5.225111181061948e-06,9.809981346130371,2.6695371957430325e-07,0.000290002761175856,6.053963943486451e-07,269.9862856633919,-0.0004983897703709772,0.0022690848361797957
472.2000070363283,-0.002481288043782115,4.626084319170332e-06,9.809981346130371,1.0167233313040924e-06,0.0002876754442695528,2.2850710479360714e-07,269.9862856633919,-0.0004983915522984717,0.002261962436204494
472.30000703781843,0.00251885992474854,-0.000619175611063838,9.810009956359863,-1.4663327192465658e-06,0.0002887205919250846,3.211266346170305e-07,269.9862856633919,-0.0004983932999635954,0.0022548398991571587
472.40000703930855,1.856134804256726e-05,0.000630224880296737,9.810009956359863,8.777797120274045e-07,0.00029198016272857785,3.635812788616022e-07,269.9862856633919,-0.0004983950476287191,0.0022477174991818575
472.50000704079866,1.8711087250267155e-05,5.225121640251018e-06,9.8100004196167,7.087799644978077e-07,0.00029487640131264925,2.6711143163993256e-07,269.9862856633919,-0.0004983967952938428,0.0022405949621345216
472.6000070422888,1.1894997442141175e-05,0.01569814234972,9.8100004196167,3.209049828001298e-05,0.00029494924820028245,0.001430664910003543,269.99215962607815,-0.0004983971379743934,0.002233472425087186
472.7000070437789,1.1954605724895373e-05,-0.002489549806341529,9.8100004196167,-3.758321327040903e-05,0.0002933772630058229,-0.00015741994138807058,269.9940447582891,-0.0004983976862718009,0.002226350025111885
472.800007045269,1.1971592357440386e-05,-0.002489549806341529,9.8100004196167,2.754586830633343e-06,0.0002903266286011785,-2.6902149329544045e-05,269.9936622676956,-0.000498398508682385,0.0022192274880645495
472.90000704675913,-0.002488166792318225,-0.0012398267863318324,9.809981346130371,-8.210848250200797e-07,0.00028881701291538775,-4.311339125706581e-06,269.9936622676956,-0.0004983993996603431,0.002212105088089248
473.00000704824924,0.002511694561690092,1.0727426342782564e-05,9.810019493103027,-4.47183367668913e-07,0.00029041041852906346,-2.4005572640817263e-07,269.9936622676956,-0.0004984002563759304,0.0022049825510419125
473.10000704973936,1.1625128536252305e-05,0.0006354501820169389,9.809990882873535,1.3569498378274147e-06,0.0002919542894233018,2.2560858781162096e-07,269.9936622676956,-0.0004984011473254668,0.002197860013994577
473.2000070512295,1.6219801182160154e-05,0.013823159039020538,9.810019493103027,3.105587893514894e-05,0.000293860852252692,0.0014307122910395265,269.9993723058417,-0.0004984007018435932,0.0021907376140192754
473.3000070527196,1.4047266631678212e-05,0.0006354504148475826,9.810009956359863,-3.7620826333295554e-05,0.00029360756161622703,-0.00015766840078867972,270.0012847588093,-0.0004984002563759304,0.00218361507697194
473.4000070542097,1.2785168109985534e-05,-0.0049895476549863815,9.809981346130371,1.5059003999340348e-06,0.0002925005683209747,-2.6933186745736748e-05,270.0009022682158,-0.0004984002563759304,0.002176492676996639
473.5000070556998,-0.0024871351197361946,1.048958165483782e-05,9.8100004196167,-4.063864196268696e-07,0.0002906697918660939,-4.234329480823362e-06,270.0009022682158,-0.0004984002563759304,0.0021693701399493033
473.60000705718994,0.002512862905859947,1.041090399667155e-05,9.8100004196167,-2.2402004162813682e-07,0.000290393247269094,-3.0454322086370667e-07,270.0009022682158,-0.0004984002563759304,0.0021622476029019675
473.70000705868006,1.2863845768151805e-05,1.0450222362123895e-05,9.809981346130371,-1.5593113857903518e-06,0.0002911158080678433,3.763195621786508e-08,270.0009022682158,-0.0004984002563759304,0.0021551252029266663
473.8000070601702,1.2863895790360402e-05,1.0450263289385475e-05,9.810019493103027,3.6941152359304397e-08,0.0002921484410762787,3.50211962540925e-07,270.0009022682158,-0.0004984002563759304,0.002148002665879331
473.9000070616603,1.2863871234003454e-05,1.0450243280502036e-05,9.8100004196167,1.0376007963941447e-07,0.000292330514639616,3.450751080436021e-07,270.0009022682158,-0.0004984002563759304,0.0021408802659040292
474.0000070631504,1.2863895790360402e-05,1.0450263289385475e-05,9.810019493103027,-3.105292591953912e-07,0.00029316614381968975,3.656518856587354e-07,270.0009022682158,-0.0004984002563759304,0.0021337577288566938
474.1000070646405,-0.0024871351197361946,1.048956073645968e-05,9.809981346130371,-4.498224370763637e-07,0.0002922293497249484,4.119592063034361e-07,270.0009022682158,-0.0004984002563759304,0.0021266351918093583
474.20000706613064,0.0025152373127639294,-0.013798970729112625,9.8100004196167,-3.25250111927744e-05,0.00029180909041315317,-0.0014300054172053933,269.9949736640162,-0.0004984014900060174,0.0021195127918340567
474.30000706762075,1.5127656297408976e-05,0.0006354500073939562,9.8100004196167,3.6625118809752166e-05,0.00029081435059197247,0.00015853869263082743,269.99311585256197,-0.0004984026893879445,0.0021123902547867212
474.40000706911087,1.4706774891237728e-05,0.004385450389236212,9.8100004196167,-2.8789665975637035e-06,0.000291218952042982,2.77211656793952e-05,269.99349834315547,-0.0004984034775645796,0.00210526785481142
474.500007070601,1.5273615645128302e-05,-0.000614549673628062,9.8100004196167,1.7008730992529308e-06,0.0002916952653322369,4.928426733386004e-06,269.99349834315547,-0.0004984043342659561,0.0020981453177640846
474.6000070720911,1.5273615645128302e-05,-0.000614549673628062,9.8100004196167,1.4749635965927155e-06,0.00029219331918284297,9.858010798780015e-07,269.99349834315547,-0.0004984052252297033,0.0020910227807167487
474.7000070735812,-0.002484797267243266,1.0166823813051451e-05,9.8100004196167,1.621986825739441e-06,0.000292427372187376,4.841435838898178e-07,269.99349834315547,-0.0004984061161934505,0.0020839003807414476
474.80000707507133,0.002518968190997839,-0.01944913901388645,9.8100004196167,-4.454073132365011e-05,0.0002920414844993502,-0.0020221774466335773,269.9854113991782,-0.0004984087890846922,0.002076777843694112
474.90000707656145,1.3844743079971522e-05,0.0006302250549197197,9.8100004196167,5.2192131988704205e-05,0.0002916782395914197,0.0002238444285467267,269.98273396502356,-0.0004984113249406619,0.0020696554437188105
475.00000707805157,1.3192338883527555e-05,0.006885448005050421,9.809981346130371,-2.9162004011595855e-06,0.0002917075762525201,3.892175664077513e-05,269.98325305940045,-0.0004984132782084316,0.002062532906671475
475.1000070795417,1.5933839677018113e-05,-0.0024895486421883106,9.810019493103027,1.6856953379829065e-06,0.0002911349874921143,6.907199804118136e-06,269.98325305940045,-0.000498415471355429,0.0020554103696241396
475.2000070810318,1.520276055089198e-05,1.0450244189996738e-05,9.8100004196167,9.524802635496599e-07,0.00029216945404186845,1.581735887157265e-06,269.9833623424272,-0.0004984176645024263,0.0020482879696488384
475.3000070825219,1.520276055089198e-05,1.0450244189996738e-05,9.8100004196167,1.0736888498286135e-06,0.00029203773010522127,7.018812766546034e-07,269.9833623424272,-0.0004984198576636345,0.0020411654326015025
475.40000708401203,-0.0024878683034330606,0.016317447647452354,9.810019493103027,3.313297565910034e-05,0.0002923222491517663,0.0014310022816061974,269.98918166360005,-0.000498420611563688,0.0020340430326262014
475.50000708550215,0.0025143262464553118,-0.0018641588976606727,9.809981346130371,-3.7314028304535896e-05,0.00029194809030741453,-0.00015739916125312448,269.99103947505427,-0.0004984215025274352,0.002026920495578866
475.60000708699226,1.591726868355181e-05,-0.004364547319710255,9.8100004196167,2.653575847944012e-06,0.00029150399495847523,-2.7186206352780573e-05,269.99065698446077,-0.0004984228047106853,0.00201979795853153
475.7000070884824,1.5304831322282553e-05,-0.0006145495572127402,9.8100004196167,-1.285203666157031e-06,0.0002917839155998081,-4.375438493298134e-06,269.99065698446077,-0.0004984241411563062,0.002012675558556229
475.8000070899725,1.4174131138133816e-05,0.016323141753673553,9.8100004196167,3.320146061014384e-05,0.0002915934892371297,0.0014300114708021283,269.9963943433636,-0.000498424038369194,0.0020055530215088934
475.9000070914626,1.5221683497657068e-05,-0.000609324430115521,9.8100004196167,-3.7339010305004194e-05,0.00029208409250713885,-0.0001576836802996695,269.99827947557446,-0.0004984240040926124,0.001998430621533592
476.0000070929527,-0.0024845858570188284,-0.005614640656858683,9.8100004196167,1.5171076483966317e-06,0.00029220222495496273,-2.7042231522500515e-05,269.9978696642243,-0.0004984244495886969,0.0019913080844862563
476.10000709444284,0.0025152016896754503,1.0543821190367453e-05,9.8100004196167,-5.360317913982726e-07,0.00029198158881627023,-4.177429673291044e-06,269.9978696642243,-0.0004984248608081998,0.001984185547438921
476.20000709593296,1.5202757822407875e-05,1.0450242371007334e-05,9.8100004196167,-9.54616439230449e-07,0.0002918924146797508,-5.39654365638853e-07,269.9978696642243,-0.0004984253062758626,0.0019770631474636197
476.3000070974231,1.5202757822407875e-05,1.0450242371007334e-05,9.8100004196167,-4.2606737338246603e-07,0.0002912960771936923,1.9485024438381515e-07,269.9978696642243,-0.0004984257517577362,0.001969940610416284
476.4000070989132,1.5179333786363713e-05,0.0006354499491862953,9.809981346130371,-7.396864134534553e-07,0.0002918354293797165,2.8618757141885e-07,269.9978696642243,-0.0004984261972538206,0.0019628182104409826
476.5000071004033,1.5226182767946739e-05,-0.0006145494407974184,9.810019493103027,3.1232167430061963e-07,0.00029221735894680023,3.273469815212593e-07,269.9978696642243,-0.0004984266427356943,0.001955695673393647
476.6000071018934,-0.0024847963359206915,1.0356662642152514e-05,9.8100004196167,-1.8379164146153926e-07,0.0002923014690168202,4.1996725030912785e-07,269.9978696642243,-0.0004984270539551972,0.0019485731363463115
476.70000710338354,0.0025152016896754503,1.0543821190367453e-05,9.8100004196167,6.097408800087578e-07,0.0002923120919149369,3.530842036525428e-07,269.9978696642243,-0.0004984274994370708,0.0019414507363710101
476.80000710487366,1.5202757822407875e-05,1.0450242371007334e-05,9.8100004196167,-6.277596185100265e-07,0.0002916152880061418,4.495795451475715e-07,269.9978696642243,-0.0004984279449047335,0.0019343281993236747
476.9000071063638,1.5202757822407875e-05,1.0450242371007334e-05,9.8100004196167,3.1695941515863524e-07,0.0002921035629697144,3.8526553680640063e-07,269.9978696642243,-0.000498428390400818,0.0019272057993483733
477.0000071078539,1.6947715266724117e-05,-0.012549477629363537,9.810019493103027,-3.304211713839322e-05,0.0002923015272244811,-0.0014298920286819339,269.99202302229475,-0.0004984300009880371,0.0019200832623010376
477.100007109344,1.509496541984845e-05,0.0006354501820169389,9.809961318969727,3.765673318412155e-05,0.0002915955556090921,0.00015864436863921583,269.9901378900838,-0.000498431508802355,0.0019129607252537022
477.2000071108341,1.4477845979854465e-05,0.00438544899225235,9.810019493103027,-1.8409048152534524e-06,0.00029272789834067225,2.7752226742450148e-05,269.99052038067737,-0.0004984326053687482,0.0019058383252784008
477.30000711232424,-0.0024843818973749876,-0.0024899630807340145,9.8100004196167,6.906801104378246e-07,0.00029164814623072743,5.001918907510117e-06,269.99052038067737,-0.0004984339418143691,0.0018987157882310653
477.40000711381435,0.002515098312869668,0.0006358642131090164,9.810019493103027,-3.672611228466849e-07,0.00029038230422884226,1.2007677696601604e-06,269.99052038067737,-0.0004984352782599899,0.001891593388255764
477.50000711530447,1.5306290151784196e-05,-0.0006145494990050793,9.809981346130371,7.541086688434007e-07,0.00029169776826165617,5.653086532220186e-07,269.99052038067737,-0.0004984365804574509,0.0018844708512084285
477.6000071167946,1.5099194570211694e-05,0.0006354500073939562,9.8100004196167,1.0065722335639293e-06,0.0002915992517955601,3.453583587997855e-07,269.99052038067737,-0.0004984379169030717,0.0018773483141610928
477.7000071182847,-0.0012347967131063342,1.0243116776109673e-05,9.8100004196167,1.6652596741550951e-06,0.0002915070508606732,4.3155532125638274e-07,269.99052038067737,-0.0004984392190863218,0.0018702259141857914
477.8000071197748,0.0012653057929128408,-0.0006143423961475492,9.8100004196167,2.733864050696866e-07,0.0002920131082646549,3.762403935070324e-07,269.99052038067737,-0.0004984405212695719,0.001863103377138456
477.90000712126493,1.5099209122126922e-05,0.0006354500073939562,9.810009956359863,-1.3348931133805308e-06,0.0002918665122706443,5.151567847860861e-07,269.99052038067737,-0.0004984418577151928,0.0018559809771631546
478.00000712275505,1.530630652268883e-05,-0.0006145494990050793,9.809990882873535,-1.2494828069975483e-06,0.00029186109895817935,5.267161213851068e-07,269.99052038067737,-0.0004984431599126538,0.001848858440115819
478.10000712424517,-0.0012349003227427602,0.0006352428463287652,9.8100004196167,-9.563518688082695e-08,0.0002916903467848897,6.360369297908619e-07,269.99052038067737,-0.0004984444963582746,0.0018417359030684834
478.2000071257353,0.0012653057929128408,-0.0006143423961475492,9.8100004196167,-3.75484461301312e-08,0.00029183831065893173,5.073970328339783e-07,269.99052038067737,-0.0004984457985557356,0.001834613503093182
478.3000071272254,1.5099194570211694e-05,0.0006354500073939562,9.8100004196167,-2.0841078196554008e-08,0.00029191188514232635,6.411736990230565e-07,269.99052038067737,-0.0004984471007389857,0.0018274909660458466
478.4000071287155,-0.0012357463128864765,0.015073069371283054,9.8100004196167,3.3965716284001246e-05,0.00029182067373767495,0.001430839765816927,269.9963943433636,-0.0004984470322000334,0.0018203685660705452
478.50000713020563,0.0012652022996917367,1.0488090993021615e-05,9.8100004196167,-3.755675788852386e-05,0.00029169986373744905,-0.00015768616867717355,269.99827947557446,-0.000498446963675292,0.0018132460290232097
478.60000713169575,1.5413310393341817e-05,-0.005614547058939934,9.8100004196167,1.970297716979985e-06,0.0002922261191997677,-2.682749072846491e-05,269.9978696642243,-0.0004984474091429547,0.001806123491975874
478.70000713318586,-0.0012348202290013433,0.0006354031502269208,9.8100004196167,-7.552934562227165e-07,0.0002917931124102324,-4.246981916367076e-06,269.9978696642243,-0.0004984478546248283,0.001799001092000573
478.800007134676,0.001265225582756102,-0.0006145027582533658,9.8100004196167,-1.4248665820559836e-06,0.00029198743868619204,-2.580489422143728e-07,269.9978696642243,-0.0004984483001067019,0.0017918785549532372
478.9000071361661,1.5202757822407875e-05,1.0450242371007334e-05,9.8100004196167,3.336180895985308e-07,0.00029140914557501674,1.5744780057502794e-07,269.9978696642243,-0.0004984487456027864,0.0017847561549779358
479.0000071376562,-0.0012329649180173874,-0.013174123130738735,9.8100004196167,-3.312783155706711e-05,0.0002921227423939854,-0.0014300462789833546,269.99202302229475,-0.0004984503561900056,0.0017776336179306004
479.1000071391463,0.0012648794800043106,0.0018856656970456243,9.8100004196167,3.678740904433653e-05,0.00029175792587921023,0.0001584502897458151,269.9901378900838,-0.0004984518639901125,0.0017705110808832647
479.20000714063644,1.4581379218725488e-05,0.0037604491226375103,9.8100004196167,-1.235513877873018e-06,0.00029169468325562775,2.785659125947859e-05,269.99052038067737,-0.0004984529605565058,0.0017633886809079635
479.30000714212656,-0.001234382507391274,-0.0024897558614611626,9.8100004196167,-7.887389301686198e-07,0.0002919413964264095,5.188594968785765e-06,269.99052038067737,-0.0004984542970021266,0.0017562661438606279
479.4000071436167,0.0012652022996917367,1.06573697848944e-05,9.8100004196167,9.19474018701294e-07,0.00029149180045351386,1.3218360663813655e-06,269.99052038067737,-0.0004984556334477475,0.0017491437438853265
479.5000071451068,-0.10390692204236984,0.0006183580844663084,9.810076713562012,1.0130139571629115e-06,0.0006784239085391164,9.69021698438155e-07,269.99057502219074,-0.0004984569356594193,0.0017420305277363248
479.6000071465969,-0.6395704746246338,-0.0007197821396403015,9.810112953186035,-6.265271963457053e-07,0.0012318670051172376,2.563548605394317e-06,269.99057502219074,-0.0004984582378426694,0.001734974744769703
479.700007148087,-1.3530794382095337,0.00041444634553045034,9.809836387634277,-5.057227099314332e-07,0.001388938631862402,4.301246008253656e-06,269.99062966370406,-0.0004984595742882902,0.0017280402705534543
479.80000714957714,-1.7439156770706177,-0.00027434068033471704,9.809536933898926,2.046384111054067e-07,0.0009972361149266362,4.61683430330595e-06,269.99062966370406,-0.0004984608764573295,0.0017212621955283649
479.90000715106726,-1.6154483556747437,0.0034967190586030483,9.8092622756958,-4.55264199672456e-07,0.0003356324741616845,3.760731715374277e-06,269.99062966370406,-0.0004984618017118692,0.0017146291427155862
480.0000071525574,-1.1276123523712158,0.0010767178609967232,9.809494972229004,-2.5886674848152325e-07,-0.0002124613238265738,2.4890775875974214e-06,269.99065698446077,-0.0004984626926898272,0.0017080969749200666
480.1000071540475,-0.6044801473617554,-0.0007128047291189432,9.809761047363281,-1.1530935353221139e-06,-0.0003066780336666852,1.7816587387642357e-06,269.99065698446077,-0.0004984635493769929,0.0017016189505781037
480.2000071555376,-0.4065205156803131,-5.559646524488926e-05,9.810006141662598,-4.3748019606937305e-07,7.063073280733079e-05,1.6938402040977962e-06,269.99065698446077,-0.000498464440354951,0.0016951773873972698
480.3000071570277,-0.6402705907821655,0.0005312841385602951,9.810115814208984,-5.063031380814209e-07,0.0005899626412428916,2.0921124814776704e-06,269.99065698446077,-0.000498465331332909,0.001688793257398816
480.40000715851784,-1.0731841325759888,0.011237611062824726,9.809846878051758,2.5125444153673016e-05,0.0008604260510765016,0.0012764588464051485,269.9959845320134,-0.0004984651257018413,0.0016825052148964207
480.50000716000795,-1.3536220788955688,-0.0025470564141869545,9.809712409973145,-3.159227344440296e-05,0.0007383340853266418,-0.00014792221190873533,269.9975691359008,-0.0004984651942265828,0.0016763386182164326
480.60000716149807,-1.326289176940918,-0.004429091699421406,9.809588432312012,1.9037317997572245e-06,0.0003693840408232063,-2.0389328710734844e-05,269.99721396606395,-0.0004984656054460856,0.0016702908629902002
480.7000071629882,-1.0335850715637207,0.0005848004948347807,9.809597969055176,1.0576193290035008e-06,1.3250496522232424e-05,-8.983446946331242e-07,269.9971866453073,-0.0004984660166797994,0.0016643359055312022
480.8000071644783,-0.6844120621681213,-0.0006480701849795878,9.809798240661621,5.762611294812814e-07,-8.17968393675983e-05,1.2988120943191461e-06,269.9971866453073,-0.0004984664621474622,0.001658442082199511
480.9000071659684,-0.5203261971473694,-0.01136154867708683,9.80992603302002,-2.2674244974041358e-05,0.0001422231289325282,-0.0012132830452173948,269.9921323053215,-0.0004984679356851984,0.001652595000431523
481.00000716745853,-0.6477918028831482,0.0024113645777106285,9.81003475189209,3.144655784126371e-05,0.0004964650142937899,0.00016196235083043575,269.99076626748746,-0.0004984691693294963,0.0016468059001340525
481.10000716894865,-0.9280376434326172,0.0036166864447295666,9.809919357299805,-3.0558644539269153e-06,0.0007081122021190822,2.6918072762782685e-05,269.9911214373243,-0.0004984700602932435,0.001641100002561414
481.20000717043877,-1.142089605331421,0.00045986875193193555,9.809757232666016,1.7370322780152492e-07,0.000647831242531538,6.542498795170104e-06,269.99117607883767,-0.00049847091699462,0.0016354966348704468
481.3000071719289,-1.12221097946167,0.01185450330376625,9.809708595275879,1.9539231288945302e-05,0.00038899653009139,0.0011503634741529822,269.99601185277004,-0.000498470711391974,0.0016299937409806364
481.400007173419,-0.9220582246780396,-0.003163423389196396,9.809709548950195,-2.9857628760510124e-05,0.00012811915075872093,-0.00015947071369737387,269.997295928334,-0.0004984707456685555,0.0016245735015275207
481.5000071749091,-0.6617498397827148,-0.004400032106786966,9.809813499450684,4.495375833357684e-06,5.346557009033859e-05,-2.090671296173241e-05,269.99694075849715,-0.0004984711911362183,0.0016192126142652657
481.60000717639923,-0.5339996218681335,-1.8432729120831937e-05,9.809948921203613,3.474746677056828e-07,0.00022012049157638103,-1.3108741541145719e-06,269.99688611698383,-0.0004984716366180919,0.0016138995651429884
481.70000717788935,-0.6352286338806152,-2.3924503693706356e-05,9.809992790222168,3.803123718171264e-07,0.0004912210279144347,1.0840473123607808e-06,269.99688611698383,-0.0004984720821141764,0.0016086432638429196
481.80000717937946,-0.8529168367385864,0.0005892781191505492,9.809924125671387,1.8604737306304742e-06,0.0006524897762574255,2.9079903924866812e-06,269.99688611698383,-0.0004984724933336793,0.0016034635858100355
481.9000071808696,-1.0056465864181519,-0.0006689935689792037,9.809815406799316,1.080796096175618e-06,0.0005975424428470433,3.165291218465427e-06,269.99688611698383,-0.000498472938801342,0.001598374101175734
482.0000071823597,-0.9857197999954224,-4.267429540050216e-05,9.809754371643066,-5.538930736292969e-07,0.00038355120341293514,2.7640962798614055e-06,269.9969134377405,-0.0004984733843116373,0.001593373028003569
482.1000071838498,-0.8055785298347473,-3.276233110227622e-05,9.809762954711914,-2.6020782684099686e-07,0.00017373314767610282,2.6151012662012363e-06,269.99694075849715,-0.0004984738297793001,0.0015884440547214564
482.2000071853399,-0.5890620946884155,-2.1135863789822906e-05,9.809887886047363,5.203054911362415e-07,0.0001280558353755623,1.676135752859409e-06,269.99694075849715,-0.0004984742752611737,0.0015835678541725568
482.30000718683004,-0.5088689923286438,-1.671375139267184e-05,9.809929847717285,-3.336462555125763e-07,0.000289881689241156,2.527511696825968e-06,269.99694075849715,-0.0004984746864664658,0.001578737298611086
482.40000718832016,-0.6113690733909607,0.0006028001080267131,9.810032844543457,-3.4016679251180904e-07,0.0005264460924081504,2.5015588107635267e-06,269.99694075849715,-0.0004984751319767611,0.001573961571863343
482.5000071898103,-0.8040674328804016,-0.0006570254336111248,9.80986213684082,-1.3292738003656268e-06,0.0006463633035309613,2.2261187950789463e-06,269.99696807925386,-0.0004984755774444238,0.001569257807933618
482.6000071913004,-0.9292555451393127,-3.8530906749656424e-05,9.809864044189453,-3.176398308823991e-07,0.0005679542664438486,3.0520493510266533e-06,269.9969954000105,-0.0004984760229262974,0.001564637520872794
482.7000071927905,-0.8767854571342468,-0.008267009630799294,9.80981159210205,-1.1571729373827111e-05,0.00035802004276774824,-0.0009842660510912538,269.9927333619684,-0.0004984771880458538,0.001560095639015601
482.8000071942806,0.3182479739189148,0.003813986200839281,9.808259010314941,2.015276186284609e-05,0.00029565521981567144,0.0002306710957782343,269.9922689091049,-0.0004984780447472303,0.0015555253832473036
482.90000719577074,-0.4408469498157501,0.004960125777870417,9.808370590209961,-6.399636731657665e-06,-0.0004165652790106833,2.4363591364817694e-05,269.9927880034818,-0.0004984784217043625,0.001550994467152856
483.00000719726086,-3.831295967102051,-0.0010919744381681085,9.792763710021973,-3.526743057591375e-07,0.011767460964620113,8.522912139596883e-06,269.99284264499516,-0.0004984788671720253,0.001546807190648449
483.100007198751,-6.318367958068848,-0.0007772619719617069,9.817747116088867,3.771963861254335e-07,-0.0034786469768732786,-8.59247961670917e-07,269.99284264499516,-0.0004984793126538989,0.0015431868440779891
483.2000072002411,1.6933327913284302,0.3644323945045471,9.818777084350586,0.0005492576747201383,-0.005309263244271278,0.02980899251997471,270.1274520131578,-0.0004984467923208058,0.0015394142104774
483.3000072017312,3.9128241539001465,0.08509485423564911,9.808914184570312,-0.0003267666033934802,-0.004523360636085272,0.017325427383184433,270.2385928513322,-0.000498405259492074,0.001535290398324883
483.4000072032213,4.206425189971924,-0.010002557188272476,9.831648826599121,-7.008721877355129e-05,-0.0008945122244767845,0.013452379032969475,270.321784555423,-0.000498362527295626,0.0015307892268618829
483.50000720471144,-4.077210903167725,0.005883043631911278,9.771812438964844,-0.00030476751271635294,0.021851839497685432,-0.018662940710783005,270.25564100350056,-0.0004983209601903127,0.0015266537635864486
483.60000720620155,-23.070255279541016,-0.10153794288635254,9.760404586791992,-0.0002943013678304851,0.0015449634520336986,0.00425537908449769,270.2265990391497,-0.0004982966299138525,0.001524588773389418
483.70000720769167,-2.467176914215088,-0.051795653998851776,9.810469627380371,0.00018889407510869205,-0.01236660871654749,0.009937982074916363,270.2673616081163,-0.0004982779881146371,0.0015227441950235738
483.8000072091818,5.466388702392578,0.019116759300231934,9.81299114227295,0.00016648077871650457,-0.009221303276717663,0.007874027825891972,270.3104737621574,-0.0004982549942837977,0.0015204083504867267
483.9000072106719,6.072220325469971,0.02530478686094284,9.808059692382812,0.00012453479575924575,-0.005680105183273554,0.008775582537055016,270.3580665202941,-0.0004982262776849211,0.0015175275075414232
484.000007212162,6.122410774230957,0.024303600192070007,9.805276870727539,8.664313645567745e-05,-0.002799090463668108,0.0086875194683671,270.40620569356435,-0.0004981915299282491,0.0015140974169545998
484.10000721365213,5.710525035858154,0.022683799266815186,9.804424285888672,6.534692511195317e-05,-0.0012742412509396672,0.008142059668898582,270.4521045647868,-0.0004981507167229893,0.0015101552252475567
484.20000721514225,4.653766632080078,0.018235400319099426,9.806052207946777,3.030102379852906e-05,0.0027209508698433638,0.007140301633626223,270.4941512093174,-0.0004981046605223582,0.0015057959233400779
484.30000721663237,-0.0061821406707167625,0.012728584930300713,9.811469078063965,-7.234681106638163e-06,0.005601136479526758,0.005517709534615278,270.5281382306274,-0.0004980575077411231,0.0015014375809368394
484.4000072181225,-2.9951982498168945,0.005314160138368607,9.810025215148926,-1.0398369340691715e-05,0.0045416089706122875,0.004228590521961451,270.5543115155269,-0.0004980124795821439,0.001497348310936971
484.5000072196126,-3.01755952835083,1.9622950553894043,9.806424140930176,0.007601905148476362,0.0004758434952236712,0.21485203504562378,271.30664319222547,-0.0004977982017351223,0.0014935338703659141
484.6000072211027,0.12701059877872467,3.8928184509277344,9.802111625671387,0.0032574250362813473,-0.002490935381501913,0.36734291911125183,273.12841856840794,-0.0004972354867618378,0.0014897269687567448
484.70000722259283,3.3831653594970703,1.9401447772979736,9.805704116821289,-0.0013113002059981227,-0.0033067273907363415,0.33790892362594604,275.0554061785653,-0.0004964736746586595,0.001485632764163641
484.80000722408295,4.7507829666137695,0.866910457611084,9.833138465881348,2.3071421310305595e-05,-0.0025364637840539217,0.30147209763526917,276.791257774989,-0.0004955850366599179,0.0014811244649548562
484.90000722557306,2.8447444438934326,0.6177978515625,9.787263870239258,0.0007630893378518522,0.0009552089613862336,0.26296132802963257,278.30971811050955,-0.0004946054170886782,0.0014763716292368447
485.0000072270632,2.3630354404449463,0.5947213172912598,9.797652244567871,0.001278044655919075,-0.001933789229951799,0.19299139082431793,279.5903512591303,-0.0004935384141191435,0.0014714189424927947
485.1000072285533,4.512373447418213,0.6899073123931885,9.80627155303955,0.0013607717119157314,-0.0017704262863844633,0.179193377494812,280.7244358689192,-0.0004923357098221004,0.001466079986756031
485.2000072300434,5.683210849761963,2.80470609664917,9.800971984863281,0.009825247339904308,-0.001865303493104875,0.39960363507270813,282.5539703399988,-0.0004907777490785747,0.001460298151276379
485.3000072315335,4.9897308349609375,4.745668888092041,9.795794486999512,0.007752466015517712,0.0015603359788656235,0.568583071231842,285.420272885573,-0.0004886918896573889,0.001454197897461002
485.40000723302364,3.975527763366699,6.47460412979126,9.782491683959961,0.01636592298746109,0.0037505188956856728,0.8503895998001099,289.52931469025265,-0.0004859419162528411,0.0014479549516578979
485.50000723451376,3.2729458808898926,9.69031047821045,9.75670337677002,0.015131247229874134,0.008285047486424446,1.1482110023498535,295.4028948858701,-0.00048228401192318415,0.0014418185108254604
485.6000072360039,1.1696929931640625,11.032150268554688,9.740344047546387,0.01100112497806549,0.012673319317400455,1.326771855354309,302.56680709872967,-0.0004777391830259603,0.0014361244014477735
485.700007237494,-0.8378973007202148,10.127084732055664,9.74593448638916,0.003260387573391199,0.011915232986211777,1.2671735286712646,309.8608207548997,-0.0004725486420369407,0.0014310674028856058
485.8000072389841,-2.8437929153442383,10.845335006713867,9.731559753417969,0.010390779934823513,0.014352768659591675,1.4192900657653809,317.4801699816157,-0.00046689195332305644,0.0014268963008812483
485.9000072404742,-3.9963722229003906,13.147821426391602,9.703373908996582,0.007894083857536316,0.014241322875022888,1.543844223022461,325.9527464394497,-0.00046087473089073683,0.0014238986725627044
486.00000724196434,-1.2294797897338867,11.031317710876465,9.728055953979492,-0.0019476204179227352,0.007022756151854992,1.3514389991760254,334.02835230272257,-0.000454525143041451,0.0014218343677258453
486.10000724345446,2.138978958129883,8.001091957092285,9.757607460021973,-0.0010774512775242329,0.003987446427345276,1.1894176006317139,341.05131673186975,-0.0004477621459528791,0.0014203819524501906
486.2000072449446,3.6030235290527344,6.02042818069458,9.777441024780273,-0.0056629185564816,0.0027519273571670055,0.9298544526100159,346.84678688413896,-0.00044056206040465895,0.0014193778997987965
486.3000072464347,2.082355499267578,4.4866766929626465,9.790380477905273,-0.0032148531172424555,0.004662580322474241,0.7651887536048889,351.4781469150278,-0.000433117952354678,0.001418740651911243
486.4000072479248,-0.7385737895965576,3.352288246154785,9.799420356750488,-0.006261729635298252,0.004085225518792868,0.5242960453033447,354.91542595445844,-0.0004257134924046113,0.0014184064702915708
486.5000072494149,-2.225430965423584,1.972465991973877,9.804311752319336,-0.005184494890272617,0.002306477166712284,0.34180840849876404,357.18345857025287,-0.0004184998709888532,0.0014182567876300934
486.60000725090504,-2.4477033615112305,1.430983543395996,9.805988311767578,-0.003975520841777325,0.0006054677069187164,0.23140934109687805,358.68940599921393,-0.00041150278912027716,0.0014182389682656318
486.70000725239515,-1.5933740139007568,1.0319768190383911,9.807409286499023,-0.002821843372657895,-0.0014130189083516598,0.16441862285137177,359.7375668292441,-0.00040464812508389514,0.001418313535452302
486.80000725388527,0.3557073175907135,0.08283630013465881,9.809313774108887,-0.004088039044290781,-0.003176506608724594,0.05149448290467262,0.23154653447332638,-0.0003977614547494568,0.0014183948191686536
486.9000072553754,2.2440388202667236,-0.011272668838500977,9.80933952331543,-0.0013660169206559658,-0.002646569162607193,0.037396419793367386,0.4673001986711161,-0.0003906733227836412,0.0014184765141011084
487.0000072568655,2.305713176727295,0.21454071998596191,9.809818267822266,-0.0008676525903865695,-0.0003629852435551584,0.03066560998558998,0.6528207830507976,-0.0003833785547158186,0.0014185794551988826
487.1000072583556,0.5537079572677612,0.1396336853504181,9.81076717376709,-0.0006796077941544354,0.001678958535194397,0.021986186504364014,0.7927822447583486,-0.00037603437220923297,0.0014186955552119517
487.20000725984573,-1.3054865598678589,0.08679759502410889,9.810304641723633,-0.0004898689221590757,0.0018669668352231383,0.01467808522284031,0.8891145391211208,-0.0003688075575922767,0.0014188172751784277
487.30000726133585,-2.0220916271209717,0.05467581748962402,9.809380531311035,-0.0003280291275586933,0.000772266008425504,0.009930137544870377,0.9538809541521205,-0.00036176222637607225,0.0014189409141533845
487.40000726282597,-1.4778857231140137,-0.32135915756225586,9.809097290039062,-0.0013836987782269716,-0.0008846923592500389,-0.03099742904305458,0.8538628655976271,-0.0003548489983273839,0.0014190338489926534
487.5000072643161,0.04317012429237366,-0.24758753180503845,9.809409141540527,-3.9371661841869354e-06,-0.0023476711940020323,-0.020704008638858795,0.7187328555933611,-0.0003479315552965545,0.0014191044410903281
487.6000072658062,1.5523208379745483,-0.034000277519226074,9.809610366821289,8.441403042525053e-05,-0.001893484964966774,-0.011587847955524921,0.6370437931200086,-0.00034087474429611575,0.0014191737995396941
487.7000072672963,1.384329080581665,-0.019556522369384766,9.810266494750977,4.817791341338307e-05,0.00017486112483311445,-0.007214631885290146,0.5885064411654881,-0.0003336937117666139,0.0014192426097009228
487.80000726878643,-0.5265125036239624,-0.028933078050613403,9.810832023620605,2.4080858565866947e-05,0.001966392155736685,-0.0053093889728188515,0.5549664770810232,-0.00032655990055729944,0.0014193084042773963
487.90000727027655,-2.240260362625122,-0.018146991729736328,9.809706687927246,4.3926993384957314e-05,0.001747073489241302,-0.003336244262754917,0.5326577452304392,-0.0003196271740080192,0.001419370772053012
488.00000727176666,-2.7044413089752197,-0.1577603816986084,9.808721542358398,-0.00041905627585947514,0.000692367902956903,-0.0171792134642601,0.46097645735588927,-0.00031293689360722965,0.0014194171024006122
488.1000072732568,-2.399397850036621,-0.11189889907836914,9.808552742004395,0.0001098268257919699,-0.00044120632810518146,-0.011330921202898026,0.3866430283709645,-0.00030646171352088913,0.001419451781625295
488.2000072747469,-1.4855517148971558,-0.02028799057006836,9.809074401855469,9.963789489120245e-05,-0.0015822882996872067,-0.006647069938480854,0.34092318280992717,-0.0003001196988918764,0.0014194841306253946
488.300007276237,-0.24458664655685425,-0.011419802904129028,9.809647560119629,5.228712689131498e-05,-0.002009475836530328,-0.004327437374740839,0.3127866720913092,-0.0002937994101870345,0.0014195152459771853
488.4000072777271,0.46701759099960327,-0.02007254958152771,9.810052871704102,1.1189840734004974e-05,-0.0012409420451149344,-0.0037609480787068605,0.2907401554718303,-0.0002874371260617181,0.0014195447164645641
488.50000727921724,0.07141365855932236,0.005836077034473419,9.810443878173828,8.827375859254971e-05,7.554076728411019e-05,-0.0006196111207827926,0.28116017483065275,-0.00028106839953068175,0.00141957473524008
488.60000728070736,-1.0299065113067627,-0.007700443267822266,9.81029987335205,-3.463565371930599e-05,0.0008965908200480044,-0.0020146716851741076,0.2726810019041844,-0.000274792025280135,0.001419603794511356
488.7000072821975,-1.9145301580429077,-0.07354438304901123,9.809521675109863,-0.0001648699981160462,0.0006934729171916842,-0.0075176917016506195,0.23984830924435951,-0.0002686873680062263,0.0014196254518927785
488.8000072836876,-2.055065155029297,-0.04150247573852539,9.809164047241211,5.33044985786546e-05,-0.00011246142094023526,-0.004785075318068266,0.20842000753155243,-0.0002627670383787972,0.0014196427229691028
488.9000072851777,-1.4918824434280396,-0.006494045257568359,9.809176445007324,3.431737422943115e-05,-0.0010823551565408707,-0.00305556901730597,0.1887115900629732,-0.00025698042253452513,0.001419659034541187
489.0000072866678,-0.5189450979232788,-0.004765808582305908,9.809589385986328,1.540500670671463e-05,-0.00165516696870327,-0.002128003165125847,0.1747129706166866,-0.00025124023981959454,0.0014196746607530995
489.10000728815794,0.21155433356761932,-0.009430661797523499,9.809981346130371,4.8442743718624115e-06,-0.0012570165563374758,-0.0016958513297140598,0.16432451969336168,-0.00024548096980936407,0.0014196896016048402
489.20000728964806,0.08073139190673828,0.01228427141904831,9.810297966003418,5.481064727064222e-05,-0.00021224949159659445,0.0003773711796384305,0.16312942335159455,-0.00023971440073466965,0.00141970577610489
489.3000072911382,-0.7666693329811096,-0.004158318042755127,9.810249328613281,-4.2663130443543196e-05,0.0005956654786132276,-0.001177370548248291,0.16071255024161496,-0.00023401660754984732,0.0014197212652447683
489.4000072926283,-1.5899308919906616,-0.018361687660217285,9.809806823730469,-1.3852666597813368e-05,0.0005792122101411223,-0.0015331017784774303,0.15195108506314145,-0.00022846142067578512,0.0014197346983041315
489.5000072941184,-1.8334362506866455,-0.01942157745361328,9.809338569641113,-3.940911847166717e-05,-4.988114960724488e-05,-0.002631044015288353,0.1384764158313889,-0.00022307066882376603,0.00141974607528298
489.6000072956085,-1.422847867012024,-0.0055887699127197266,9.809297561645508,3.0688242986798286e-05,-0.0009120327304117382,-0.0012046168558299541,0.12972151403782092,-0.00021780747967170555,0.0014197566298296228
489.70000729709864,-0.5680492520332336,-4.9173831939697266e-05,9.809574127197266,4.786066710948944e-06,-0.0015364938881248236,-0.0008600792498327792,0.1251145381024341,-0.00021259514421956283,0.001419767047304231
489.80000729858875,0.17488041520118713,-0.011666014790534973,9.809996604919434,-3.137357998639345e-05,-0.0012749616289511323,-0.0018248658161610365,0.11703393072641978,-0.00020736702838064502,0.001419776505274599
489.90000730007887,0.13654957711696625,-0.009050682187080383,9.810212135314941,6.061658496037126e-06,-0.00030661647906526923,-0.00132634153123945,0.1065311808562029,-0.00020212659315177461,0.0014197851408127614
490.000007301569,-0.6480329036712646,0.009967386722564697,9.810285568237305,3.8799713365733624e-05,0.0005093116778880358,0.0002851006283890456,0.1065311808562029,-0.0001969442764817586,0.0014197945987831295
490.1000073030591,-1.4666972160339355,0.0052422285079956055,9.809874534606934,-7.815193384885788e-06,0.0005408900324255228,4.3037387513322756e-05,0.1065311808562029,-0.00019189354897264366,0.0014198041938255318
490.2000073045492,-1.7443183660507202,-0.014410972595214844,9.80939769744873,-3.297780131106265e-05,-3.60024168912787e-05,-0.0010853278217837214,0.10279207250233743,-0.00018699925492171587,0.0014198122810755566
490.30000730603933,-1.3790873289108276,0.0037010908126831055,9.809359550476074,3.2217008993029594e-05,-0.0008892298210412264,0.0001712183584459126,0.10087055485984905,-0.00018222861694994208,0.001419820505397616
490.40000730752945,-0.5102251768112183,0.005918562412261963,9.809575080871582,-5.068606697022915e-06,-0.0016151957679539919,1.964761395356618e-05,0.10279207250233743,-0.00017750364112600892,0.001419829140935778
490.50000730901957,0.3320279121398926,0.001919567584991455,9.80997371673584,-1.9035069271922112e-06,-0.0013809564989060163,3.2601391808384506e-07,0.10279207250233743,-0.00017274878359785362,0.0014198379135459745
490.6000073105097,0.3093245327472687,-0.01430925726890564,9.810201644897461,-2.9694288969039917e-05,-0.00028785099857486784,-0.0011070354375988245,0.09691329399915308,-0.00016796613472536137,0.0014198455895798965
490.7000073119998,-0.627905011177063,-0.0001812577247619629,9.810383796691895,3.265001578256488e-05,0.0006250813603401184,0.00016690781922079623,0.094872788324825,-0.00016323980530330573,0.001419853128541784
490.8000073134899,-1.47675621509552,0.007502555847167969,9.809858322143555,-4.576693754643202e-06,0.0005398955545388162,2.5283017748733982e-05,0.09691329399915308,-0.00015864595602010922,0.0014198610787197745
490.90000731498003,-1.02305006980896,-0.014640212059020996,9.804997444152832,-3.139558248221874e-05,-0.0008291343692690134,-0.0011431894963607192,0.094872788324825,-0.00015414385930512253,0.0014198676581774219
491.00000731647015,-0.1364031434059143,0.003987476229667664,9.805883407592773,2.5100773200392723e-05,-0.0006119622848927975,0.0002758813789114356,0.09065408596539092,-0.00014965392774968223,0.001419874511779138
491.10000731796026,-0.20723417401313782,-0.008470267057418823,9.802371978759766,-2.4669774575158954e-05,0.0003690557205118239,-0.001077896449714899,0.08622923062092014,-0.0001451825351921343,0.001419880542948648
491.2000073194504,-1.1348035335540771,0.005494952201843262,9.82701301574707,2.979574492201209e-05,0.0008722325437702239,0.0002741947246249765,0.08622923062092014,-0.0001408129014635051,0.001419886985334261
491.3000073209405,-1.4333261251449585,0.36423444747924805,9.813108444213867,0.0005049830069765449,6.994948489591479e-05,0.028515879064798355,0.21760587825349234,-0.00013657196984695474,0.001419925502575905
491.4000073224306,-0.6118781566619873,0.07782095670700073,9.808435440063477,-0.00039002997800707817,-0.0009564373176544905,0.014735008589923382,0.31775184609193824,-0.0001323859012813955,0.0014199705992751963
491.5000073239207,0.13931964337825775,-0.021809116005897522,9.808558464050293,-0.00011896382784470916,-0.0005771896103397012,0.011233082041144371,0.3866430283709645,-0.00012818720496454716,0.0014200139140380414
491.60000732541084,-0.3012953996658325,0.010083019733428955,9.809357643127441,-4.428898682817817e-05,0.0005745316157117486,0.009090746752917767,0.44146209996906033,-0.0001240155289821132,0.0014200577770890237
491.70000732690096,-1.1881656646728516,0.008976340293884277,9.809587478637695,-2.7946371119469404e-05,0.000766739365644753,0.006516828667372465,0.48497149887952584,-0.0001199504179254518,0.0014201016401400061
491.8000073283911,-1.2185900211334229,0.006151556968688965,9.809288024902344,-2.729997504502535e-06,-0.00015286805864889175,0.002327924594283104,0.5192646514025434,-0.00011599460468403322,0.0014201449549028514
491.9000073298812,-0.3587561845779419,0.009768247604370117,9.8095121383667,7.773865945637226e-06,-0.0009258943027816713,0.0010832564439624548,0.5482264143915428,-0.00011207091770870647,0.0014201888179538338
492.0000073313713,0.14148741960525513,0.006160154938697815,9.809941291809082,7.1678077802062035e-06,-0.0002735707676038146,-0.00010774853581096977,0.5716401427837878,-0.00010813445730661897,0.0014202333663649877
492.1000073328614,-0.5395007133483887,0.005617082118988037,9.810267448425293,7.032882422208786e-06,0.0007459790213033557,-0.0019268610049039125,0.5908292924526742,-0.00010424637478934073,0.001420278051848176
492.20000733435154,-1.2216734886169434,0.0004609823226928711,9.809907913208008,8.795817848294973e-06,0.0005085408338345587,-0.003477776423096657,0.6065179168110761,-0.00010046788136719442,0.0014203215036830555
492.30000733584166,-0.9386849403381348,0.003937959671020508,9.809601783752441,1.5418248949572444e-05,-0.00042525032768025994,-0.003853989765048027,0.6202353912636948,-9.677354159975948e-05,0.0014203642701577633
492.4000073373318,-0.12538304924964905,0.0026435405015945435,9.809694290161133,3.356020897626877e-06,-0.0008063419372774661,-0.00427355756983161,0.6302500494125202,-9.309039033666977e-05,0.0014204073107765398
492.5000073388219,0.3792949914932251,1.8937932252883911,9.808258056640625,0.007766065187752247,-0.0014576315879821777,0.21150794625282288,1.3671625740597808,-8.937720315316255e-05,0.0014206204577899074
492.600007340312,2.156045436859131,3.917816638946533,9.80241870880127,0.003865292761474848,-0.0023828228004276752,0.3763766288757324,3.2153414338611213,-8.549050848216666e-05,0.001421194378397605
492.7000073418021,4.280566215515137,2.02817440032959,9.804580688476562,-0.0011253466363996267,-0.0023796544410288334,0.3459042012691498,5.189803554505121,-8.123769443102447e-05,0.0014219830908830825
492.80000734329224,4.345717906951904,0.7873468399047852,9.83889102935791,-0.00032546871807426214,0.0019023979548364878,0.2956988215446472,6.914946694970732,-7.66063387942495e-05,0.0014228881775256975
492.90000734478235,1.8688772916793823,0.5624572038650513,9.775288581848145,0.000987841165624559,-0.00018503027968108654,0.2487211525440216,8.376486795269338,-7.181665212385724e-05,0.0014238670089227765
493.00000734627247,4.198023319244385,0.7015602588653564,9.801983833312988,-0.0009060073061846197,-0.0004331280943006277,0.20847941935062408,9.63484157436476,-6.666627751883425e-05,0.0014249701646549837
493.1000073477626,4.560585021972656,0.6404261589050293,9.807360649108887,0.00019713095389306545,-0.002047638176009059,0.17872977256774902,10.721410265645192,-6.112473786856754e-05,0.0014262054578282756
493.2000073492527,5.063501834869385,0.6208903789520264,9.806522369384766,-5.509762559086084e-06,-0.00048443800187669694,0.17216429114341736,11.671261621630416,-5.514976790266246e-05,0.0014275868697901524
493.3000073507428,5.086880683898926,2.719128370285034,9.801405906677246,0.008049171417951584,0.00032324809581041336,0.36676010489463806,13.327200858538633,-4.878702971211624e-05,0.0014293094540454518
493.40000735223293,4.930288791656494,5.413458824157715,9.79096508026123,0.007152114994823933,0.0019214223138988018,0.5953623056411743,16.293168670708006,-4.213584055889896e-05,0.0014316207626881557
493.50000735372305,3.9623923301696777,7.54587459564209,9.775249481201172,0.01282756868749857,0.006928117945790291,0.9156311750411987,20.76421733158752,-3.539156449505754e-05,0.0014346882977442027
493.60000735521317,-0.21027374267578125,10.763501167297363,9.749399185180664,0.010266046039760113,0.013566242530941963,1.2094500064849854,27.07813470035381,-2.9102189827767688e-05,0.0014386034862604849
493.7000073567033,-4.243340015411377,13.051116943359375,9.71538257598877,0.00812424998730421,0.016413962468504906,1.4606887102127075,34.956303700383714,-2.3793094356960864e-05,0.0014432562593934427
493.8000073581934,-5.70674991607666,14.61278247833252,9.684610366821289,0.002463245764374733,0.017378726974129677,1.638619065284729,44.06472295862173,-1.9759711207711916e-05,0.0014484910403841234
493.9000073596835,-4.4803361892700195,14.563355445861816,9.67783260345459,-0.00308283232152462,0.014457499608397484,1.6998445987701416,53.792425223621045,-1.7012965400908797e-05,0.0014541702089100694
494.00000736117363,-0.6722348928451538,12.704275131225586,9.701311111450195,-0.0073802899569272995,0.010761079378426075,1.638317584991455,63.36370591134331,-1.530643784519725e-05,0.0014603043195179236
494.10000736266375,2.5083203315734863,9.796221733093262,9.737056732177734,-0.010473535396158695,0.007009744644165039,1.4398870468139648,72.07388415983456,-1.4361418266162218e-05,0.0014669220202628585
494.20000736415386,4.393908500671387,6.912295818328857,9.76618480682373,-0.009684433229267597,0.004034813493490219,1.16822350025177,79.34674472014501,-1.3948195331181523e-05,0.0014740412675813704
494.300007365644,4.34996223449707,4.545834064483643,9.7869873046875,-0.011539114639163017,0.0038535101339221,0.8403673768043518,84.88894462780094,-1.3902625326522866e-05,0.0014815854382062743
494.4000073671341,1.2600493431091309,1.8348467350006104,9.805419921875,-0.013285786844789982,0.004846659488976002,0.45029014348983765,88.33597034717712,-1.4015771853337355e-05,0.0014892472166366248
494.5000073686242,-2.1249425411224365,0.2694280743598938,9.809346199035645,-0.007753072306513786,0.004029714502394199,0.2165321409702301,90.03565609194564,-1.4151311461318983e-05,0.0014967183278672361
494.6000073701143,-3.0961108207702637,0.5799758434295654,9.807408332824707,-0.004454102832823992,0.0021707220003008842,0.12375765293836594,90.92913362784252,-1.4333293876234166e-05,0.001503910771652075
494.70000737160444,-2.745413064956665,0.5908226370811462,9.807577133178711,-0.003138821804895997,0.0006199044873937964,0.081790030002594,91.48263166761284,-1.4561156859826951e-05,0.0015108558004149663
494.80000737309456,-1.5278794765472412,0.4006843864917755,9.808509826660156,-0.0022079753689467907,-0.0015412375796586275,0.05723666399717331,91.85945320412243,-1.4819992770753743e-05,0.0015176627976392972
494.9000073745847,0.8279219269752502,0.2586904764175415,9.809253692626953,-0.0014938474632799625,-0.00305058341473341,0.040818940848112106,92.12418450616296,-1.510442260155287e-05,0.0015245432654740236
495.0000073760748,2.7400662899017334,0.17351984977722168,9.80926513671875,-0.001019947463646531,-0.002154965652152896,0.029545627534389496,92.31416621792687,-1.5414085453357984e-05,0.0015316689551781485
495.1000073775649,2.5106136798858643,0.11918576061725616,9.809773445129395,-0.0007120600203052163,0.00044112495379522443,0.021213941276073456,92.45169207686507,-1.574389361280737e-05,0.0015390191688744897
495.200007379055,0.3266444802284241,-0.9492696523666382,9.81070613861084,-0.0028265221044421196,0.002709698397666216,-0.08661147952079773,92.1381590732048,-1.598982761663592e-05,0.0015464018686429646
495.30000738054514,-1.5672283172607422,-0.6838045716285706,9.81002140045166,0.0004989020526409149,0.00262253126129508,-0.05632840842008591,91.75454149847104,-1.617027652400793e-05,0.0015536455773686392
495.40000738203526,-2.1533777713775635,-0.10492953658103943,9.8092041015625,0.0005290135741233826,0.0014593704836443067,-0.03056091070175171,91.53010148234442,-1.6336284687668012e-05,0.0015606964257420255
495.50000738352537,-1.5459860563278198,-0.07293383777141571,9.809067726135254,0.0002981673169415444,-0.0003313138731755316,-0.01903180405497551,91.39869547290255,-1.6492458982497737e-05,0.0015676089684327828
495.6000073850155,0.09737032651901245,-0.07393129169940948,9.809340476989746,0.00020295922877267003,-0.001907368074171245,-0.013153485022485256,91.31206818365928,-1.664227443143318e-05,0.0015745302837337366
495.7000073865056,1.774124264717102,-0.06096261739730835,9.809504508972168,0.0001482773950556293,-0.0017766922246664762,-0.009801216423511505,91.24955829237533,-1.679014624755837e-05,0.0015816110138106047
495.8000073879957,2.025611639022827,-0.46870699524879456,9.809767723083496,-0.0008592347148805857,-6.111235052230768e-06,-0.04922230541706085,91.03360137119786,-1.6899405508752352e-05,0.0015888741867651525
495.90000738948584,0.6672142744064331,-0.31978684663772583,9.810580253601074,0.0004742455785162747,0.0018194159492850304,-0.03146996349096298,90.81878509161179,-1.6980949453682115e-05,0.0015961976714148013
496.00000739097595,-0.9759777188301086,-0.06375321000814438,9.810388565063477,0.0003973385610152036,0.002253489103168249,-0.017619632184505463,90.69113568621341,-1.7055814325317442e-05,0.0016034334299624851
496.10000739246607,-1.7135051488876343,-0.04584769532084465,9.809558868408203,0.0002508933248464018,0.0013829251984134316,-0.010786921717226505,90.61593530345158,-1.71249768072812e-05,0.0016105155307596963
496.2000073939562,-1.2874436378479004,-0.04317140579223633,9.809282302856445,0.0001682025467744097,-7.872265268815681e-05,-0.007401413284242153,90.56677843199499,-1.7189171501286182e-05,0.0016174822169040101
496.3000073954463,-0.02365070953965187,-0.03246840089559555,9.809499740600586,0.0001246115134563297,-0.001343907555565238,-0.005179517436772585,90.53279141068501,-1.7250467337248665e-05,0.0016244468469678091
496.4000073969364,1.288180947303772,-0.025114476680755615,9.809662818908691,8.327848627232015e-05,-0.0013111456064507365,-0.00396151514723897,90.5077177862419,-1.7310559499605915e-05,0.0016315271658285742
496.50000739842653,1.526658296585083,-0.1984841376543045,9.80997371673584,-0.0003489955561235547,-3.7949484976707026e-05,-0.020717483013868332,90.41707434576665,-1.7353907466599594e-05,0.001638744556723659
496.60000739991665,0.5868220925331116,-0.13613291084766388,9.810428619384766,0.00020485323329921812,0.0013519461499527097,-0.013389787636697292,90.32613037696794,-1.7385391203106337e-05,0.001646014583279923
496.70000740140676,-0.6588934659957886,-0.028112469241023064,9.81033992767334,0.00016972358571365476,0.001753299031406641,-0.007626534439623356,90.2713590900136,-1.741411419686756e-05,0.001653225531789395
496.8000074028969,-1.2424981594085693,-0.01890292577445507,9.809774398803711,0.0001091770755010657,0.0011301122140139341,-0.004606699571013451,90.2390864461853,-1.7440705121885003e-05,0.0016603249036629306
496.900007404387,-0.9439749121665955,-0.01950119435787201,9.809494972229004,6.903742178110406e-05,3.9285911043407395e-05,-0.003326622536405921,90.21742791632718,-1.7465242081016186e-05,0.0016673395650192563
497.0000074058771,-0.028165210038423538,-0.013882473111152649,9.809666633605957,5.94488374190405e-05,-0.0008503335411660373,-0.002202505711466074,90.20264738696328,-1.7488541118382273e-05,0.0016743518961509986
497.10000740736723,0.8803438544273376,-0.07651793211698532,9.809761047363281,-0.00011704242206178606,-0.0008193033281713724,-0.00822516344487667,90.16559361071596,-1.750523068722032e-05,0.0016814431807745092
497.20000740885735,1.0398527383804321,-0.05335041135549545,9.810113906860352,8.45189715619199e-05,5.163961395737715e-05,-0.00543061550706625,90.12913406092643,-1.7517365861863254e-05,0.0016886278114533917
497.30000741034746,0.3983951807022095,-0.009609140455722809,9.810285568237305,7.531198934884742e-05,0.0009946570498868823,-0.0029353320132941008,90.10762579523006,-1.7528719283177452e-05,0.0016958482179332318
497.4000074118376,-0.4262412190437317,-0.0028911116532981396,9.810226440429688,5.14219245815184e-05,0.0012765120482072234,-0.001463325577788055,90.09647209631542,-1.7539762140472703e-05,0.001703030107171428
497.5000074133277,-0.8282758593559265,-0.011505584232509136,9.8098783493042,1.1589372661546804e-05,0.0008459785603918135,-0.00168857432436198,90.08701911450413,-1.7549665614069454e-05,0.0017101378404390571
497.6000074148178,-0.6096570491790771,-0.009446305222809315,9.809749603271484,2.5920826374203898e-05,0.00010123889660462737,-0.0011399365030229092,90.07940345357956,-1.7558651308036133e-05,0.0017171908819649925
497.7000074163079,0.007102055009454489,-0.02330181747674942,9.80972671508789,-2.4416563974227756e-05,-0.0004528748686425388,-0.002645657164976001,90.06669930172335,-1.7565557371312934e-05,0.0017242446088510995
497.80000741779804,0.5641085505485535,-0.015342850238084793,9.809900283813477,3.187853144481778e-05,-0.00039786272100172937,-0.001671184552833438,90.05527239524191,-1.7571143061445582e-05,0.0017313487782458362
497.90000741928816,0.6432572603225708,-0.005228014662861824,9.81005859375,2.007451985264197e-05,0.0001675400708336383,-0.0011524633737280965,90.04765673431734,-1.7576312188793963e-05,0.0017385109291110901
498.0000074207783,0.22305676341056824,0.005793184041976929,9.81024169921875,3.688751530717127e-05,0.0007383588817901909,0.00020731333643198013,90.04645462102343,-1.7582016752726304e-05,0.0017456929554213207
498.1000074222684,-0.2800027132034302,0.0031982772052288055,9.810108184814453,1.4185738450578356e-07,0.0008944174041971564,3.747098890016787e-05,90.04696688521118,-1.7587989006528915e-05,0.0017528497604772362
498.2000074237585,-0.5054659843444824,-0.0009276264463551342,9.80994701385498,2.468239699737751e-06,0.000608300615567714,7.613426078023622e-06,90.04706250785955,-1.759384134913944e-05,0.0017599613317618263
498.3000074252486,-0.34426742792129517,-4.4331845856504515e-05,9.809855461120605,2.2810313566878904e-06,0.0001460815401514992,1.88043463822396e-06,90.04708299842706,-1.7599662626821555e-05,0.00176704192476666
498.40000742673874,0.027301400899887085,-0.014622587710618973,9.809834480285645,-3.0753704777453095e-05,-0.0001586615398991853,-0.0014291799161583185,90.0413114885784,-1.760417742957543e-05,0.0017741251221401457
498.50000742822886,0.34523382782936096,-0.01962156593799591,9.809952735900879,-7.519505743402988e-06,-9.862400474958122e-05,-0.0018697443883866072,90.0312232991743,-1.760695315056182e-05,0.0017812391607213535
498.60000742971897,0.36169907450675964,-0.00877474620938301,9.810091018676758,1.8643910152604803e-05,0.00024001144629437476,-0.0011842106468975544,90.02312269481865,-1.760895888480718e-05,0.0017883856853746951
498.7000074312091,0.12031708657741547,0.00656105624511838,9.810093879699707,3.465763074927963e-05,0.0005640664603561163,0.00020121363922953606,90.02183178906553,-1.761155576218698e-05,0.001795543038718748
498.8000074326992,-0.1750144064426422,0.0032960933167487383,9.810088157653809,-1.437845980944985e-06,0.000642761355265975,3.563410064089112e-05,90.02233039287493,-1.761444391945588e-05,0.001802684628778854
498.9000074341893,-0.29652702808380127,-0.021450208500027657,9.809972763061523,-4.397052907734178e-05,0.00046231847954913974,-0.002007534960284829,90.01426393946515,-1.7615404502180354e-05,0.001809799626864302
499.00000743567944,-0.1927923560142517,0.0012747166911140084,9.809858322143555,5.418640284915455e-05,0.00018914518295787275,0.00022511088172905147,90.01161382606719,-1.7616476426951522e-05,0.0018168973538734256
499.10000743716955,0.03366247937083244,0.0061699324287474155,9.809961318969727,-6.625529067605385e-07,2.6932497348752804e-05,3.8710059016011655e-05,90.01216707138995,-1.761810416667231e-05,0.0018239980964673045
499.20000743865967,0.20515845715999603,-0.015603965148329735,9.809977531433105,-3.297130751889199e-05,7.664543954888359e-05,-0.001427658018656075,90.006463863433,-1.761833547675451e-05,0.001831117206713782
499.3000074401498,0.20401670038700104,0.0008678489248268306,9.810033798217773,3.8145026337588206e-05,0.0002750805579125881,0.00016040656191762537,90.00457873122208,-1.7618647092376705e-05,0.0018382546846128585
499.4000074416399,0.057676732540130615,-0.010246955789625645,9.810077667236328,-3.4608528949320316e-05,0.0004562049580272287,-0.0014039690140634775,89.99917605158859,-1.7618040985212247e-05,0.001845397234177205
499.50000744313,-0.11126568913459778,0.0003125699295196682,9.810049057006836,3.708995063789189e-05,0.0004915405297651887,0.00016178732039406896,89.99734556089103,-1.761746378292628e-05,0.00185252991455508
499.60000744462013,-0.16890692710876465,0.004295448772609234,9.809988021850586,-1.9180699837306747e-06,0.00038048409624025226,2.865571696020197e-05,89.99774171186289,-1.7617272092707026e-05,0.0018596473799371458
499.70000744611025,-0.11015672236680984,-0.0007803604821674526,9.809929847717285,1.9651408820209326e-06,0.00022318822448141873,5.429560133052291e-06,89.99774171186289,-1.7617011877746336e-05,0.0018667549761327406
499.80000744760036,0.029963428154587746,-0.000105602819530759,9.809931755065918,1.6497900787726394e-06,0.0001373490085825324,1.0405075272501563e-06,89.99783050432211,-1.7616738816172983e-05,0.0018738653137690218
499.9000074490905,0.12510524690151215,-2.388511347817257e-05,9.810029029846191,1.626215976102685e-06,0.00017392780864611268,1.9532566852831224e-07,89.99783050432211,-1.7616464660363818e-05,0.0018809867542400828
500.0000074505806,0.11015903949737549,5.36726183781866e-05,9.810017585754395,1.7126823195212637e-06,0.00029018684290349483,6.915623629311085e-08,89.99783050432211,-1.761619158457961e-05,0.0018881183380416834
500.1000074520707,0.03010174259543419,-7.946457117213868e-06,9.810039520263672,-2.715937164055049e-08,0.0003905064659193158,2.890358246077085e-07,89.99783050432211,-1.76159174429813e-05,0.001895252389139902
500.20000745356083,-0.07251045107841492,7.708530574745964e-06,9.810009956359863,-1.8795788037095917e-07,0.00040467485086992383,4.948494165546435e-07,89.99783050432211,-1.7615643301382988e-05,0.0019023801349245418
500.30000745505095,-0.09508882462978363,-1.2673609489866067e-05,9.809999465942383,2.1664671123744483e-07,0.000337486679200083,4.0743958606981323e-07,89.99783050432211,-1.7615369159784677e-05,0.0019094992451710192
500.40000745654106,-0.05758882313966751,2.7806960133602843e-05,9.809941291809082,-1.3828090459355735e-06,0.00024711014702916145,3.419147560634883e-07,89.99783050432211,-1.761509500397551e-05,0.001916613283752227
500.5000074580312,0.02249477431178093,1.1301165613986086e-05,9.810039520263672,5.814875976284384e-07,0.00020219755242578685,1.1685229139857256e-07,89.99783050432211,-1.76148208623772e-05,0.001923729104269881
500.6000074595213,0.07257133722305298,1.3191917787480634e-05,9.809950828552246,-1.6584102979777526e-07,0.000227520358748734,4.435545690739673e-07,89.99783050432211,-1.7614546706568035e-05,0.0019308517783892508
500.7000074610114,0.060099147260189056,0.014561556279659271,9.810038566589355,3.2224801543634385e-05,0.0002956958196591586,0.0014322628267109394,90.00360884435993,-1.76155758282448e-05,0.0019379797983179593
500.8000074625015,0.015061899088323116,-0.0008308360702358186,9.8100004196167,-3.648980055004358e-05,0.0003511612012516707,-0.00015707615239080042,90.0055076369492,-1.7616528907637985e-05,0.0019451089148229423
500.90000746399164,-0.047503307461738586,0.010140787810087204,9.810029983520508,3.57605422323104e-05,0.0003562005003914237,0.0014030496822670102,90.01091031658268,-1.7618384731576953e-05,0.00195223405623893
501.00000746548176,-0.05004709213972092,-0.0002857101208064705,9.809981346130371,-3.831273352261633e-05,0.00031455664429813623,-0.000161871881573461,90.01273397709107,-1.7620213782265637e-05,0.0019593544001337165
501.1000074669719,-0.035037487745285034,-0.00421507004648447,9.810009956359863,4.4993061010245583e-07,0.00026299222372472286,-2.7586253054323606e-05,90.01233782611921,-1.7621660546751627e-05,0.0019664717284437476
501.200007468462,0.02000311389565468,-0.013877274468541145,9.809951782226562,-3.465124245849438e-05,0.0002396680210949853,-0.0014351283898577094,90.00647752381134,-1.7621866149397647e-05,0.0019735909757622595
501.3000074699521,0.04005395248532295,0.02180389314889908,9.810009956359863,8.274660649476573e-05,0.00025712366914376616,0.002181749325245619,90.01276129784775,-1.762402180816025e-05,0.0019807135128095954
501.4000074714422,0.03256278112530708,0.0029168527107685804,9.810009956359863,-5.4999942221911624e-05,0.00029676640406250954,-0.00019623384287115186,90.01582805278508,-1.7626438776119357e-05,0.0019878393395857544
501.50000747293234,0.005037941038608551,-0.0067877634428441525,9.810019493103027,3.5243742786406074e-06,0.0003273286565672606,-3.3483982406323776e-05,90.01534310935402,-1.7628247491074944e-05,0.0019949654405059824
501.60000747442245,-0.027497436851263046,0.0008576179970987141,9.809990882873535,-1.2637307236218476e-06,0.0003275747876614332,-5.3104290600458626e-06,90.01526114708398,-1.7630129036660946e-05,0.0020020890741295925
501.70000747591257,-0.027520878240466118,9.58926320890896e-05,9.810029983520508,-6.370499932017992e-07,0.00030263481312431395,-3.7985157064213126e-07,90.01524748670563,-1.7632019122970632e-05,0.0020092103775286195
501.8000074774027,-0.022520894184708595,3.5968361771665514e-05,9.809942245483398,1.1525382888066815e-06,0.0002734509762376547,4.447282435648958e-07,90.01524748670563,-1.763391135511938e-05,0.002016329487775097
501.9000074788928,0.020011693239212036,5.129656983626774e-06,9.810049057006836,6.717006044709706e-07,0.00026159334811381996,2.7107842015539063e-07,90.01524065651647,-1.763580253566488e-05,0.0020234503799580208
502.0000074803829,0.022536249831318855,4.464723133423831e-06,9.809961318969727,7.307330633921083e-07,0.0002733433502726257,3.070850880249054e-07,90.01524065651647,-1.7637694753602773e-05,0.0020305734652934938
502.10000748187304,0.015036256983876228,2.5991184884333052e-05,9.810009956359863,-2.578545945652877e-07,0.0002964017039630562,6.106444061515504e-07,90.01524065651647,-1.7639585919937417e-05,0.002037697647205241
502.20000748336315,3.6247722164262086e-05,-9.0809517132584e-06,9.810049057006836,1.0493250783838448e-06,0.0003125741786789149,4.2667949173846864e-07,90.01524065651647,-1.7641477100482916e-05,0.0020448218291169887
502.30000748485327,-0.012492981739342213,1.3775350453215651e-05,9.809951782226562,1.8362493392487522e-07,0.00031153365853242576,6.196320896378893e-07,90.01524065651647,-1.764336931842081e-05,0.0020519451885965302
502.4000074863434,-0.01750761643052101,-0.014538777992129326,9.810009956359863,-3.303250196040608e-05,0.00029698575963266194,-0.001429782365448773,90.00945548628947,-1.7643958301505336e-05,0.002059066629067591
502.5000074878335,-0.009999873116612434,0.0009688010904937983,9.810009956359863,3.76328025595285e-05,0.0002811178273987025,0.00015865356544964015,90.00756352388937,-1.7644634027647044e-05,0.0020661873841784804
502.6000074893236,0.010013478808104992,0.004442655947059393,9.809981346130371,-3.0208661883079913e-06,0.0002746132668107748,2.756847425189335e-05,90.00795284467206,-1.7645709192493086e-05,0.002073308961721576
502.70000749081373,0.010012763552367687,-0.0007135938503779471,9.809961318969727,-1.3425104725683923e-06,0.0002816152118612081,5.029115072829882e-06,90.00795284467206,-1.7646716869990087e-05,0.0020804316358409456
502.80000749230385,0.020030396059155464,-5.09460769535508e-05,9.810078620910645,1.1185795756318839e-07,0.00029461144004017115,1.1443430594226811e-06,90.00802797675293,-1.7647719232627423e-05,0.0020875559548247276
502.90000749379396,3.040004776266869e-05,-2.8612254027393647e-05,9.8100004196167,-1.2931271839988767e-06,0.0003040162264369428,6.863946282464894e-07,90.00802797675293,-1.7648720486818092e-05,0.002094680136736475
503.0000074952841,-0.019990641623735428,3.278486110502854e-05,9.809961318969727,-1.2182592712406404e-08,0.0003040566807612777,2.9790658118145075e-07,90.00802797675293,-1.764972282103372e-05,0.002101802810855845
503.1000074967742,-0.0024906471371650696,-8.73053795658052e-06,9.810039520263672,-3.162122084177099e-07,0.0002938678371720016,2.5161335770462756e-07,90.00802797675293,-1.765072302362114e-05,0.002108925073759112
503.2000074982643,0.005009357817471027,2.9280590752023272e-05,9.809951782226562,-6.42225927549589e-07,0.00028537827893160284,3.3781307706703956e-07,90.00802797675293,-1.7651723240419415e-05,0.0021160477478784816
503.30000749975443,-0.002485368400812149,-0.01463946234434843,9.810009956359863,-3.2614596420899034e-05,0.00028165345429442823,-0.0014299817848950624,90.00224280652593,-1.7651414808028676e-05,0.0021231702849258175
503.40000750124454,-0.0024777743965387344,0.001026090350933373,9.809990882873535,3.628489503171295e-05,0.00028673518681898713,0.00015826898743398488,90.00035084412583,-1.7651197410373243e-05,0.0021302926849011187
503.50000750273466,0.010023444890975952,0.0043853214010596275,9.810039520263672,-3.132024403385003e-06,0.0002941612037830055,2.779363057925366e-05,90.00074016490854,-1.765137410814077e-05,0.002137415907308626
503.6000075042248,-0.002476620255038142,-0.0006926425267010927,9.809990882873535,4.4177568270242773e-07,0.00029939907835796475,4.88895511807641e-06,90.00074016490854,-1.7651485478609175e-05,0.00214453871850003
503.7000075057149,-0.004976612515747547,-8.714151772437617e-05,9.810009956359863,3.7451607681759924e-07,0.00029768445529043674,1.3527871942642378e-06,90.00074016490854,-1.7651589359957143e-05,0.002151661255547366
503.800007507205,2.338783087907359e-05,-6.767476588720456e-05,9.809990882873535,5.681036441274046e-07,0.0002930937334895134,5.102380100652226e-07,90.00074016490854,-1.765168573797382e-05,0.002158783655522667
503.9000075086951,-0.0024766114074736834,-9.048777428688481e-06,9.809990882873535,1.6296356264433598e-08,0.0002878280356526375,6.375898351507203e-07,90.00074016490854,-1.7651781050176396e-05,0.0021659061925700025
504.00000751018524,0.0025233891792595387,4.948049536324106e-05,9.809990882873535,8.759698744142952e-08,0.0002862795954570174,4.755117117838381e-07,90.00074016490854,-1.7651878494007178e-05,0.0021730285925453036
504.10000751167536,2.3388587578665465e-05,-9.081015377887525e-06,9.809990882873535,1.8876096419262467e-07,0.0002889285678975284,3.481568739971408e-07,90.00074016490854,-1.7651974872023857e-05,0.0021801511295926395
504.2000075131655,2.3388633053400554e-05,-9.080995369004086e-06,9.810009956359863,-6.002972554597363e-07,0.0002935038646683097,3.635873895291297e-07,90.00074016490854,-1.765207018422643e-05,0.002187273666639975
504.3000075146556,2.338915874133818e-05,2.998151285282802e-05,9.810019493103027,6.97768456348058e-08,0.0002961023128591478,6.285723657128983e-07,90.00074016490854,-1.7652166548032255e-05,0.002194396066615276
504.4000075161457,2.3388884073938243e-05,1.0450254194438457e-05,9.810009956359863,-1.1694628483382985e-06,0.0002952101349364966,2.632421569614962e-07,90.00074016490854,-1.7652261874445685e-05,0.002201518603662612
504.5000075176358,-0.0024766114074736834,-9.048777428688481e-06,9.809990882873535,1.784258415682416e-06,0.00029207338229753077,4.124644021885615e-07,90.00074016490854,-1.7652358252462363e-05,0.0022086410036379132
504.60000751912594,0.002513380954042077,0.01470176875591278,9.809931755065918,3.2898722565732896e-05,0.0002893218770623207,0.0014306933153420687,90.00660729740557,-1.765376646289951e-05,0.0022157635406852487
504.70000752061605,1.5060896657814737e-05,-0.0009465808398090303,9.810078620910645,-3.68661385437008e-05,0.0002885827561840415,-0.00015759335656184703,90.00849925980566,-1.7655090061907686e-05,0.0022228860777325846
504.80000752210617,1.6914073057705536e-05,-0.004423143807798624,9.809981346130371,8.265698738796345e-07,0.0002908788446802646,-2.6828585760085844e-05,90.00810993902297,-1.7656014222211525e-05,0.0022300084777078857
504.9000075235963,1.6995982150547206e-05,-0.013914898969233036,9.8100004196167,-3.3850657928269356e-05,0.0002928200410678983,-0.0014346950920298696,90.00225646690427,-1.7655692971629833e-05,0.002237131014755221
505.0000075250864,1.6882051568245515e-05,0.015751520171761513,9.8100004196167,6.917628343217075e-05,0.00029444621759466827,0.0015881177969276905,90.00613601435283,-1.7656782034691787e-05,0.0022442534147305224
505.1000075265765,-0.002486639656126499,0.0033897238317877054,9.8100004196167,-4.0221060771727934e-05,0.00029341207118704915,-0.0001304169127251953,90.00841729753563,-1.765817097520994e-05,0.0022513759517778583
505.20000752806664,0.0025120736099779606,-0.019678400829434395,9.8100004196167,-2.9718825317104347e-05,0.00029222434386610985,-0.0014526371378451586,90.00230427822846,-1.7657800441384097e-05,0.0022584984888251937
505.30000752955675,1.2873580999439582e-05,0.001572950161062181,9.8100004196167,3.637815825641155e-05,0.0002906902809627354,0.00015445222379639745,90.00035767431501,-1.7657568065487794e-05,0.002265620888800495
505.40000753104687,1.5260786312865093e-05,0.004522169008851051,9.8100004196167,-3.1519625736109447e-06,0.00029010011348873377,2.7020356355933473e-05,90.00074016490854,-1.765774261741626e-05,0.0022727434258478308
505.500007532537,1.5193688341241796e-05,-0.0006926747737452388,9.809981346130371,-5.742375606132555e-07,0.0002906685112975538,4.9235077312914655e-06,90.00074016490854,-1.7657853987884664e-05,0.002279865825823132
505.6000075340271,1.520153455203399e-05,-8.720597543288022e-05,9.810019493103027,3.2245802117358835e-07,0.00029220926808193326,1.0644660051184474e-06,90.00074016490854,-1.7657954643368612e-05,0.0022869883628704674
505.7000075355172,1.520228852314176e-05,-2.8612234018510208e-05,9.810019493103027,8.123070216470296e-08,0.0002932135830633342,5.833691147927311e-07,90.00074016490854,-1.7658052087199394e-05,0.002294110899917803
505.80000753700733,-0.0024847977329045534,-2.858012157958001e-05,9.809981346130371,3.295838837402698e-07,0.00029334460850805044,3.556888543698733e-07,90.00074016490854,-1.7658148479426927e-05,0.0023012332998931045
505.90000753849745,0.0025152028538286686,2.9949340387247503e-05,9.8100004196167,-9.08044626157789e-08,0.00029143260326236486,3.029434196832881e-07,90.00074016490854,-1.7658243777418647e-05,0.00230835583694044
506.00000753998756,1.571439679537434e-05,0.014662995003163815,9.8100004196167,3.1379742722492665e-05,0.00029104697750881314,0.0014305219519883394,90.0066004672164,-1.7659650922041692e-05,0.0023154783739877754
506.1000075414777,1.5060840269143227e-05,-0.0009465809562243521,9.8100004196167,-3.632987500168383e-05,0.000290804251562804,-0.00015789213648531586,90.00849925980566,-1.7660973441024908e-05,0.0023226009110351113
506.2000075429678,1.5750492821098305e-05,-0.00438408087939024,9.8100004196167,1.7442309854232008e-06,0.0002913621428888291,-2.6814783268491738e-05,90.00810310883381,-1.766189869556456e-05,0.002329723173938378
506.3000075444579,1.6468913599965163e-05,0.0006940439925529063,9.8100004196167,-9.093612334254431e-07,0.00029250484658405185,-4.211122359265573e-06,90.00810310883381,-1.7662887103142566e-05,0.0023368457109857136
506.40000754594803,-0.0024836084339767694,0.0001475226745242253,9.8100004196167,-8.651552434457699e-07,0.0002923572319559753,-6.222113597686985e-07,90.00810310883381,-1.7663886225705028e-05,0.002343968248033049
506.50000754743814,0.0025163721293210983,1.0096559890371282e-05,9.8100004196167,1.21602610647642e-07,0.00029246346093714237,4.0170672832573473e-07,90.00810310883381,-1.7664886414081593e-05,0.002351090785080385
506.60000754892826,1.637220339034684e-05,1.0450244189996738e-05,9.8100004196167,-1.0060442434678407e-07,0.00029164584702812135,4.0429827663501783e-07,90.00810310883381,-1.766588769669397e-05,0.0023582133221277204
506.7000075504184,1.6374966435250826e-05,2.998149284394458e-05,9.8100004196167,-8.887448643690732e-07,0.00029100055689923465,4.055862063978566e-07,90.00810310883381,-1.7666887885070537e-05,0.0023653355850309873
506.8000075519085,1.867271748778876e-05,0.01446768268942833,9.8100004196167,3.26586450682953e-05,0.00029064275440759957,0.0014310466358438134,90.01381314697993,-1.7669183847601744e-05,0.002372458122078323
506.9000075533986,1.4972508324717637e-05,-0.0008293934515677392,9.809981346130371,-3.7191577575867996e-05,0.0002912596974056214,-0.00015748072473797947,90.01570510938002,-1.767140268782441e-05,0.0023795806591256586
507.0000075548887,-0.0024859823752194643,-0.00442247511819005,9.810019493103027,1.8393457139609382e-06,0.0002924941072706133,-2.7045254682889208e-05,90.01531578859733,-1.7673224263603515e-05,0.002386703196172994
507.10000755637884,0.0025153907481580973,0.0007129069417715073,9.810019493103027,-6.576858595508384e-07,0.00029271162929944694,-4.2216356632707175e-06,90.01531578859733,-1.7675107940817725e-05,0.00239382573322033
507.20000755786896,1.522883576399181e-05,0.0001081064619938843,9.809981346130371,3.591634367694496e-07,0.0002916390949394554,-4.217770879222371e-07,90.01531578859733,-1.767700122456972e-05,0.002400947996123597
507.3000075593591,1.5197540051303804e-05,-9.081003554456402e-06,9.8100004196167,-1.6344719142580288e-06,0.0002917072852142155,3.461633468759828e-07,90.01531578859733,-1.767889240511522e-05,0.0024080705331709323
507.4000075608492,1.520276055089198e-05,1.045024509949144e-05,9.8100004196167,-1.0676902775230701e-06,0.0002916127850767225,4.027417901397712e-07,90.01531578859733,-1.7680784651474823e-05,0.0024151930702182678
507.5000075623393,1.520276055089198e-05,1.045024509949144e-05,9.8100004196167,-7.035824296508508e-07,0.0002916637749876827,4.91495995902369e-07,90.01531578859733,-1.768267578938776e-05,0.0024223156072656037
507.6000075638294,1.5197540051303804e-05,-9.081003554456402e-06,9.8100004196167,-3.738590521606966e-07,0.0002916795201599598,4.143146270507714e-07,90.01531578859733,-1.7684565904119154e-05,0.002429438144312939
507.70000756531954,-0.0024871928617358208,-0.014580095186829567,9.8100004196167,-3.1737774406792596e-05,0.00029169433400966227,-0.0014300980838015676,90.00944865610029,-1.7685149529711452e-05,0.002436560407216206
507.80000756680965,0.0025153339374810457,0.001006214413791895,9.8100004196167,3.560439290595241e-05,0.00029236896079964936,0.00015812195488251746,90.00754986351103,-1.76858231100141e-05,0.002443682944263542
507.90000756829977,1.581454671395477e-05,0.004424512851983309,9.8100004196167,-2.9117773010511883e-06,0.00029186203028075397,2.7716054319171235e-05,90.00793918429372,-1.7686893968971162e-05,0.0024508054813108773
508.0000075697899,1.5102600627869833e-05,-0.0007122060051187873,9.8100004196167,6.01692818236188e-07,0.0002918925601989031,5.073794454801828e-06,90.00793918429372,-1.768789952905081e-05,0.002457928018358213
508.10000757128,1.4636014384450391e-05,-0.014601528644561768,9.8100004196167,-3.158178515150212e-05,0.0002917603123933077,-0.0014291858533397317,90.00222914614758,-1.7687598614202216e-05,0.0024650505554055487
508.2000075727701,1.5208646800601855e-05,0.0010013189166784286,9.8100004196167,3.817992546828464e-05,0.0002912713389378041,0.000158812923473306,90.0003371837475,-1.7687384442410803e-05,0.0024721728183088156
508.30000757426023,-0.002484743483364582,0.004229231737554073,9.8100004196167,-2.1271159766911296e-06,0.00029170827474445105,2.777270674414467e-05,90.00072650453019,-1.7687551505218835e-05,0.002479295355356151
508.40000757575035,0.0025151947047561407,-0.0006145815714262426,9.8100004196167,5.009825940760493e-07,0.0002918659010902047,4.968365374224959e-06,90.00072650453019,-1.7687662861476383e-05,0.0024864178924034865
508.50000757724047,1.520126716059167e-05,-0.00010673725046217442,9.8100004196167,6.46506975954253e-07,0.0002919705002568662,1.2083693263775785e-06,90.00072650453019,-1.7687762451146227e-05,0.0024935404294508224
508.6000075787306,1.5202262147795409e-05,-2.8612254027393647e-05,9.8100004196167,1.3142947636879398e-06,0.00029232879751361907,5.317677960192668e-07,90.00072650453019,-1.768785884337376e-05,0.002500662966498158
508.7000075802207,1.5202759641397279e-05,1.045024509949144e-05,9.8100004196167,-1.8257453859860107e-07,0.0002914063516072929,5.227761903370265e-07,90.00072650453019,-1.768795414136548e-05,0.0025077852294014247
508.8000075817108,1.5202511349343695e-05,-9.081004463951103e-06,9.8100004196167,-4.5717504804088094e-07,0.00029148184694349766,3.0023824137970223e-07,90.00072650453019,-1.7688050533593014e-05,0.0025149077664487606
508.90000758320093,-0.0024847970344126225,3.0013326977496035e-05,9.8100004196167,-7.806708026691922e-07,0.0002914759097620845,5.16333784617018e-07,90.00072650453019,-1.7688146897398838e-05,0.002522030303496096
509.00000758469105,0.002515202620998025,1.0418412784929387e-05,9.8100004196167,-1.5218008684314555e-06,0.00029159217956475914,3.786725528698298e-07,90.00072650453019,-1.7688242209601412e-05,0.0025291528405434315
509.10000758618116,1.5202511349343695e-05,-9.081004463951103e-06,9.8100004196167,-1.3192380947657512e-06,0.00029168653418309987,5.548745889427664e-07,90.00072650453019,-1.768833858761809e-05,0.0025362753775907674
509.2000075876713,1.5203007933450863e-05,2.9981494662933983e-05,9.8100004196167,-1.2471160744098597e-06,0.00029195062234066427,5.111132850288413e-07,90.00072650453019,-1.7688433899820666e-05,0.0025433976404940343
509.3000075891614,1.688253178144805e-05,0.014662995003163815,9.8100004196167,3.171392745571211e-05,0.0002918535319622606,0.0014307689853012562,90.00659363702722,-1.768984104444371e-05,0.0025505201775413698
509.4000075906515,1.50609284901293e-05,-0.0009465809562243521,9.8100004196167,-3.76724055968225e-05,0.00029192143119871616,-0.00015769396850373596,90.0084924296165,-1.769116354921607e-05,0.002557642714588705
509.5000075921416,1.4578700756828766e-05,-0.004403612110763788,9.8100004196167,1.800035761334584e-06,0.0002916734083555639,-2.6866156986216083e-05,90.00810310883381,-1.7692087723730765e-05,0.002564765251636041
509.60000759363174,-0.002484697848558426,0.0007139286608435214,9.8100004196167,9.981039283957216e-07,0.0002917731471825391,-4.083677595190238e-06,90.00810310883381,-1.7693075079705523e-05,0.0025718877886833766
509.70000759512186,0.0025152191519737244,0.0001272842928301543,9.8100004196167,-1.594721197761828e-06,0.0002916774828918278,-3.815703450982255e-07,90.00810310883381,-1.7694073122243026e-05,0.0025790100515866434
509.800007596612,1.5205521776806563e-05,2.9981494662933983e-05,9.8100004196167,-7.180074135249015e-07,0.0002921886625699699,2.1786337356388685e-07,90.00810310883381,-1.7695074404855404e-05,0.002586132588633979
509.9000075981021,1.8680912035051733e-05,0.014506745152175426,9.8100004196167,3.289535015937872e-05,0.00029201028519310057,0.0014308177633211017,90.01380631679076,-1.769737036738661e-05,0.002593255125681315
510.0000075995922,1.496190088801086e-05,-0.0008684559143148363,9.8100004196167,-3.76166935893707e-05,0.00029210044885985553,-0.000157763555762358,90.01569827919086,-1.769958812758432e-05,0.0026003776627286502
510.1000076010823,1.4023224139236845e-05,-0.004403612110763788,9.8100004196167,2.5168385491269873e-06,0.00029170585912652314,-2.6814845114131458e-05,90.01530895840817,-1.7701409703363424e-05,0.0026075001997759857
510.20000760257244,-0.0024846093729138374,0.0007142432732507586,9.8100004196167,-4.427360806857905e-07,0.00029261191957630217,-4.559777607937576e-06,90.01530895840817,-1.770329336636678e-05,0.002614622462679253
510.30000760406256,0.002515223575755954,8.790718129603192e-05,9.8100004196167,-1.33663809265272e-06,0.000291777920210734,-4.228802197303594e-07,90.01530895840817,-1.7705184532701423e-05,0.0026217449997265885
510.4000076055527,1.520276055089198e-05,1.0450244189996738e-05,9.8100004196167,-5.558100610869587e-07,0.0002921994891948998,2.0227629704550054e-07,90.01530895840817,-1.7707075699036068e-05,0.002628867536773924
510.5000076070428,1.520276055089198e-05,1.0450244189996738e-05,9.8100004196167,-9.795422784009133e-07,0.0002918861573562026,3.75921416662095e-07,90.01530895840817,-1.7708967931184816e-05,0.00263599007382126
510.6000076085329,1.520276055089198e-05,1.0450244189996738e-05,9.8100004196167,1.212452502841188e-07,0.0002920124679803848,3.784994362376892e-07,90.01530895840817,-1.7710859111730315e-05,0.0026431126108685953
510.700007610023,1.520276055089198e-05,1.0450244189996738e-05,9.8100004196167,-3.8794505030637083e-07,0.0002920798724517226,4.1837211028905585e-07,90.01530895840817,-1.7712751329668208e-05,0.002650234873771862
510.80000761151314,-0.0024764009285718203,0.02064194530248642,9.8100004196167,4.391248512547463e-05,0.00029141842969693244,0.0020228333305567503,90.0234095627638,-1.7716487633379074e-05,0.0026573574108191976
510.90000761300325,0.0025225053541362286,0.01319675799459219,9.809981346130371,-2.0098786990274675e-05,0.00029152791830711067,0.0012073253747075796,90.03187899733462,-1.7721402940651387e-05,0.0026644799478665335
511.00000761449337,1.1046448889828753e-05,-0.00715229194611311,9.810039520263672,-3.430080687394366e-05,0.00029136642115190625,-0.00019615478231571615,90.03322454460111,-1.7725675732549462e-05,0.002671602484913869
511.1000076159835,-0.022517602890729904,-0.0033503740560263395,9.809990882873535,2.434185489619267e-06,0.0003621910000219941,-3.3255906600970775e-05,90.03273960117004,-1.7729643317920818e-05,0.0026787228288086555
511.2000076174736,-0.21281307935714722,0.0008008587174117565,9.810081481933594,-1.0478770491317846e-06,0.0008612871170043945,-4.367914243630366e-06,90.03265763889999,-1.7733673018938134e-05,0.002685824256762706
511.3000076189637,-0.891144335269928,0.00015181714843492955,9.810111045837402,-6.504267844320566e-07,0.0013693738728761673,2.1131647827132838e-06,90.03265763889999,-1.773766739177063e-05,0.002692845908792782
511.40000762045383,-1.5571738481521606,0.00013544004468712956,9.809714317321777,5.708924391001347e-07,0.0013309988426044583,4.173336037638364e-06,90.03267129927833,-1.774159535727904e-05,0.002699727473203783
511.50000762194395,-1.780368685722351,-1.0414559255877975e-05,9.809372901916504,-7.593524742333102e-07,0.0007931028376333416,4.521046321315225e-06,90.03269178984584,-1.774542694477077e-05,0.0027064497599109043
511.60000762343407,-1.4929261207580566,4.0887825889512897e-05,9.809321403503418,8.094585837170598e-07,0.00010539891081862152,3.7821384921699064e-06,90.03271228041336,-1.77491867958679e-05,0.0027130379901684604
511.7000076249242,-0.9324193000793457,1.4324581570690498e-05,9.809536933898926,-2.199725379625761e-08,-0.0003305536520201713,2.386835376455565e-06,90.03272594079169,-1.7752900589584897e-05,0.0027195426064850815
511.8000076264143,-0.46427780389785767,-0.013652302324771881,9.809877395629883,-2.8215379643370397e-05,-0.0002444552374072373,-0.0013188031734898686,90.02731643096905,-1.7755371089833716e-05,0.002726005827047338
511.9000076279044,-0.4239339232444763,0.01529704313725233,9.810074806213379,6.07775837124791e-05,0.0002485713339410722,0.0014689620584249496,90.03107303501255,-1.7759187713295432e-05,0.002732430667439985
512.0000076293945,-0.7766236662864685,0.002626073779538274,9.810028076171875,-3.5527416912373155e-05,0.0007398956804536283,-0.00012534414418041706,90.03309477100687,-1.7763201341836066e-05,0.0027387864235273343
512.1000076308846,-1.2096034288406372,-0.004806044511497021,9.8098783493042,7.71158454426768e-07,0.0008830025908537209,-1.740450352372136e-05,90.03280107287257,-1.776671916786654e-05,0.0027450336185635025
512.2000076323748,-1.3949869871139526,0.0005139479180797935,9.8096284866333,1.1674807183226221e-06,0.0006414838717319071,1.9300328801818978e-07,90.03277375211589,-1.7770210206435877e-05,0.002751155529760302
512.3000076338649,-1.265028953552246,8.8224966020789e-05,9.80950927734375,4.970752911503951e-07,0.00022918164904695004,2.9049879231024534e-06,90.03278058230505,-1.7773643449459087e-05,0.0027571642194567534
512.400007635355,-0.9047102928161621,1.915004941110965e-05,9.80968952178955,2.051604496955406e-06,-7.401192851830274e-05,2.166991407648311e-06,90.0327942426834,-1.7777031686705413e-05,0.0027630917625088873
512.5000076368451,-0.5892661213874817,5.380025686463341e-05,9.809816360473633,-8.942582212512207e-07,-5.5500615417258814e-05,1.78608547685144e-06,90.03280107287257,-1.7780393179123166e-05,0.002768966669899842
512.6000076383352,-0.5140048861503601,-8.604713912063744e-06,9.810019493103027,-1.1990093753411202e-06,0.00025656051002442837,1.8089359627992962e-06,90.03280790306174,-1.7783727869868926e-05,0.002774795246943197
512.7000076398253,-0.7265884876251221,7.411588740069419e-05,9.810019493103027,4.856210011894291e-07,0.0006059323204681277,2.598480705273687e-06,90.0328147332509,-1.7787028312454822e-05,0.002780558851842284
512.8000076413155,-1.0268968343734741,-2.7272613806417212e-05,9.809860229492188,-5.175492105990998e-07,0.0007356491987593472,2.3693544335401384e-06,90.03282839362925,-1.7790276274354255e-05,0.0027862303443343082
512.9000076428056,-1.172168493270874,5.610062726191245e-05,9.809722900390625,5.382865992942243e-07,0.0005848452565260231,3.4655286071938463e-06,90.03284205400759,-1.7793464280657645e-05,0.0027917968396480434
513.0000076442957,-1.0846998691558838,6.205018507898785e-06,9.809688568115234,1.4091727962295408e-06,0.00028798746643587947,2.4470739390380913e-06,90.03285571438593,-1.7796598726249613e-05,0.0027972657396733423
513.1000076457858,-0.8319699168205261,5.6873777793953195e-05,9.80971622467041,-5.191070044929802e-07,6.166568346088752e-05,1.7217142840308952e-06,90.03286937476427,-1.779969248616453e-05,0.00280266034665604
513.2000076472759,-0.5841466188430786,-0.012036132626235485,9.809884071350098,-1.8417984392726794e-05,7.164604176068678e-05,-0.00112897006329149,90.02810873291277,-1.780168538800808e-05,0.0028080028662656963
513.300007648766,-0.531446099281311,0.002803803188726306,9.80997085571289,2.8870297683170065e-05,0.00030733091989532113,0.00016568292630836368,90.02692711018636,-1.7803904242441604e-05,0.0028132974106633403
513.4000076502562,-0.6990134119987488,0.004000428598374128,9.809980392456055,-3.5717521313927136e-06,0.0005758997285738587,2.5199668016284704e-05,90.02730277059071,-1.7806451850788108e-05,0.0028185294502133347
513.5000076517463,-0.9217506647109985,-0.0004094845207873732,9.809905052185059,-1.5598844811393064e-06,0.0006724498816765845,5.673169198416872e-06,90.02736424229323,-1.7808923431061885e-05,0.002823678972398668
513.6000076532364,-1.034444808959961,0.016190476715564728,9.809784889221191,2.240682442788966e-05,0.0005445943679660559,0.0015144268982112408,90.03382560124807,-1.781278606927117e-05,0.002828735559744733
513.7000076547265,-0.9469679594039917,-0.01564514823257923,9.809733390808105,-5.4308256949298084e-05,0.0003006543847732246,-0.0012841814896091819,90.03085446895912,-1.7815203037230276e-05,0.002833707162429519
513.8000076562166,-0.7267515659332275,-0.0022357201669365168,9.809792518615723,3.113092316198163e-05,0.00012164178042439744,0.0001373452105326578,90.02931767639586,-1.7817382271800852e-05,0.0028386137929700375
513.9000076577067,-0.5439712405204773,0.004412050824612379,9.80990982055664,-3.6645242289523594e-06,0.00015093911497388035,1.887917096610181e-05,90.0296250349085,-1.781993417182548e-05,0.0028434716258663385
514.0000076591969,-0.5013326406478882,-0.0003165707166772336,9.809971809387207,-4.8596231039255144e-08,0.0003701286041177809,4.502884166868171e-06,90.0296728462327,-1.7822433591163644e-05,0.002848284499135382
514.100007660687,-0.6739213466644287,-3.1785595638211817e-05,9.809971809387207,-3.604803922030442e-08,0.0005971498321741819,2.6297482236259384e-06,90.02967967642188,-1.782489660229203e-05,0.002853037060709325
514.2000076621771,-0.8641343116760254,0.010955081321299076,9.809914588928223,1.152392815129133e-05,0.0006541570764966309,0.0010076267644762993,90.034023676734,-1.7828293422894603e-05,0.0028577120395118427
514.3000076636672,-0.9392995834350586,-0.003270117798820138,9.809819221496582,-2.518624569347594e-05,0.0005106060416437685,-0.0001575519418111071,90.0349799032178,-1.7831344337082555e-05,0.002862302856085288
514.4000076651573,-0.681370735168457,-0.01449979655444622,9.804574012756348,-3.0944818718126044e-05,-0.0025006055366247892,-0.0010762119200080633,90.03036269533888,-1.7833063097327795e-05,0.002866832812675495
514.5000076666474,0.43416261672973633,0.016421180218458176,9.820047378540039,3.0534622055711225e-05,0.0013365272898226976,0.0011953592766076326,90.03459741262428,-1.7836275731042406e-05,0.0028714016977234493
514.6000076681376,-0.7684510350227356,-0.0015316314529627562,9.799506187438965,-3.402550282771699e-05,0.0002831446472555399,-0.00023322518973145634,90.03545118627054,-1.783930630949726e-05,0.002875901498466106
514.7000076696277,-0.3109307289123535,-0.0038228901103138924,9.79135799407959,4.888106104772305e-06,0.00047892911243252456,-6.276927251747111e-06,90.03513699756871,-1.784197708332158e-05,0.00288037361065783
514.8000076711178,-1.3369030952453613,-0.0125735430046916,9.835582733154297,-1.776481258275453e-05,0.0011559956474229693,-0.0010531025473028421,90.03029439344718,-1.7843458095967435e-05,0.00288472564774749
514.9000076726079,-1.6474546194076538,0.03354332968592644,9.812973022460938,6.600030610570684e-05,3.860206197714433e-05,0.002334261080250144,90.03981567715017,-1.7847839046680747e-05,0.002888929921184153
515.000007674098,-0.6618597507476807,0.006825978402048349,9.808262825012207,-3.810193811659701e-05,-0.0011028103763237596,0.0009154424187727273,90.04670733802271,-1.785278111299249e-05,0.0028930749795019898
515.1000076755881,0.21660856902599335,-0.01727905124425888,9.808398246765137,-2.708174542931374e-05,-0.0007436414016410708,-0.00045423200936056674,90.04590820588982,-1.7856185436926353e-05,0.0028972395020486997
515.2000076770782,-0.20082174241542816,0.010397760197520256,9.809309005737305,2.9502751203835942e-05,0.0005372610758058727,0.0008284617215394974,90.05012243260772,-1.7860506417832767e-05,0.0029013862052309483
515.3000076785684,-1.2041243314743042,0.006673142779618502,9.809575080871582,-6.220335762918694e-06,0.0008498629904352129,0.000571325421333313,90.05471231972997,-1.786531787217882e-05,0.0029054248956501523
515.4000076800585,-1.3395792245864868,-0.010145011357963085,9.809337615966797,-1.9689712644321844e-05,-9.194351150654256e-05,-0.0002612487878650427,90.05439130083897,-1.7869106613943586e-05,0.002909343236823224
515.5000076815486,-0.42140570282936096,0.010261350311338902,9.809382438659668,2.515893902454991e-05,-0.0010894782608374953,0.0009714781190268695,90.05855088604352,-1.7873773501264623e-05,0.0029132240202588916
515.6000076830387,0.2844058871269226,0.006051480770111084,9.809900283813477,-6.7174937612435315e-06,-0.0004672169452533126,0.0007242001011036336,90.06297001843652,-1.787900792749042e-05,0.0029171302990929427
515.7000076845288,-0.4258861243724823,0.0021159339230507612,9.810333251953125,-2.4492551347066183e-06,0.0007530006114393473,0.0007049050182104111,90.06704764137102,-1.7884386949162945e-05,0.002920998471901453
515.800007686019,-1.236641526222229,-0.008982352912425995,9.809922218322754,-1.6453315765829757e-05,0.0006024677422828972,-0.000249160744715482,90.06669247153417,-1.788882893549726e-05,0.0029247556163621642
515.9000076875091,-1.0743072032928467,0.00968417339026928,9.809645652770996,2.3721981051494367e-05,-0.0003218362107872963,0.0009163214126601815,90.0706266604961,-1.7894019450181986e-05,0.0029284165362547824
516.0000076889992,-0.17528961598873138,1.876075029373169,9.807926177978516,0.0075991484336555,-0.0015339992241933942,0.20939511060714722,90.79000950463852,-1.8066751636069966e-05,0.0029320593626388706
516.1000076904893,2.092668294906616,3.135608196258545,9.804829597473145,0.0011824568500742316,-0.0030804197303950787,0.29176193475723267,92.32522429419312,-1.8527403625512306e-05,0.002935878737803163
516.2000076919794,4.33944845199585,1.1682331562042236,9.80634880065918,-0.0010618900414556265,-0.0028266683220863342,0.26074695587158203,93.82145919415446,-1.9117792163569902e-05,0.002940079447366934
516.3000076934695,4.929841041564941,0.6173747181892395,9.836249351501465,0.0005591875524260104,-0.00021970944362692535,0.23945419490337372,95.15959570539749,-1.9802458425033365e-05,0.0029447157718557734
516.4000076949596,2.2370049953460693,0.4598018527030945,9.780285835266113,0.0006637699552811682,0.0006622668006457388,0.19241748750209808,96.31287997694332,-2.0549680897374856e-05,0.0029495464644892786
516.5000076964498,2.924302339553833,0.4504925012588501,9.800792694091797,0.0010191220790147781,-0.0040964302606880665,0.1749572902917862,97.2884700470421,-2.136984284106802e-05,0.002954632111106619
516.6000076979399,5.383090496063232,0.5184366106987,9.805964469909668,0.0009714440093375742,-0.0006655207253061235,0.1442229300737381,98.14529678785269,-2.2304093704406114e-05,0.002960189559666089
516.70000769943,4.288980484008789,2.2876830101013184,9.805208206176758,0.00827514473348856,-0.0006078470614738762,0.34194961190223694,99.6106933837114,-2.3504028732190818e-05,0.002966091607319839
516.8000077009201,4.89306640625,4.480186462402344,9.796107292175293,0.008294060826301575,0.00020796908938791603,0.49553182721138,102.12929148920776,-2.5187699520756723e-05,0.0029723385282119387
516.9000077024102,4.6234002113342285,6.537590980529785,9.782000541687012,0.017593538388609886,0.0035717166028916836,0.8481292724609375,106.0621827151928,-2.7547259648486033e-05,0.002978822309579343
517.0000077039003,3.788940668106079,8.786430358886719,9.765787124633789,0.009697750210762024,0.006729136221110821,0.9973264932632446,111.43583404470033,-3.07617552124384e-05,0.0029853348760739548
517.1000077053905,0.9152411818504333,9.673213958740234,9.753829002380371,0.013933246955275536,0.012845304794609547,1.2411376237869263,117.88991201787717,-3.477798507844909e-05,0.0029915162765336493
517.2000077068806,-2.8276548385620117,12.138860702514648,9.725690841674805,0.010749483481049538,0.015470302663743496,1.4245024919509888,125.55133520988046,-3.952882899227461e-05,0.002996860166863649
517.3000077083707,-4.197047233581543,12.801504135131836,9.710116386413574,0.0068372399546206,0.014871055260300636,1.516549825668335,133.9474681905237,-4.48415739668917e-05,0.0030011398299191875
517.4000077098608,-3.3071765899658203,12.739640235900879,9.70494556427002,0.005924062803387642,0.012464486993849277,1.5573797225952148,142.6850559881542,-5.0608100210070006e-05,0.0030043349790391865
517.5000077113509,-0.3782806396484375,11.811431884765625,9.715580940246582,0.0027028361801058054,0.009251987561583519,1.5105395317077637,151.3140710987382,-5.685126019727704e-05,0.0030065895398596817
517.600007712841,2.6466126441955566,9.143815040588379,9.746504783630371,-0.0034469568636268377,0.004882771987468004,1.2837735414505005,159.06843950496705,-6.360788343329205e-05,0.0030081675131187736
517.7000077143312,3.887946605682373,6.779712677001953,9.768497467041016,-0.0024976672139018774,0.005185992456972599,1.1033196449279785,165.65760495954837,-7.085230323866654e-05,0.0030092473666051465
517.8000077158213,1.832226037979126,5.398641586303711,9.784114837646484,-0.005194366443902254,0.005990657024085522,0.8599725961685181,171.00534255134488,-7.833432883330715e-05,0.0030098781721070874
517.9000077173114,-1.049156665802002,3.471468448638916,9.797592163085938,-0.006998509168624878,0.0045393966138362885,0.5820803046226501,174.84493339326755,-8.575031996826965e-05,0.003010193437786023
518.0000077188015,-2.396977424621582,2.2319788932800293,9.80275821685791,-0.005609399639070034,0.002389277331531048,0.3802839517593384,177.37042315963643,-9.296057454832862e-05,0.00301030090226093
518.1000077202916,-2.5246968269348145,1.6256803274154663,9.805068969726562,-0.004366353154182434,0.0005703144706785679,0.25824055075645447,179.04858697833023,-9.994683630054624e-05,0.003010260054794703
518.2000077217817,-1.5962520837783813,0.4089869260787964,9.808311462402344,-0.005616412963718176,-0.0017073811031877995,0.10378560423851013,179.91843888988805,-0.00010679008050828998,0.003010183568599552
518.3000077232718,0.42384159564971924,0.15487748384475708,9.809144020080566,-0.0021854194346815348,-0.0033212779089808464,0.0710456594824791,180.37638941335905,-0.00011367141360096866,0.00301009337520097
518.400007724762,2.372490406036377,0.3685164451599121,9.809171676635742,-0.001421373919583857,-0.0027108704671263695,0.054621174931526184,180.71328166398075,-0.00012076529402804681,0.003009968091361601
518.5000077262521,2.3861072063446045,0.23631501197814941,9.809775352478027,-0.0010900739580392838,-0.0003047659993171692,0.03945154324173927,180.96328024798157,-0.00012807286120164463,0.0030098184087001237
518.6000077277422,0.5074313282966614,0.15761518478393555,9.810775756835938,-0.0007982188835740089,0.0017954593058675528,0.02684667706489563,181.1381604114906,-0.00013542556789047921,0.003009653648114871
518.7000077292323,-1.380172848701477,0.08705389499664307,9.81029987335205,-0.0005502543644979596,0.0019012815319001675,0.017924174666404724,181.2557079671065,-0.0001426542072522352,0.0030094842270804514
518.8000077307224,-2.0744552612304688,0.07453465461730957,9.80932903289795,-0.00037396722473204136,0.0007864804356358945,0.012178914621472359,181.33502012374868,-0.00014969657429730887,0.0030093123387494145
518.9000077322125,-1.5238314867019653,-0.48016035556793213,9.809033393859863,-0.0019497491884976625,-0.0008965956512838602,-0.04668446630239487,181.1795240371042,-0.0001566031886284236,0.00300918623247784
519.0000077337027,0.036491185426712036,-0.36193597316741943,9.809371948242188,3.545032814145088e-05,-0.002413842361420393,-0.0312606543302536,180.97558824886593,-0.00016351370949507782,0.003009092475206365
519.1000077351928,1.6576358079910278,-0.050435662269592285,9.809488296508789,0.00013897032476961613,-0.0022095416206866503,-0.017847489565610886,180.8511148814316,-0.00017057310773793688,0.0030090014593755765
519.2000077366829,1.800275444984436,-0.03492093086242676,9.810046195983887,7.83565774327144e-05,-0.00015464027819689363,-0.011444776318967342,180.7750675552127,-0.00017779404537066057,0.0030089107176888568
519.300007738173,-0.09930111467838287,-0.046682968735694885,9.810912132263184,6.966968066990376e-05,0.0020291670225560665,-0.00772158382460475,180.72470174027302,-0.00018500605618498867,0.0030088246364513038
519.4000077396631,-2.118152379989624,-0.024846792221069336,9.809980392456055,5.6259334087371826e-05,0.0020358352921903133,-0.005350592080503702,180.69012732269442,-0.0001920279823650617,0.0030087426673747805
519.5000077411532,-2.7762832641601562,-0.2377796173095703,9.808731079101562,-0.0005926580633968115,0.0009968061931431293,-0.02492477186024189,180.5855161453665,-0.00019880107139158554,0.0030086848229762975
519.6000077426434,-2.6443967819213867,-0.15883398056030273,9.808442115783691,0.0001652579812798649,-0.00011500701657496393,-0.01638888008892536,180.4780772697222,-0.00020533712861947606,0.0030086431530778643
519.7000077441335,-1.8570865392684937,-0.034750938415527344,9.80878734588623,0.00014655932318419218,-0.0013961417134851217,-0.009757276624441147,180.4107042837492,-0.0002117067461000488,0.0030086055953404602
519.8000077456236,-0.5182409286499023,-0.019557654857635498,9.809488296508789,7.444014772772789e-05,-0.002177796559408307,-0.006514069624245167,180.3685210354352,-0.00021803003325260306,0.003008570230755606
519.9000077471137,0.5217266082763672,-0.01586437225341797,9.809976577758789,4.665320739150047e-05,-0.0016564246034249663,-0.004676017910242081,180.3397795994078,-0.0002244003018319063,0.0030085356886029573
520.0000077486038,0.4071010947227478,-0.029955774545669556,9.81040096282959,3.281779936514795e-05,-0.0002452446788083762,-0.0035372923593968153,180.31775906952367,-0.00023080715153867004,0.003008503887890995
520.1000077500939,-0.7185326814651489,0.0011500716209411621,9.810432434082031,3.6243756767362356e-05,0.0008985502645373344,-0.0023049155715852976,180.30198133254095,-0.00023714954309639324,0.0030084720871790325
520.200007751584,-1.8021397590637207,-0.08723306655883789,9.809741020202637,-0.00022020423784852028,0.000916727411095053,-0.009773404337465763,180.26020789557714,-0.00024333034386359031,0.003008449059077267
520.3000077530742,-2.1882495880126953,-0.05441713333129883,9.809157371520996,7.625044963788241e-05,0.00021043617743998766,-0.006113443523645401,180.21940434547548,-0.0002493148574700399,0.003008431513856874
520.4000077545643,-1.8034096956253052,0.0034073591232299805,9.809041976928711,4.589557647705078e-05,-0.0008217010763473809,-0.0038781745824962854,180.19383211722297,-0.0002551376603605604,0.0030084142427805496
520.5000077560544,-0.8369841575622559,-0.03505009412765503,9.80938720703125,2.2524967789649963e-05,-0.0016701485728845,-0.002696313662454486,180.1769478895947,-0.00026088553624958877,0.003008400261433049
520.6000077575445,0.13476845622062683,0.002015739679336548,9.809919357299805,5.18385786563158e-06,-0.0015866013709455729,-0.0022042824421077967,180.16313724709292,-0.0002666456115463234,0.0030083862800855486
520.7000077590346,0.3261343240737915,0.0015561878681182861,9.8101806640625,6.3988263718783855e-06,-0.0005851162713952363,-0.0017115980153903365,180.15324713317474,-0.00027243505451224337,0.0030083717504499107
520.8000077605247,-0.4170714020729065,-0.003967851400375366,9.810395240783691,1.9490515114739537e-05,0.00048761017387732863,-0.0008868945296853781,180.14671747232822,-0.0002781870596919589,0.00300835776910241
520.9000077620149,-1.419747233390808,-0.014157414436340332,9.810009002685547,-3.2286159694194794e-05,0.0007749457145109773,-0.0018892440712079406,180.13848026418918,-0.00028381172495528517,0.003008345432619321
521.000007763505,-1.930100440979004,-0.020946502685546875,9.809369087219238,-3.556875162757933e-05,0.0002612404350657016,-0.002825305797159672,180.12354947066353,-0.00028926325109068785,0.0030083352892887813
521.1000077649951,-1.7084604501724243,-0.02924823760986328,9.809179306030273,1.7083308193832636e-05,-0.0006359331891871989,-0.0018592113628983498,180.11191082831783,-0.00029456159924734493,0.003008328435687065
521.2000077664852,-0.8926928043365479,-0.0009676218032836914,9.809462547302246,-2.1943124011158943e-06,-0.0015037069097161293,-0.0016102315858006477,180.10279935596503,-0.00029977996585728306,0.0030083213079412805
521.3000077679753,0.0704481303691864,0.019899986684322357,9.809813499450684,4.9315858632326126e-05,-0.0015986607177183032,0.0003793781215790659,180.10088690299742,-0.00030500477485873034,0.003008312535331084
521.4000077694654,0.3843335807323456,-0.005682259798049927,9.810160636901855,-4.359858576208353e-05,-0.0007025962113402784,-0.0011396892368793488,180.0969253932788,-0.00031026416027657433,0.0030083040368649562
521.5000077709556,-0.2756462097167969,-0.012119323015213013,9.810382843017578,-1.3238051906228065e-05,0.0003907896752934903,-0.0014725506771355867,180.0906689399991,-0.00031549876992187365,0.0030082971832632406
521.6000077724457,-1.285742163658142,-0.0005089044570922852,9.810093879699707,4.330009687691927e-05,0.0007478902116417885,0.00025192552129738033,180.08848327946467,-0.0003206180677324255,0.003008290055517456
521.7000077739358,-1.8436000347137451,0.0028591156005859375,9.80945110321045,-6.8699882831424475e-06,0.0002843132533598691,3.937141809728928e-05,180.08848327946467,-0.00032557202239047456,0.00300828320191574
521.8000077754259,-1.6789071559906006,-0.007679343223571777,9.80924129486084,-5.6147691793739796e-05,-0.000583380926400423,-0.0018715029582381248,180.08393437347746,-0.0003303754034220674,0.00300827717074623
521.900007776916,-0.8826271295547485,-0.023911476135253906,9.809443473815918,9.698793292045593e-06,-0.0015419058036059141,-0.001230449415743351,180.07662607106553,-0.00033509969388489935,0.0030082733327292687
522.0000077784061,0.18997834622859955,-0.0027693063020706177,9.809774398803711,-1.6910722479224205e-05,-0.0017698976444080472,-0.001612936262972653,180.06561580612347,-0.0003398411183610506,0.0030082697688563766
522.1000077798963,0.6193675994873047,0.01183462142944336,9.810129165649414,4.686194006353617e-05,-0.0007806532667018473,0.00036723059020005167,180.06561580612347,-0.0003446382283556204,0.003008264834263141
522.2000077813864,-0.17441515624523163,0.03021763265132904,9.810491561889648,-9.991053957492113e-06,0.000507257180288434,4.795880158781074e-05,180.06256954175365,-0.00034941967784618555,0.0030082574323732876
522.3000077828765,-1.2821669578552246,-0.013533592224121094,9.810093879699707,-3.134889993816614e-06,0.0007715405663475394,9.00247960089473e-06,180.06561580612347,-0.00035408608964360155,0.0030082514012037776
522.4000077843666,-1.589279055595398,-0.030840516090393066,9.805262565612793,-4.2798579670488834e-05,-0.0018443583976477385,-0.0010181660763919353,180.06256954175365,-0.00035860994653091893,0.0030082483856190226
522.5000077858567,-0.31491202116012573,0.007854074239730835,9.801798820495605,2.6744266506284475e-05,-0.0006483184988610446,0.00026912690373137593,180.06256954175365,-0.00036310560085439647,0.0030082445476020615
522.6000077873468,-0.19232319295406342,-0.0023455768823623657,9.80727481842041,-2.8651804313994944e-05,-7.312362140510231e-05,-0.0010864448267966509,180.05935935284376,-0.0003675840868737623,0.003008240983729169
522.700007788837,-0.7814257740974426,-0.0018262863159179688,9.827777862548828,9.756127838045359e-06,0.0006346919108182192,-0.0007979521178640425,180.05235157875532,-0.0003719925291392201,0.003008237419856277
522.8000077903271,-1.2447277307510376,0.0036466121673583984,9.81147575378418,2.1264073438942432e-05,0.0002829012810252607,0.00027969246730208397,180.0559579186371,-0.00037628929192123906,0.0030082338559833843
522.9000077918172,-0.8392654061317444,0.0007811784744262695,9.808189392089844,-8.593953680247068e-06,-0.0005137650296092033,7.2484149313822854e-06,180.05235157875532,-0.00038051087069845835,0.003008230566254561
523.0000077933073,-0.2074274718761444,-0.002362757921218872,9.808432579040527,-2.08122655749321e-05,-0.0005685552023351192,-0.0010408067610114813,180.04847203130674,-0.0003847138762012037,0.0030082270023816687
523.1000077947974,-0.2625477910041809,0.0027421116828918457,9.809250831604004,2.7570175006985664e-05,0.00016519121709279716,0.00028221093816682696,180.04847203130674,-0.00038889340814307616,0.003008223438508776
523.2000077962875,-0.8607844114303589,-0.0042691826820373535,9.809623718261719,-6.987189408391714e-06,0.000555495556909591,7.955941691761836e-05,180.04847203130674,-0.00039299573427342693,0.0030082201487799526
523.3000077977777,-1.0673519372940063,0.003413081169128418,9.80951976776123,-5.698417226085439e-06,5.606657941825688e-05,0.0017843999667093158,180.04847203130674,-0.00039700231555173104,0.003008216859051129
523.4000077992678,-0.5861345529556274,0.00041919946670532227,9.809612274169922,-2.2393709514290094e-05,-0.0005262020276859403,0.0028617202769964933,180.04847203130674,-0.00040095639828052754,0.003008213569322305
523.5000078007579,-0.1816333830356598,0.00016073882579803467,9.809844970703125,2.1587329683825374e-05,-0.00029552250634878874,0.004368099849671125,180.04847203130674,-0.0004048942379313303,0.003008210005449413
523.600007802248,-0.45137637853622437,0.00286865234375,9.810137748718262,-1.2029078789055347e-05,0.0003382796130608767,0.004910265561193228,180.0442509743997,-0.0004087916413482162,0.0030082064415765204
523.7000078037381,-0.9186522364616394,-0.0017666816711425781,9.809950828552246,-8.72643431648612e-06,0.00037264745333231986,0.005711919628083706,180.0442509743997,-0.0004126066302063691,0.003008203151847697
523.8000078052282,-0.8515494465827942,0.003180980682373047,9.809778213500977,-7.150796591304243e-06,-0.00018357948283664882,0.005975896958261728,180.04847203130674,-0.00041634530421674754,0.0030081995879748047
523.9000078067183,-0.1270582377910614,-0.019941911101341248,9.809677124023438,-2.025847788900137e-05,-0.0015079815639182925,0.0032289321534335613,180.03957912500738,-0.00042007260124421464,0.003008197668966324
524.0000078082085,1.878832221031189,-0.02615952491760254,9.809027671813965,6.971880793571472e-06,-0.0031776311807334423,-0.000688875385094434,180.03957912500738,-0.00042396853113757516,0.0030081982172544615
524.1000078096986,4.016143321990967,0.042569637298583984,9.807734489440918,2.3238826543092728e-05,-0.0031055721919983625,0.0002866280556190759,180.0279814637967,-0.00042822482340909573,0.003008194653381569
524.2000078111887,4.641674041748047,-0.0028586387634277344,9.83832836151123,-7.903669029474258e-06,0.0015599149046465755,8.317289939441252e-06,180.03427889821145,-0.00043289743770458244,0.003008191089508677
524.3000078126788,1.9453414678573608,-0.003686070442199707,9.778114318847656,-3.5006669349968433e-06,0.0007820535684004426,-4.538489065453177e-06,180.03427889821145,-0.0004377443048610985,0.0030081875256357843
524.4000078141689,2.916923761367798,0.0007076263427734375,9.802776336669922,-1.5249243006110191e-06,-0.000985709368251264,5.3232624850352295e-06,180.0279814637967,-0.0004428526368940311,0.0030081842359069608
524.500007815659,4.367527961730957,-0.005163669586181641,9.807713508605957,2.0721927285194397e-08,-0.0013406227808445692,-0.00020899961236864328,180.0279814637967,-0.00044835258374575915,0.003008180672034068
524.6000078171492,5.086193561553955,-0.0008358955383300781,9.806892395019531,-1.4358782209455967e-05,-0.0010701109422370791,0.0018207370303571224,180.03427889821145,-0.00045430860349426894,0.003008177108161176
524.7000078186393,5.478651523590088,-0.0028839111328125,9.805277824401855,4.068820271641016e-05,-0.0007460133056156337,-0.0022031893022358418,180.0279814637967,-0.0004607558551725788,0.0030081735442882836
524.8000078201294,5.667220115661621,-0.0008192062377929688,9.804229736328125,-6.329594179987907e-05,-0.0001916483452077955,0.00024368359299842268,180.0279814637967,-0.0004677111643331955,0.003008169706271323
524.9000078216195,5.0520453453063965,-0.024421215057373047,9.80520248413086,4.427740350365639e-06,0.0020477809011936188,-0.001673917518928647,180.00000500895632,-0.0004751192909537849,0.003008168061406911
525.0000078231096,1.9640982151031494,0.02182447910308838,9.809886932373047,3.4977681934833527e-05,0.00504158902913332,0.00017163855955004692,180.01979889717103,-0.00048270331528499355,0.00300816422338995
525.1000078245997,-1.4200794696807861,-0.004488825798034668,9.810869216918945,-3.9814040064811707e-07,0.0049501461908221245,3.8144688005559146e-05,180.01979889717103,-0.0004901594514024055,0.003008160659517058
525.2000078260899,-2.652366876602173,0.0034537315368652344,9.809239387512207,1.5294644981622696e-06,0.003144835587590933,1.2383976354612969e-05,180.01979889717103,-0.0004973775276368997,0.0030081570956441653
525.30000782758,-2.6023757457733154,-0.003745555877685547,9.808629989624023,3.120722249150276e-05,0.0013892045244574547,0.0013801277382299304,180.01979889717103,-0.0005043619988924775,0.003008153805915342
525.4000078290701,-1.5834646224975586,0.005783200263977051,9.808751106262207,-3.513670526444912e-05,-0.0008600802393630147,-0.00015563728811684996,180.0279814637967,-0.0005112044977693131,0.003008150516186518
525.5000078305602,0.5668666362762451,-0.002763032913208008,9.809313774108887,2.019573003053665e-06,-0.002627206966280937,-2.8321515856077895e-05,180.0279814637967,-0.0005180980217147635,0.0030081469523136257
525.6000078320503,2.5302658081054688,0.00629734992980957,9.80921459197998,7.997732609510422e-07,-0.002043171087279916,-9.959703675122e-06,180.03427889821145,-0.0005252186054889307,0.0030081431142966646
525.7000078335404,2.446992874145508,0.0036454200744628906,9.809846878051758,3.4347729524597526e-05,0.00036959286080673337,0.001485753571614623,180.03427889821145,-0.000532558778644443,0.003008138453847498
525.8000078350306,0.4361896514892578,-0.0027538836002349854,9.810827255249023,-4.041893407702446e-05,0.0025429450906813145,-0.00014045373245608062,180.03957912500738,-0.00053993794881535,0.003008134341686468
525.9000078365207,-1.4661428928375244,-0.00908350944519043,9.810245513916016,2.457760274410248e-06,0.0026128231547772884,-2.0367451725178398e-05,180.03957912500738,-0.0005471853927616621,0.003008130777813576
526.0000078380108,-2.1253747940063477,0.003818511962890625,9.809347152709961,-6.236368790268898e-07,0.0014869545120745897,6.402010512829293e-07,180.03427889821145,-0.0005542422380386824,0.0030081272139406835
526.1000078395009,-1.5355960130691528,0.0009512901306152344,9.808998107910156,-7.304479368031025e-07,-0.000283390108961612,2.347048848605482e-06,180.03427889821145,-0.0005611612573801494,0.0030081236500677914
526.200007840991,0.06589118391275406,-0.0025305896997451782,9.809431076049805,-1.0369112715125084e-06,-0.0018486687913537025,-1.2299611853450187e-06,180.03427889821145,-0.0005680863421559934,0.0030081203603389674
526.3000078424811,1.7287448644638062,0.03133547306060791,9.80947208404541,3.4856260754168034e-05,-0.0017508725868538022,0.0014612285885959864,180.03957912500738,-0.0005751665239586146,0.003008114055025389
526.4000078439713,1.995532512664795,0.003517627716064453,9.80990219116211,-3.918222864740528e-05,-4.199290560791269e-05,-0.00017505964206065983,180.03957912500738,-0.0005824258588802422,0.0030081072014236728
526.5000078454614,0.682313084602356,0.00200575590133667,9.810586929321289,2.9762741178274155e-06,0.0017697119619697332,-3.0077866540523246e-05,180.0442509743997,-0.0005897462594077751,0.003008100347821957
526.6000078469515,-0.9413699507713318,0.0007075071334838867,9.810388565063477,1.4156103134155273e-06,0.0022229852620512247,-1.8544149043009384e-06,180.0442509743997,-0.0005969820864919484,0.0030080932200761724
526.7000078484416,-1.6803981065750122,-0.023746371269226074,9.809613227844238,-6.454065442085266e-07,0.0013782370369881392,3.1746110380481696e-06,180.0442509743997,-0.0006040672028717609,0.0030080885596270052
526.8000078499317,-1.2744386196136475,-0.01404726505279541,9.809309959411621,-7.650778570678085e-07,-5.765267997048795e-05,2.182920752602513e-06,180.0442509743997,-0.0006110379326571547,0.0030080852698981817
526.9000078514218,-0.03146956488490105,0.0025331303477287292,9.809471130371094,8.846400305628777e-07,-0.0013026449596509337,-6.367955052155594e-07,180.0442509743997,-0.000618005920969722,0.0030080817060252896
527.000007852912,1.2451952695846558,0.006588935852050781,9.809710502624512,2.4796463549137115e-08,-0.0012819648254662752,-2.9406526209641015e-06,180.0442509743997,-0.0006250857600917925,0.003008077319720191
527.1000078544021,1.5005342960357666,0.028900504112243652,9.809975624084473,5.674155545420945e-07,-4.7991779865697026e-05,-2.383574837949709e-06,180.0442509743997,-0.0006323001353933932,0.0030080704661184753
527.2000078558922,0.5794382095336914,-0.0004176497459411621,9.810441017150879,-1.5528639778494835e-06,0.0013155951164662838,3.653449596185965e-07,180.0442509743997,-0.0006395665295428898,0.0030080633383726906
527.3000078573823,-0.6281159520149231,0.0029755830764770508,9.810323715209961,-6.984919309616089e-09,0.0017198054119944572,2.4487940208928194e-06,180.0442509743997,-0.0006467765185504959,0.0030080564847709745
527.4000078588724,-1.2123934030532837,-0.026592612266540527,9.809754371643066,-1.6140984371304512e-06,0.0011169634526595473,3.0256305763032287e-06,180.0442509743997,-0.0006538776038240712,0.003008051550177739
527.5000078603625,-0.9269976615905762,-0.01180410385131836,9.809588432312012,-7.718554115854204e-07,5.2062223403481767e-05,2.0310487798269605e-06,180.0442509743997,-0.0006608955549012308,0.0030080479863048466
527.6000078618526,-0.03123108297586441,-2.9558315873146057e-05,9.809637069702148,-3.307900624349713e-05,-0.000816692307125777,-0.0014260566094890237,180.03957912500738,-0.0006679108330729377,0.0030080444224319545
527.7000078633428,0.8486613035202026,-0.00300520658493042,9.80978775024414,3.7716643419116735e-05,-0.0007921488140709698,0.00016914411389734596,180.03427889821145,-0.0006750022547805656,0.003008040858559062
527.8000078648329,1.0130597352981567,0.0018883943557739258,9.810083389282227,-3.3953183447010815e-06,5.156712722964585e-05,2.806624434015248e-05,180.03957912500738,-0.0006821844866919946,0.0030080375688302384
527.900007866323,0.39588987827301025,-0.0002327561378479004,9.810276985168457,-1.439475454390049e-07,0.0009702841634862125,5.2544992286129855e-06,180.03957912500738,-0.0006894022887991014,0.003008034004957346
528.0000078678131,-0.4156076908111572,-0.002233654260635376,9.81025505065918,-3.5157427191734314e-07,0.0012481743469834328,2.6107952635356924e-06,180.03957912500738,-0.0006965828073219882,0.0030080304410844538
528.1000078693032,-0.8013551235198975,0.002863168716430664,9.809871673583984,-3.124709473922849e-05,0.0008324137888848782,-0.001412558602169156,180.0279814637967,-0.0007036912944755613,0.0030080268772115612
528.2000078707933,-0.5952434539794922,-0.0022025108337402344,9.809722900390625,3.804727748502046e-05,0.0001091839003493078,0.00015799803077243268,180.03427889821145,-0.0007107464606406211,0.003008023313338669
528.3000078722835,0.00651958305388689,0.01756386272609234,9.809746742248535,3.051792737096548e-05,-0.0004288382478989661,0.0014544031582772732,180.03427889821145,-0.000717802243599408,0.0030080183787454333
528.4000078737736,0.5478510856628418,-0.012831151485443115,9.809941291809082,-3.766955342143774e-05,-0.0003767680318560451,-0.00016224324645008892,180.03957912500738,-0.0007249071668837814,0.0030080145407284727
528.5000078752637,0.617608904838562,-0.0028702616691589355,9.81006145477295,4.376779543235898e-06,0.00016962751396931708,-2.85464138869429e-05,180.03957912500738,-0.0007320675358215567,0.0030080112509996487
528.6000078767538,0.2217855453491211,-0.00012576580047607422,9.810223579406738,1.4763209037482738e-06,0.000721805146895349,-4.544946477835765e-06,180.03957912500738,-0.0007392477801886344,0.0030080076871267566
528.7000078782439,-0.26938170194625854,-0.002323716878890991,9.81006908416748,-9.351642802357674e-07,0.0008739090408198535,4.575287562147423e-07,180.03957912500738,-0.0007464038313571564,0.003008004123253864
528.800007879734,-0.4860675036907196,0.002809464931488037,9.809978485107422,-2.537854015827179e-08,0.0005982660804875195,1.2759046512655914e-06,180.03957912500738,-0.0007535162250604799,0.003008000559380972
528.9000078812242,-0.3392515182495117,0.0001258254051208496,9.809826850891113,-3.220757935196161e-05,0.00015288733993656933,-0.0014213074464350939,180.03427889821145,-0.0007605981887905955,0.00300799699550808
529.0000078827143,0.029815910384058952,-0.0025040358304977417,9.809892654418945,3.64883744623512e-05,-0.00014103949069976807,0.00016121563385240734,180.03427889821145,-0.0007676828254119528,0.003007993705779256
529.1000078842044,0.3302362263202667,0.0023487508296966553,9.809914588928223,-7.115377229638398e-07,-8.389636059291661e-05,2.7272068109596148e-05,180.03427889821145,-0.0007747972066738384,0.0030079901419063637
529.2000078856945,0.3510587215423584,-0.002661794424057007,9.810121536254883,-4.592002369463444e-07,0.00024103422765620053,4.363238986115903e-06,180.0279814637967,-0.0007819429774258424,0.003007986578033471
529.3000078871846,0.11342909932136536,0.0024548768997192383,9.81004524230957,9.040231816470623e-07,0.0005527592147700489,1.222956484525639e-06,180.0279814637967,-0.0007890989600412013,0.003007983014160579
529.4000078886747,-0.1668817698955536,0.01516677439212799,9.8101167678833,3.2440642826259136e-05,0.0006289425073191524,0.001429219264537096,180.03427889821145,-0.00079624000181866,0.0030079780795673433
529.5000078901649,-0.2871439754962921,-0.012310147285461426,9.809983253479004,-3.768605529330671e-05,0.0004564137780107558,-0.00015451203216798604,180.03427889821145,-0.0008033552055337623,0.0030079742415503826
529.600007891655,-0.18527844548225403,-0.002375081181526184,9.809867858886719,2.17724300455302e-06,0.00019357468408998102,-2.6370938940090127e-05,180.03957912500738,-0.0008104538235045311,0.00300797067767749
529.7000078931451,0.033039841800928116,-0.0025100242346525192,9.809942245483398,-3.002678568009287e-07,3.681397356558591e-05,-4.7177386477414984e-06,180.03957912500738,-0.0008175553885223508,0.0030079673879486665
529.8000078946352,0.19578084349632263,0.00238955020904541,9.809977531433105,-4.260800778865814e-07,8.517974492860958e-05,-8.67734115672647e-07,180.03957912500738,-0.000824674567297734,0.003007963824075774
529.9000078961253,0.19650723040103912,-0.00011084973812103271,9.810033798217773,-1.625710865482688e-06,0.00027583393966779113,-9.125171729351678e-10,180.03957912500738,-0.0008318113598448917,0.003007960260202882
530.0000078976154,0.055195458233356476,0.032552193850278854,9.810076713562012,4.5239023165777326e-05,0.00044967798748984933,0.0020257572177797556,180.0442509743997,-0.0008389530184302885,0.0030079536807452343
530.1000078991055,-0.2170674204826355,0.00769101083278656,9.810113906860352,-5.0845672376453876e-05,0.0008959612459875643,-0.00021455378737300634,180.0442509743997,-0.0008460752813306271,0.0030079465529994497
530.2000079005957,-0.8454059958457947,-0.0018096566200256348,9.810068130493164,2.8365757316350937e-06,0.0013532862067222595,-3.4369269997114316e-05,180.04847203130674,-0.000853121674865065,0.003007939425253665
530.3000079020858,-1.4945528507232666,0.0012067556381225586,9.809745788574219,-8.918577805161476e-07,0.001332359854131937,-2.096169509968604e-06,180.04847203130674,-0.0008600339434252646,0.0030079325716519494
530.4000079035759,-1.7434238195419312,-0.0364149808883667,9.809410095214844,-4.057754995301366e-05,0.0008335125166922808,-0.0018965794006362557,180.03957912500738,-0.0008667899498391307,0.003007929007779057
530.500007905066,-1.5003905296325684,-0.0015621185302734375,9.809344291687012,4.81095485156402e-05,0.00017360562924295664,0.00021789854508824646,180.03957912500738,-0.000873411282995562,0.0030079254439061647
530.6000079065561,-0.9799434542655945,0.0031251907348632812,9.809551239013672,-3.6415294744074345e-06,-0.00027111501549370587,3.741135878954083e-05,180.03957912500738,-0.0008799449585836783,0.003007921880033272
530.7000079080462,-0.5237088799476624,0.0003395676612854004,9.809823989868164,5.925685400143266e-07,-0.00022767706832382828,7.156738774938276e-06,180.03427889821145,-0.0008864316869932054,0.0030079185903044486
530.8000079095364,-0.451495885848999,-0.0022057294845581055,9.810049057006836,-2.1871528588235378e-08,0.00021587371884379536,2.7518349270394538e-06,180.03427889821145,-0.0008928779791688157,0.003007915026431556
530.9000079110265,-0.7585036158561707,0.0029878616333007812,9.810050010681152,-5.021574907004833e-07,0.0006874099490232766,2.909602699219249e-06,180.03427889821145,-0.0008992562836027673,0.003007911462558664
531.0000079125166,-1.1645653247833252,-0.0017563104629516602,9.809853553771973,-6.461050361394882e-07,0.0008505290606990457,3.488295988063328e-06,180.03427889821145,-0.0009055302076887983,0.0030079078986857714
531.1000079140067,-1.3693184852600098,0.003372669219970703,9.809640884399414,1.1406955309212208e-06,0.0006451993831433356,3.6905435081280302e-06,180.03427889821145,-0.0009116813152161285,0.0030079043348128793
531.2000079154968,-1.2606379985809326,0.0008039474487304688,9.809551239013672,-4.122266545891762e-07,0.00026441356749273837,2.8701481369353132e-06,180.03427889821145,-0.0009177194068712424,0.0030079010450840557
531.3000079169869,-0.9384825229644775,-0.0018990039825439453,9.80968952178955,1.623535354156047e-06,-3.1540097552351654e-05,2.6955915473081404e-06,180.03427889821145,-0.0009236733362882887,0.003007897481211163
531.4000079184771,-0.6261916756629944,0.0029042959213256836,9.809815406799316,1.8070131773129106e-06,-3.7307025195332244e-05,1.9212052393413614e-06,180.03427889821145,-0.0009295712717829474,0.003007893917338271
531.5000079199672,-0.5440569519996643,0.00035262107849121094,9.809971809387207,-3.0868977773934603e-07,0.00023697930737398565,1.5966944602041622e-06,180.03427889821145,-0.0009354204096325702,0.0030078903534653785
531.6000079214573,-0.7216055989265442,-0.0020354390144348145,9.810009956359863,1.8110149540007114e-06,0.0005655610584653914,2.900808340200456e-06,180.03427889821145,-0.0009412049180212989,0.0030078867895924864
531.7000079229474,-0.9968793392181396,0.0031380057334899902,9.809866905212402,7.908674888312817e-07,0.0007053084555082023,3.11674079966906e-06,180.03427889821145,-0.0009469000554389595,0.0030078834998636624
531.8000079244375,-1.1471383571624756,-0.0017673969268798828,9.809789657592773,1.7811544239521027e-08,0.000583926506806165,3.487287358439062e-06,180.03427889821145,-0.0009524922517556433,0.0030078799359907703
531.9000079259276,-1.0834418535232544,-0.004446744918823242,9.80964183807373,-1.905520912259817e-05,0.00031416802085004747,-0.0011444906704127789,180.03427889821145,-0.0009579874010654521,0.003007877194550084
532.0000079274178,-0.8519814014434814,0.007961750030517578,9.809731483459473,2.794203464873135e-05,9.52249247347936e-05,0.00016466216766275465,180.0279814637967,-0.0009634061327261634,0.0030078736306771918
532.1000079289079,-0.6191784739494324,-0.002161383628845215,9.80987548828125,-4.738307325169444e-06,8.609598444309086e-05,2.5100142011069693e-05,180.03427889821145,-0.0009687694187476836,0.0030078700668042992
532.200007930398,-0.555232584476471,0.002805173397064209,9.80992603302002,-2.026790753006935e-07,0.0002909074246417731,5.277532636682736e-06,180.0279814637967,-0.0009740829476214685,0.003007866502931407
532.3000079318881,-0.6902769804000854,-0.002122938632965088,9.810009956359863,-1.0304502211511135e-06,0.0005420014495030046,2.403568032605108e-06,180.0279814637967,-0.0009793345884645532,0.0030078629390585146
532.4000079333782,-0.9017333388328552,0.002989530563354492,9.80989933013916,-4.6531204134225845e-07,0.0006477042916230857,2.573288838902954e-06,180.0279814637967,-0.0009845054253645458,0.003007859649329691
532.5000079348683,-1.0131779909133911,0.0005488395690917969,9.809810638427734,2.7491478249430656e-07,0.0005452677141875029,3.0931071250961395e-06,180.0279814637967,-0.0009895853834933632,0.0030078560854567985
532.6000079363585,-0.9469501376152039,-0.001986563205718994,9.809715270996094,8.954666554927826e-07,0.0003242272068746388,2.7228929866396356e-06,180.0279814637967,-0.0009945805625477533,0.0030078525215839064
532.7000079378486,-0.7492647171020508,0.00290834903717041,9.809826850891113,-9.436625987291336e-07,0.0001506942353444174,1.982047251658514e-06,180.0279814637967,-0.0009995084392784293,0.003007848957711014
532.8000079393387,-0.5652599334716797,0.00031048059463500977,9.809874534606934,1.898981281556189e-06,0.00016120467626024038,1.575655915075913e-06,180.0279814637967,-0.00100438566785499,0.0030078453938381217
532.9000079408288,-0.5263649821281433,-0.0022101402282714844,9.809946060180664,2.0925654098391533e-08,0.0003520696482155472,1.598574272065889e-06,180.0279814637967,-0.001009215812189268,0.003007842104109298
533.0000079423189,-0.6639249920845032,0.0028631091117858887,9.809991836547852,7.204362191259861e-07,0.0005656029097735882,1.9122664980386617e-06,180.0279814637967,-0.0010139865358098632,0.0030078385402364056
533.100007943809,-0.8441323041915894,-0.027147412300109863,9.809919357299805,-1.1681404430419207e-05,0.0006340753752738237,-0.001006323960609734,180.0279814637967,-0.0010186814586035098,0.003007837443660131
533.2000079452991,-0.9205242395401001,0.005420386791229248,9.809794425964355,2.4670211132615805e-05,0.0005162500310689211,0.00016234099166467786,180.0279814637967,-0.0010232937954839372,0.003007835798795719
533.3000079467893,-0.8367453813552856,0.022888362407684326,9.80981159210205,-3.210763679817319e-06,0.0003064216289203614,2.2180014639161527e-05,180.0279814637967,-0.001027831153962211,0.003007832234922827
533.4000079482794,0.38333725929260254,-0.00016096234321594238,9.808337211608887,-6.573973223567009e-07,0.000282187043922022,2.4057894734141883e-06,180.0279814637967,-0.0010324030545802998,0.0030078286710499345
533.5000079497695,-0.4383160173892975,-0.002294182777404785,9.808294296264648,-1.84364034794271e-06,-0.00032166275195777416,1.9826322841254296e-06,180.0279814637967,-0.0010369356840840283,0.0030078251071770424
533.6000079512596,-3.856304883956909,-0.008269786834716797,9.79278564453125,2.952292561531067e-07,0.011792784556746483,5.5407554100384004e-06,180.0279814637967,-0.001041122275225348,0.0030078226398804245
533.7000079527497,-6.3346452713012695,-0.024662494659423828,9.817686080932617,4.1374005377292633e-07,-0.0034806556068360806,-9.40462371090689e-07,180.0279814637967,-0.0010447405657174613,0.0030078226398804245
533.8000079542398,1.693765640258789,-0.0007469654083251953,9.818877220153809,-4.176981747150421e-07,-0.005320115480571985,-3.5773846320807934e-06,180.0279814637967,-0.0010485112803024776,0.0030078226398804245
533.90000795573,3.917457342147827,0.03798246383666992,9.80890941619873,2.262648195028305e-05,-0.004525600001215935,0.0010702441213652492,180.03427889821145,-0.0010526337217413584,0.0030078190760075324
534.0000079572201,4.1989054679870605,-0.004726409912109375,9.831666946411133,-2.9003655072301626e-05,-0.0008830053848214447,-0.00029682365129701793,180.0279814637967,-0.0010571327685795495,0.0030078157862787084
534.1000079587102,-1.2556548118591309,0.003181934356689453,9.778901100158691,6.357207894325256e-06,0.017461499199271202,0.0003675970365293324,180.0279814637967,-0.0010615191422118642,0.0030078122224058163
534.2000079602003,-20.04086685180664,-0.028858184814453125,9.76329231262207,9.492505341768265e-06,0.0038009004201740026,3.3995638659689575e-05,180.0279814637967,-0.0010641067880925448,0.0030078122224058163
534.3000079616904,-2.8849878311157227,0.001613616943359375,9.81662654876709,2.9802322387695312e-08,-0.010467656888067722,-3.6562316836352693e-06,180.0279814637967,-0.0010664363958312606,0.0030078122224058163
534.4000079631805,5.1345624923706055,0.031876564025878906,9.813472747802734,1.0488554835319519e-05,-0.0084005706012249,0.0007829416426829994,180.03427889821145,-0.001069227388072136,0.0030078089326769928
534.5000079646707,5.918427467346191,0.0013904571533203125,9.807951927185059,-2.160109579563141e-05,-0.004940294194966555,-0.0002555218816269189,180.03427889821145,-0.0010725495344274805,0.0030078053688041002
534.6000079661608,5.700019836425781,0.4821600914001465,9.805535316467285,0.0008581413421779871,-0.00253588380292058,0.04212336987257004,180.2238166476793,-0.0010763828224042982,0.003007756845303951
534.7000079676509,4.6782121658325195,0.11750268936157227,9.806464195251465,-0.0004940713988617063,0.0017971023917198181,0.023902850225567818,180.381047602373,-0.0010806356193455713,0.0030076946146003697
534.800007969141,0.2243492305278778,-0.02128376066684723,9.811325073242188,-0.0002135992981493473,0.005209661088883877,0.017655882984399796,180.49099998763188,-0.0010849080861135008,0.0030076345770493375
534.9000079706311,-2.955293655395508,0.015152931213378906,9.810009002685547,-0.00010415399447083473,0.004376445896923542,0.014007927849888802,180.57710135230906,-0.0010889151128878893,0.00300757563607458
535.0000079721212,-2.9050722122192383,1.4428555965423584,9.80728816986084,0.003217980731278658,8.548726327717304e-05,0.13966336846351624,181.1681995834603,-0.0010926589613688975,0.0030073930561248657
535.1000079736114,0.6052443385124207,0.6706752181053162,9.808199882507324,-0.0012820169795304537,-0.003365190699696541,0.09462439268827438,181.75458498408423,-0.0010964551713641413,0.003007149067903776
535.2000079751015,3.583638906478882,0.07061433792114258,9.808182716369629,-0.00025503989309072495,-0.0037038775626569986,0.08358452469110489,182.23564886770657,-0.0011005726096584567,0.0030068861637419504
535.3000079765916,4.45591926574707,2.4238662719726562,9.828638076782227,0.00991929229348898,-0.0018830671906471252,0.3427641689777374,183.56525447267626,-0.0011050754945216568,0.0030063825610878586
535.4000079780817,2.867921829223633,3.0905697345733643,9.788458824157715,-0.0026277925353497267,0.0020628359634429216,0.33461838960647583,185.51005521618902,-0.0011098079065021693,0.003005579044822675
535.5000079795718,1.652930736541748,3.414285659790039,9.788792610168457,0.005880893208086491,0.001056622713804245,0.5424606800079346,188.1766293700537,-0.0011146433281084,0.003004452586844633
535.6000079810619,4.302729606628418,3.5256600379943848,9.798751831054688,-0.0016120439395308495,-0.0019993174355477095,0.5034809112548828,191.11714875114924,-0.0011197968253924273,0.003002942875458633
535.700007982552,4.749178409576416,4.460620403289795,9.794633865356445,0.008477579802274704,0.0024277744814753532,0.7470159530639648,194.77046667402732,-0.0011252605852263287,0.003000939978893149
535.8000079840422,3.9656171798706055,6.791136741638184,9.782571792602539,0.0028204014524817467,0.003193332813680172,0.8537085652351379,199.48796905072842,-0.0011308570992980549,0.002998246513418761
535.9000079855323,4.310550212860107,6.977878570556641,9.776199340820312,0.004260126501321793,0.004329560324549675,0.9682719707489014,204.8314036233478,-0.001136542778766625,0.002994825195442134
536.0000079870224,4.251336097717285,7.995667457580566,9.766167640686035,0.004125584382563829,0.006018433719873428,1.0832411050796509,210.83209363941918,-0.0011421898724250923,0.0029905957007511563
536.1000079885125,3.1907081604003906,10.05386734008789,9.744858741760254,0.008679628372192383,0.011582793667912483,1.316279649734497,217.87063089987402,-0.001147511899759479,0.0029854820914388147
536.2000079900026,0.12409210205078125,10.667341232299805,9.741924285888672,-0.0022683986462652683,0.01327535230666399,1.2735025882720947,225.3585399662023,-0.001152163781924287,0.002979691346276932
536.3000079914927,-2.241180419921875,9.35669231414795,9.750120162963867,-0.0041166325099766254,0.01161234825849533,1.1897722482681274,232.46046138215485,-0.0011560311322966754,0.0029735513415716022
536.4000079929829,-3.891547918319702,10.79149341583252,9.73093318939209,0.003014924004673958,0.013092447072267532,1.33823561668396,239.82944319465489,-0.0011588903178676446,0.0029672290310606268
536.500007994473,-3.398499011993408,11.24894905090332,9.728446960449219,-0.0064179361797869205,0.00863024964928627,1.2717540264129639,247.38090034102098,-0.0011607052886688507,0.0029608014492272933
536.6000079959631,0.027518272399902344,7.683429718017578,9.763927459716797,-0.011023527011275291,0.002679146360605955,1.0158699750900269,253.80595001022525,-0.0011618632732108836,0.0029541803216815003
536.7000079974532,2.8617868423461914,4.62129545211792,9.788044929504395,-0.00957194622606039,-0.00020644521282520145,0.7675362229347229,258.7093428153774,-0.0011626684343468696,0.0029472263832363782
536.8000079989433,3.815432071685791,3.440077304840088,9.796021461486816,-0.006891682278364897,0.000998718081973493,0.6034845113754272,262.4841971243467,-0.0011632153517666666,0.0029398930294002585
536.9000080004334,1.7230756282806396,2.4108760356903076,9.804094314575195,-0.007520594168454409,0.003458482911810279,0.41259703040122986,265.2424460772513,-0.0011635617327812042,0.0029323877872331015
537.0000080019236,-1.208017110824585,1.405584692955017,9.807777404785156,-0.005797840654850006,0.003731562988832593,0.26426881551742554,267.05684484913013,-0.0011637783066049678,0.0029249845266594784
537.1000080034137,-2.4121077060699463,1.0107576847076416,9.807687759399414,-0.00429714098572731,0.002343729604035616,0.1693292111158371,268.2192337628396,-0.0011638985187829576,0.0029177950984593947
537.2000080049038,-2.333935022354126,0.712012529373169,9.80797004699707,-0.003225487656891346,0.0008000571397133172,0.11170779913663864,268.9749258926098,-0.0011639519768635864,0.00291081347146334
537.3000080063939,-1.2570844888687134,0.47189149260520935,9.808642387390137,-0.002279869979247451,-0.0011601829901337624,0.07655668258666992,269.48284608004866,-0.0011639626684853965,0.002903944243535428
537.400008007884,0.7535583972930908,0.3270988166332245,9.809280395507812,-0.0015537712024524808,-0.0025131884030997753,0.05405470356345177,269.83509259592455,-0.0011639445749977995,0.0028970073020225615
537.5000080093741,2.3773272037506104,0.22495314478874207,9.809321403503418,-0.0010975217446684837,-0.001655234256759286,0.03874386101961136,270.0855692931672,-0.0011639063318966691,0.0028898568022802246
537.6000080108643,2.008474588394165,0.1569431722164154,9.810035705566406,-0.0007920493371784687,0.0006401396240107715,0.027556998655200005,270.26509398531186,-0.0011638532850071215,0.00288252646402886
537.7000080123544,0.12819904088974,-0.11360674351453781,9.810842514038086,-0.0010681120911613107,0.0024137520231306553,-0.002790216589346528,270.30266002574695,-0.001163810518534092,0.0028751843375825438
537.8000080138445,-1.531240463256836,-0.07667583227157593,9.810110092163086,-0.00021294342877808958,0.0023181948345154524,-0.0010531622683629394,270.29348025150244,-0.0011637754280968693,0.002867979831458685
537.9000080153346,-1.937178611755371,0.01139858178794384,9.809319496154785,-0.0001499652280472219,0.0010982066160067916,-0.0001787289947969839,270.2909121003745,-0.0011637402005675312,0.0028609491326743435
538.0000080168247,-1.1694979667663574,0.02004517987370491,9.8091459274292,-7.093119347700849e-05,-0.0005831117741763592,0.0013671342749148607,270.2961303649004,-0.0011637036023586234,0.0028540234310682915
538.1000080183148,0.42459267377853394,0.012931004166603088,9.809494018554688,-6.571089761564508e-05,-0.0017923585837706923,0.001249253866262734,270.3035616107174,-0.001163665770476996,0.0028470596234366984
538.200008019805,1.743928074836731,-0.007943705655634403,9.809625625610352,-7.124080730136484e-05,-0.0013110610889270902,-0.00021510683291126043,270.3049003277947,-0.001163627801503253,0.0028399390053978433
538.3000080212951,1.6346760988235474,-0.001119411550462246,9.810080528259277,-1.8744533008430153e-05,0.00038411637069657445,-3.847665720968507e-05,270.3043539126611,-0.0011635892842605244,0.0028326719944263344
538.4000080227852,0.27821147441864014,-0.10917467623949051,9.810615539550781,-0.0002551293873693794,0.0018289133440703154,-0.01060109306126833,270.26126907937663,-0.001163560224995308,0.002825379762200511
538.5000080242753,-1.0682451725006104,-0.07760681211948395,9.810163497924805,7.87773315096274e-05,0.001927010715007782,-0.007064490579068661,270.2137036419967,-0.0011635385676243004,0.002818183480398711
538.6000080257654,-1.4941402673721313,-0.010314958170056343,9.809591293334961,8.869072917150334e-05,0.000994706293568015,-0.003386806696653366,270.1873937533138,-0.0011635182809612843,0.002811121529190545
538.7000080272555,-0.9265908598899841,-0.004845688119530678,9.809402465820312,3.980821566074155e-05,-0.00031958596082404256,-0.002133912406861782,270.1727498277333,-0.001163498542567254,0.002804142369491108
538.8000080287457,0.2695612907409668,-0.009617789648473263,9.809601783752441,2.5148801796603948e-05,-0.0012244104873389006,-0.0015708940336480737,270.162613827005,-0.001163479626640651,0.0027971393592576992
538.9000080302358,1.2409751415252686,-0.008434487506747246,9.809805870056152,2.1207173631410114e-05,-0.0008959033293649554,-0.0011361136566847563,270.15529186421475,-0.001163461258983034,0.0027900244982442856
539.0000080317259,1.1864358186721802,-0.045478515326976776,9.810076713562012,-7.98278342699632e-05,0.0003129470278508961,-0.005036030430346727,270.13294348525045,-0.0011634467293504258,0.0027828035434763086
539.100008033216,0.23082292079925537,-0.039381030946969986,9.810476303100586,3.9282796933548525e-05,0.001354151638224721,-0.0037331103812903166,270.1088465778586,-0.0011634354894312082,0.0027755617537591143
539.2000080347061,-0.73028963804245,-0.013980656862258911,9.81014633178711,3.588678009691648e-05,0.001457403996028006,-0.002626242581754923,270.0915252181235,-0.0011634257573263085,0.002768385484474325
539.3000080361962,-1.043590784072876,-0.0023143175058066845,9.809728622436523,4.9123034841613844e-05,0.0007884497754275799,-0.000975139148067683,270.0829191797693,-0.001163416299363007,0.0027613029724610112
539.4000080376863,-0.6260473728179932,0.009635956026613712,9.809659004211426,3.8375943404389545e-05,-0.00014380872016772628,0.00023283048358280212,270.08212687782554,-0.0011634061560386044,0.0027542766599817684
539.5000080391765,0.19471481442451477,-0.014076868072152138,9.809741973876953,-2.8280897822696716e-05,-0.0007228793692775071,-0.00139319384470582,270.0769086132997,-0.0011633972463584996,0.0027472325281380637
539.6000080406666,0.8156225681304932,-0.02478240802884102,9.80984878540039,-1.6588379367021844e-05,-0.00048050496843643486,-0.0023318848107010126,270.06505140490054,-0.0011633902556837938,0.0027401154739721007
539.7000080421567,0.7584885954856873,-0.008306032977998257,9.810176849365234,3.3069911296479404e-05,0.00030891303322277963,-0.0011380806099623442,270.05633608351957,-0.0011633840874196721,0.0027329304320771156
539.8000080436468,0.14807572960853577,-0.0064376406371593475,9.810235977172852,2.803002644213848e-06,0.0009766902076080441,-0.0012277805944904685,270.0493419698095,-0.0011633784674813796,0.0027257319571227664
539.9000080451369,-0.47266486287117004,0.00289485533721745,9.810129165649414,3.7815902032889426e-05,0.0010415847646072507,0.00018946938507724553,270.0479212904621,-0.0011633727104651825,0.002718575974499057
540.000008046627,-0.6581926345825195,-0.010818244889378548,9.809876441955566,-3.222403393010609e-05,0.0005926943267695606,-0.0013825645437464118,270.0426210636662,-0.0011633677758595695,0.0027114789328501047
540.1000080481172,-0.3806478977203369,0.0002761614741757512,9.8097505569458,3.8786300137871876e-05,-8.391204573854338e-06,0.00016475148731842637,270.0408725352387,-0.001163362978331861,0.0027044164333538015
540.2000080496073,0.14486245810985565,0.004900767933577299,9.809845924377441,-3.1303767400459037e-07,-0.00033780961530283093,2.759699236776214e-05,270.0412823465889,-0.0011633577695988606,0.0026973405007981346
540.3000080510974,0.5004161596298218,-0.00035532336914911866,9.809969902038574,1.1206967656107736e-06,-0.00016407268412876874,3.955114607379073e-06,270.04130966734556,-0.0011633524237879556,0.002690219608615211
540.4000080525875,0.45560330152511597,-0.00032287390786223114,9.81010913848877,6.767815534658439e-07,0.00032415412715636194,3.428080503908859e-07,270.04130966734556,-0.001163347215054955,0.0026830581431101282
540.5000080540776,0.06534028798341751,-3.6420897231437266e-05,9.810145378112793,1.181156676466344e-06,0.000711609551217407,8.825467716633284e-07,270.04130966734556,-0.0011633420063361655,0.0026758906464355355
540.6000080555677,-0.2901148498058319,0.00021956843556836247,9.810074806213379,1.812733216866036e-07,0.0007383949705399573,1.3868067298972164e-06,270.04130966734556,-0.0011633366605110496,0.0026687494675915325
540.7000080570579,-0.3929183781147003,-0.01730598881840706,9.809915542602539,-3.247473432566039e-05,0.00044994516065344214,-0.0014210119843482971,270.03559962919945,-0.0011633329595639452,0.0026616431050442467
540.800008058548,-0.2103653997182846,-0.00994892232120037,9.80987548828125,4.156410795985721e-06,9.288573346566409e-05,-0.0012661602813750505,270.02794981732904,-0.0011633302181195404,0.0026545559325817656
540.9000080600381,0.10494889318943024,0.002456734422594309,9.809932708740234,3.511931572575122e-05,-7.519248902099207e-05,0.00018850865308195353,270.0264744964683,-0.0011633270654698435,0.002647459439220951
541.0000080615282,0.2977547347545624,-0.010162601247429848,9.809953689575195,-3.5316639696247876e-05,4.4581236579688266e-05,-0.0014039266388863325,270.02109230740234,-0.00116332500938654,0.0026403358055973407
541.1000080630183,0.24784965813159943,-7.809497037669644e-05,9.810079574584961,3.97133881051559e-05,0.00032703852048143744,0.00016453165153507143,270.01928913746144,-0.0011633228162395426,0.0026331902404482395
541.2000080645084,0.027688082307577133,0.006245784927159548,9.810096740722656,-8.347383300133515e-07,0.0005404818803071976,2.9156770324334502e-05,270.019671628055,-0.0011633202118730424,0.0026260419338584515
541.3000080659986,-0.18256807327270508,0.011399244889616966,9.810028076171875,3.455125624896027e-05,0.0005433056503534317,0.0014331908896565437,270.02554559074116,-0.0011633163738480334,0.002618910350056851
541.4000080674887,-0.2202344834804535,0.0013658261159434915,9.809975624084473,-3.708514122990891e-05,0.0003693113394547254,-0.00015474678366445005,270.0274580437088,-0.00116331267291514,0.0026117985046281923
541.5000080689788,-0.11020118743181229,-0.021258266642689705,9.809910774230957,-3.0434708605753258e-05,0.00016555014008190483,-0.0014537551905959845,270.0213108734558,-0.00116331075389553,0.002604696254241936
541.6000080704689,0.07249036431312561,0.002485981909558177,9.809961318969727,3.6511290090857074e-05,8.060123946052045e-05,0.00015556736616417766,270.0193437789748,-0.0011633085607485327,0.002597587698542101
541.700008071959,0.17516545951366425,0.004950243514031172,9.809988021850586,-2.8735885280184448e-06,0.00015931656525935978,2.6735864594229497e-05,270.0197262695683,-0.0011633059563820325,0.002590463242486285
541.8000080734491,0.13521189987659454,0.01375760231167078,9.81005573272705,3.119686880381778e-05,0.0003224576357752085,0.0014383334200829268,270.02560023225453,-0.0011633022554349282,0.0025833269982355176
541.9000080749393,0.0026046496350318193,-0.0012407487956807017,9.810039520263672,-3.640736031229608e-05,0.00043902790639549494,-0.0001560727396281436,270.02748536446546,-0.00116329841742413,0.0025761902056966124
542.0000080764294,-0.10754816979169846,-0.0024386730510741472,9.810029029846191,3.6660221667261794e-06,0.0004329296061769128,-2.6388550395495258e-05,270.0271301946286,-0.001163294990618624,0.0025690632823441788
542.1000080779195,-0.12513062357902527,6.950351234991103e-05,9.809968948364258,-7.242678634611366e-08,0.00032817875035107136,-4.007320512755541e-06,270.02707555311525,-0.001163291563813118,0.0025619473247544904
542.2000080794096,-0.05509927496314049,3.6407440347829834e-05,9.809969902038574,-2.056470691513823e-07,0.00021274315076880157,-3.153996601668041e-07,270.0270482323586,-0.0011632879999297074,0.0025548365759021064
542.3000080808997,0.045007601380348206,0.0012392123462632298,9.809961318969727,-1.2522940551207284e-07,0.00017008800932671875,-2.2401999899557268e-07,270.0270482323586,-0.0011632844360747185,0.0025477217148886927
542.4000080823898,0.10259740799665451,-0.02385782264173031,9.810009002685547,-4.6577450120821595e-05,0.00022076581080909818,-0.0020254431292414665,270.0188520053546,-0.001163283065366727,0.002540597807121014
542.50000808388,0.07512348890304565,0.002489305566996336,9.810029029846191,5.326547034201212e-05,0.00031496977317146957,0.0002242744085378945,270.01617457119994,-0.0011632812834108108,0.0025334670457516193
542.6000080853701,-0.004936560522764921,0.005011909641325474,9.810009956359863,-3.642180672613904e-06,0.0003780499682761729,3.9106231270125136e-05,270.0167209863335,-0.0011632790902496026,0.0025263362843822245
542.7000080868602,-0.06252758204936981,-0.004971228539943695,9.810009956359863,1.3998189842823194e-06,0.00037037537549622357,7.17912780601182e-06,270.0168029486036,-0.001163277445385802,0.0025192118283264083
542.8000080883503,-0.07256753742694855,0.0012817280367016792,9.809989929199219,-6.798329650337109e-07,0.000308441580273211,1.7135049574790173e-06,270.01683026936024,-0.0011632756634440966,0.0025120934034401025
542.9000080898404,-0.027547378093004227,-0.0012314781779423356,9.810009956359863,1.361977751912491e-06,0.0002432297624181956,6.459065957642451e-07,270.01683026936024,-0.0011632740185945067,0.0025049777199944827
543.0000080913305,0.03251555189490318,0.0012509111547842622,9.809931755065918,2.8103247018407274e-07,0.00022232625633478165,3.7707911815232364e-07,270.01683026936024,-0.0011632722366528014,0.002497859020964108
543.1000080928206,0.05756895989179611,-6.425574611057527e-06,9.810039520263672,5.676955652234028e-07,0.00025376686244271696,2.2783389397318388e-07,270.01683026936024,-0.001163270454725307,0.0024907351131964292
543.2000080943108,0.03758291155099869,0.017553109675645828,9.810009956359863,3.229759749956429e-05,0.00030830371542833745,0.0014317784225568175,270.02262226977643,-0.001163267027919801,0.0024836079156999266
543.3000080958009,3.859165371977724e-05,1.0450252375449054e-05,9.810009956359863,-3.609061604947783e-05,0.000342603016179055,-0.0001570553140481934,270.02450740198736,-0.0011632637381921995,0.0024764807182034243
543.400008097291,-0.040014129132032394,-0.008722727186977863,9.810009956359863,1.7468869373260532e-06,0.00033565968624316156,-2.678195778571535e-05,270.02409759063715,-0.0011632611338256993,0.0024693570845798142
543.5000080987811,-0.04252679646015167,0.01884527876973152,9.809981346130371,3.2006544643081725e-05,0.00029832764994353056,0.0014255959540605545,270.0298349495399,-0.0011632567475174937,0.0024622372889731648
543.6000081002712,-0.01002089586108923,2.121503530361224e-05,9.810009956359863,-3.742875560419634e-05,0.0002625192573759705,-0.0001586929283803329,270.03174740250756,-0.001163252498272982,0.0024551183157987214
543.7000081017613,0.017512749880552292,-0.008749115280807018,9.809981346130371,2.0831341771554435e-06,0.0002514352963771671,-2.7238475013291463e-05,270.03133759115735,-0.0011632490714816868,0.0024479976977598663
543.8000081032515,0.035046763718128204,-3.4172080631833524e-06,9.809990882873535,-5.675129841620219e-07,0.00027207101811654866,-4.31852549809264e-06,270.0312556288873,-0.001163245507612487,0.002440874064136256
543.9000081047416,0.02504745125770569,0.001252037356607616,9.810019493103027,6.282994036155287e-07,0.0003035258559975773,-3.6563051253324375e-07,270.0312556288873,-0.001163242080806981,0.002433748237360097
544.0000081062317,-0.007473782170563936,-0.0012354579521343112,9.8100004196167,-9.8586701824388e-07,0.0003217943594790995,3.638678833794984e-07,270.0312556288873,-0.0011632385169235704,0.0024266229588720753
544.1000081077218,-0.024999991059303284,2.408781620033551e-05,9.810029983520508,-6.266856189540704e-07,0.0003161741478834301,3.0857034971631947e-07,270.0312556288873,-0.0011632349530543706,0.002419500147680671
544.2000081092119,-0.02250274084508419,0.02008768357336521,9.809961318969727,3.229932553949766e-05,0.0002941992424894124,0.0014302808558568358,270.03704762930346,-0.0011632297443071593,0.002412379255497747
544.300008110702,-0.002506923396140337,-0.0024878496769815683,9.810009956359863,-3.866574479616247e-05,0.0002740788913797587,-0.00015787598385941237,270.0389600822711,-0.001163224809729968,0.0024052583633148235
544.4000081121922,0.01000682357698679,-0.018803611397743225,9.8100004196167,-3.08534326904919e-05,0.0002693736751098186,-0.001457443693652749,270.0327582705047,-0.0011632213829386728,0.0023981369228437623
544.5000081136823,0.020034577697515488,0.0012497090501710773,9.8100004196167,3.7321682611946017e-05,0.0002813415485434234,0.0001541413803352043,270.0307638552671,-0.0011632178190552622,0.0023910135633642207
544.6000081151724,0.007537310477346182,0.006256370339542627,9.8100004196167,-4.0883105612010695e-06,0.00029974125209264457,2.6955201974487863e-05,270.0311463458606,-0.0011632138439665596,0.0023838891073084045
544.7000081166625,0.002531194593757391,-0.004990906920284033,9.810039520263672,1.0728037977969507e-06,0.00030977747519500554,5.082164534542244e-06,270.0311463458606,-0.001163210280083149,0.0023767649253966573
544.8000081181526,-0.019995996728539467,-0.0012286391574889421,9.809922218322754,6.364453497553768e-07,0.00030512051307596266,1.387780457662302e-06,270.0312556288873,-0.00116320671622816,0.002369642388349322
544.9000081196427,-0.00999531801789999,1.5905332475085743e-05,9.81006908416748,7.694762871324201e-07,0.00029266803176142275,3.252714577683946e-07,270.0312556288873,-0.001163203289422654,0.0023625209478782606
545.0000081211329,-0.00999531801789999,1.590519786986988e-05,9.809942245483398,8.642745683573594e-07,0.00028108301921747625,3.2528768656447937e-07,270.0312556288873,-0.0011631997255392434,0.002355400055695337
545.100008122623,0.020005352795124054,0.0012495397822931409,9.809981346130371,2.78393201824656e-07,0.0002790291327983141,4.693668813615659e-07,270.0312556288873,-0.0011631962987479483,0.00234827779279207
545.2000081241131,2.6215526304440573e-05,-0.001239549252204597,9.810078620910645,1.6552726265217643e-06,0.00028626463608816266,6.416249220819736e-08,270.0312556288873,-0.0011631927348787485,0.0023411549816006656
545.3000081256032,0.020026888698339462,-4.598205123329535e-07,9.80997085571289,-1.2369214346108492e-06,0.00029688829090446234,2.2880406902459072e-07,270.0312556288873,-0.001163189170995338,0.0023340307996889183
545.4000081270933,-0.009973098523914814,1.590529063832946e-05,9.810029983520508,8.207180144381709e-07,0.0003021238371729851,6.031275461282348e-07,270.0312556288873,-0.001163185744189832,0.0023269071660653082
545.5000081285834,-0.00999112892895937,0.0012659047497436404,9.809961318969727,7.39623260415101e-08,0.00029904593247920275,5.709730430680793e-07,270.0312556288873,-0.001163182180334843,0.0023197849031620413
545.6000081300735,7.504239874833729e-06,-0.001239549252204597,9.810019493103027,-9.736143056215951e-07,0.0002915163931902498,5.079413654129894e-07,270.0312556288873,-0.001163178753529337,0.0023126623661147054
545.7000081315637,8.186085324268788e-06,1.0450223271618597e-05,9.809981346130371,-1.0845775477719144e-06,0.0002853948681149632,4.5005927518104727e-07,270.0312556288873,-0.0011631751896459264,0.00230553982906737
545.8000081330538,8.186085324268788e-06,1.0450223271618597e-05,9.809981346130371,8.287206583190709e-07,0.000284749228740111,5.259573754301528e-07,270.0312556288873,-0.0011631716257767266,0.0022984172920200345
545.9000081345439,8.867985343385953e-06,0.001260449760593474,9.810009956359863,-1.823447064452921e-07,0.0002894338103942573,1.5548167198176088e-07,270.0312556288873,-0.0011631681989854314,0.002291294892044733
546.000008136034,-0.0024924948811531067,-0.0012381855631247163,9.810039520263672,-9.411106702827965e-07,0.00029519511735998094,4.6935011255300196e-07,270.0312556288873,-0.0011631646351020208,0.0022841723549973975
546.1000081375241,0.0025081848725676537,9.086479622055776e-06,9.809990882873535,-9.459513421461452e-07,0.00029774944414384663,5.877010380572756e-07,270.0312556288873,-0.0011631612082965148,0.002277049817950062
546.2000081390142,8.186108971131034e-06,1.0450253284943756e-05,9.810009956359863,1.195599907077849e-06,0.00029590129270218313,5.504053888216731e-07,270.0312556288873,-0.001163157644427315,0.0022699274179747604
546.3000081405044,8.867961696523707e-06,0.001260449760593474,9.809981346130371,9.960857596524875e-07,0.0002913938951678574,3.265809311869816e-07,270.0312556288873,-0.0011631540805581153,0.002262804880927425
546.4000081419945,7.504224413423799e-06,-0.001239549252204597,9.8100004196167,1.198659447254613e-07,0.0002884043788071722,6.250161277421284e-07,270.0312556288873,-0.0011631506537526093,0.002255682480952124
546.5000081434846,8.186085324268788e-06,1.0450223271618597e-05,9.809981346130371,-1.6496564967383165e-06,0.0002876910730265081,2.9955799618619494e-07,270.0312556288873,-0.0011631470898834095,0.0022485599439047883
546.6000081449747,-0.002491813153028488,1.1814006938948296e-05,9.810009956359863,9.243935039648932e-08,0.0002907119633164257,2.9184235472712317e-07,270.0312556288873,-0.0011631436630921144,0.0022414374068574524
546.7000081464648,0.002508866833522916,0.0012590859550982714,9.810009956359863,1.6356553089735826e-07,0.00029332673875615,5.092267656436889e-07,270.0312556288873,-0.0011631400992087038,0.0022343150068821513
546.8000081479549,7.504231689381413e-06,-0.001239549252204597,9.810009956359863,-8.703822231836966e-07,0.00029519773670472205,3.227081037948665e-07,270.0312556288873,-0.001163136535339504,0.002227192469834816
546.9000081494451,8.186093509721104e-06,1.0450233276060317e-05,9.809990882873535,1.092122147383634e-06,0.00029450972215272486,5.606797799373453e-07,270.0312556288873,-0.001163133108533998,0.002220070069859514
547.0000081509352,8.18611715658335e-06,1.0450263289385475e-05,9.810019493103027,2.919779262811062e-07,0.00029151776107028127,3.8959788639658655e-07,270.0312556288873,-0.0011631295446647982,0.0022129475328121788
547.1000081524253,7.865553925512359e-06,-0.011299347504973412,9.809981346130371,-3.1939383916324005e-05,0.0002899868995882571,-0.0014297692105174065,270.02546362847113,-0.0011631270773762026,0.0022058249957648433
547.2000081539154,-0.0024825988803058863,0.0025114775635302067,9.8100004196167,3.7677877116948366e-05,0.00028886282234452665,0.00015877489931881428,270.0235784962602,-0.0011631244730097023,0.0021987025957895417
547.3000081554055,0.0025185877457261086,0.002509404206648469,9.8100004196167,-2.918837935794727e-06,0.000291447970084846,2.7788842999143526e-05,270.0239883076104,-0.0011631214574236992,0.0021915800587422062
547.4000081568956,1.6495585441589355e-05,-0.0024895495735108852,9.8100004196167,1.7762583865987835e-06,0.0002929173642769456,5.142718237038935e-06,270.0239883076104,-0.0011631188530429881,0.002184457658766905
547.5000081583858,1.7018615835695527e-05,-0.0012395498342812061,9.8100004196167,1.4370366443472449e-06,0.00029366518720053136,1.1074513395215035e-06,270.0239883076104,-0.0011631162486764879,0.0021773351217195696
547.6000081598759,1.7541664419695735e-05,1.045025510393316e-05,9.810009956359863,5.755567826781771e-07,0.0002929408510681242,5.569018526330183e-07,270.0239883076104,-0.0011631136443099876,0.0021702125846722337
547.700008161366,1.8064662071992643e-05,0.0012604501098394394,9.809990882873535,1.5259644214893342e-07,0.0002920447150245309,3.1635676123187295e-07,270.0239883076104,-0.0011631109028797937,0.0021630901846969326
547.8000081628561,1.7018615835695527e-05,-0.0012395498342812061,9.8100004196167,-1.558140922952589e-07,0.00029042252572253346,2.94498534003651e-07,270.0239883076104,-0.0011631082985132934,0.002155967647649597
547.9000081643462,-0.002481935080140829,0.0012614962179213762,9.809990882873535,-1.5260444570230902e-06,0.0002907986054196954,4.0640290421833924e-07,270.0239883076104,-0.0011631056941325824,0.0021488452476742955
548.0000081658363,0.002517018700018525,-0.0012405958259478211,9.810009956359863,5.383200232245144e-07,0.0002915615332312882,3.9226122794389084e-07,270.0239883076104,-0.0011631030897660821,0.00214172271062696
548.1000081673265,1.8064678442897275e-05,0.0012604501098394394,9.8100004196167,9.701204817247344e-07,0.00029246945632621646,3.7168720723457227e-07,270.0239883076104,-0.0011631004853995819,0.0021346001735796246
548.2000081688166,1.7018615835695527e-05,-0.0012395498342812061,9.8100004196167,8.059981269070704e-07,0.00029275898123160005,4.205689378977695e-07,270.0239883076104,-0.0011630977439409662,0.0021274777736043234
548.3000081703067,2.3794320441083983e-05,0.01882314123213291,9.8100004196167,3.3619791793171316e-05,0.00029243281460367143,0.0014307992532849312,270.0298349495399,-0.0011630934947248761,0.0021203552365569875
548.4000081717968,1.403331225446891e-05,1.0450240552017931e-05,9.8100004196167,-3.753244163817726e-05,0.00029140166589058936,-0.00015757756773382425,270.03172008175085,-0.0011630892454945752,0.0021132328365816863
548.5000081732869,-0.0024907493498176336,-0.008738184347748756,9.8100004196167,3.747488335648086e-06,0.000290783733362332,-2.6976138542522676e-05,270.0313102704007,-0.0011630858186890691,0.002106110299534351
548.600008174777,0.0025140331126749516,9.08380843611667e-06,9.8100004196167,-7.27197402738966e-07,0.00029111464391462505,-4.294010523153702e-06,270.0313102704007,-0.0011630822548198694,0.002098987762487015
548.7000081762671,1.4716536497871857e-05,0.0012604502262547612,9.8100004196167,4.0511130805498397e-07,0.00029182914295233786,-3.6807483638767735e-07,270.0313102704007,-0.0011630788280143634,0.002091865362511714
548.8000081777573,1.3350099834497087e-05,-0.0012395497178658843,9.8100004196167,-6.005692512189853e-07,0.0002924891305156052,2.519499275877024e-07,270.0313102704007,-0.0011630752641451636,0.0020847428254643784
548.9000081792474,1.4033317711437121e-05,1.045024509949144e-05,9.8100004196167,-9.490859156358056e-07,0.000293234916171059,3.9987352806747367e-07,270.0313102704007,-0.001163071700261753,0.0020776204254890768
549.0000081807375,1.4033317711437121e-05,1.045024509949144e-05,9.8100004196167,-5.518583066077554e-07,0.00029195149545557797,4.5776559431942587e-07,270.0313102704007,-0.0011630682734704578,0.0020704978884417413
549.1000081822276,-0.0024852834176272154,0.0012618167093023658,9.8100004196167,-1.0148767159989802e-06,0.0002917124074883759,3.831458457170811e-07,270.0313102704007,-0.001163064709601258,0.00206337548846644
549.2000081837177,0.002513349987566471,-0.0012409162009134889,9.8100004196167,-1.1658310086204438e-06,0.00029117727535776794,5.786582732980605e-07,270.0313102704007,-0.001163061282795752,0.0020562529514191047
549.3000081852078,1.4033290426596068e-05,1.0450225090608e-05,9.809981346130371,3.9360210735139844e-07,0.0002913826028816402,3.4582271268845943e-07,270.0313102704007,-0.0011630577189265523,0.002049130414371769
549.400008186698,1.4033344996278174e-05,1.045026601786958e-05,9.810019493103027,3.6935887237632414e-08,0.00029169529443606734,3.7669744301638275e-07,270.0313102704007,-0.0011630541550431417,0.0020420080143964676
549.5000081881881,1.4716536497871857e-05,0.0012604502262547612,9.8100004196167,-8.581099564253236e-07,0.00029201057623140514,4.114427269996668e-07,270.0313102704007,-0.0011630507282518465,0.002034885477349132
549.6000081896782,1.3350099834497087e-05,-0.0012395497178658843,9.8100004196167,-1.0925523383775726e-06,0.0002923468127846718,4.3073561073470046e-07,270.0313102704007,-0.001163047164368436,0.0020277630773738306
549.7000081911683,-0.0024859667755663395,1.1816702681244351e-05,9.810019493103027,-1.0529099654377205e-06,0.00029218444251455367,4.6801568487353506e-07,270.0313102704007,-0.0011630437375771407,0.002020640540326495
549.8000081926584,0.0025140331126749516,9.08378842723323e-06,9.809981346130371,-9.98213636194123e-07,0.000292011012788862,4.975918272975832e-07,270.0313102704007,-0.0011630401736937301,0.0020135180032791597
549.9000081941485,1.4716509213030804e-05,0.0012604502262547612,9.809981346130371,-1.748455588312936e-06,0.0002916158991865814,5.87614295000094e-07,270.0313102704007,-0.0011630366098245304,0.0020063956033038585
550.0000081956387,1.335012711933814e-05,-0.0012395497178658843,9.810019493103027,8.769062276314799e-08,0.0002916780358646065,3.8435737792497093e-07,270.0313102704007,-0.0011630331830190244,0.0019992730662565226
550.1000081971288,1.4033317711437121e-05,1.045024509949144e-05,9.8100004196167,1.5515794871134858e-07,0.00029154267394915223,3.483400803361292e-07,270.0313102704007,-0.0011630296191498246,0.0019921506662812214
550.2000081986189,1.4033317711437121e-05,1.045024509949144e-05,9.8100004196167,1.4157720329421863e-07,0.00029196852119639516,3.3033501267709653e-07,270.0313102704007,-0.0011630261923585294,0.001985028129233886
550.300008200109,1.471656378271291e-05,0.0012604502262547612,9.810019493103027,1.16658065962838e-06,0.0002921530103776604,3.856603427720984e-07,270.0313102704007,-0.0011630226284751188,0.00197790559218655
550.4000082015991,-0.00248664990067482,-0.0012381832348182797,9.809981346130371,1.667657727466576e-07,0.0002920931437984109,3.8824157400085824e-07,270.0313102704007,-0.001163019064605919,0.001970783192211249
550.5000082030892,0.0025140331126749516,9.08380843611667e-06,9.8100004196167,-1.1351102102707955e-07,0.0002912779164034873,3.88249020488729e-07,270.0313102704007,-0.001163015637800413,0.0019636606551639135
550.6000082045794,1.4033317711437121e-05,1.045024509949144e-05,9.8100004196167,1.4819381988218083e-07,0.0002915746299549937,4.088443006367015e-07,270.0313102704007,-0.0011630120739312133,0.0019565382551886123
550.7000082060695,1.4716536497871857e-05,0.0012604502262547612,9.8100004196167,1.2172786227893084e-06,0.0002914979122579098,2.3263632442649396e-07,270.0313102704007,-0.0011630086471257073,0.0019494157181412764
550.8000082075596,1.3350099834497087e-05,-0.0012395497178658843,9.8100004196167,2.0335496628831606e-06,0.0002917909587267786,1.9150823504787695e-07,270.0313102704007,-0.0011630050832565075,0.001942293181093941
550.9000082090497,1.4033317711437121e-05,1.045024509949144e-05,9.8100004196167,1.2765127621605643e-06,0.0002917051606345922,3.111723003712541e-07,270.0313102704007,-0.0011630015193873078,0.0019351707811186396
551.0000082105398,-0.0024859667755663395,1.181668176286621e-05,9.8100004196167,2.444855340399954e-07,0.00029174675000831485,2.327286381387239e-07,270.0313102704007,-0.0011629980925818018,0.001928048244071304
551.1000082120299,0.0025147164706140757,0.0012590837432071567,9.8100004196167,1.0235612535325345e-06,0.00029159028781577945,2.8547989927574235e-07,270.0313102704007,-0.001162994528712602,0.0019209258440960027
551.20000821352,1.3350099834497087e-05,-0.0012395497178658843,9.8100004196167,1.0561085446170182e-06,0.0002915345539804548,3.0736771350348135e-07,270.0313102704007,-0.001162991101907096,0.001913803307048667
551.3000082150102,1.4033317711437121e-05,1.045024509949144e-05,9.8100004196167,1.976294470296125e-07,0.0002915353688877076,3.729852267042588e-07,270.0313102704007,-0.0011629875380378962,0.0019066807700013316
551.4000082165003,1.0204464160779025e-05,-0.011299562640488148,9.8100004196167,-3.207566624041647e-05,0.0002919821417890489,-0.0014298835303634405,270.02546362847113,-0.0011629850707493006,0.0018995583700260302
551.5000082179904,1.5716819689259864e-05,0.001260449760593474,9.809981346130371,3.658510104287416e-05,0.00029229364008642733,0.00015821553824935108,270.0235784962602,-0.0011629824663828003,0.0018924358329786947
551.6000082194805,-0.00248270807787776,0.005011494271457195,9.810019493103027,-1.0569832511464483e-06,0.00029181051650084555,2.7630845579551533e-05,270.02393366609704,-0.0011629794507825864,0.0018853134330033933
551.7000082209706,0.003763113636523485,-0.004991116933524609,9.8100004196167,-8.591194955442916e-08,0.0002917874080594629,5.1300739869475365e-06,270.02393366609704,-0.0011629768464160861,0.0018781908959560577
551.8000082224607,-0.002484274795278907,0.0012614948209375143,9.810019493103027,-3.976509788117255e-07,0.0002922805433627218,1.0497777793716523e-06,270.02393366609704,-0.0011629742420495859,0.0018710683589087222
551.9000082239509,0.0012646804098039865,-0.0012400720734149218,9.809961318969727,-1.0144173074877472e-06,0.00029185274615883827,7.564642601209925e-07,270.02393366609704,-0.0011629716376972965,0.0018639459589334208
552.000008225441,1.572507608216256e-05,0.0012604502262547612,9.810019493103027,2.1682741646600334e-07,0.00029172052745707333,4.7345750431304623e-07,270.02393366609704,-0.0011629688962386808,0.0018568234218860854
552.1000082269311,-0.001235319534316659,-0.0012390274787321687,9.8100004196167,9.474573516854434e-07,0.0002915378427132964,3.5898312944482313e-07,270.02393366609704,-0.0011629662918721806,0.001849701021910784
552.2000082284212,0.0012657250044867396,0.0012599278707057238,9.8100004196167,3.576650442482787e-07,0.0002918296668212861,3.8214116671042575e-07,270.02393366609704,-0.0011629636875056804,0.0018425784848634485
552.3000082299113,1.468047503294656e-05,-0.0012395497178658843,9.8100004196167,5.616753924186924e-07,0.00029196165269240737,4.297458815472055e-07,270.02393366609704,-0.0011629610831391801,0.0018354559478161129
552.4000082314014,-0.0012347971787676215,1.0972531526931562e-05,9.8100004196167,7.13559927589813e-07,0.0002921251580119133,3.71871692550485e-07,270.02393366609704,-0.001162958478758469,0.0018283335478408115
552.5000082328916,0.0012657250044867396,0.0012599278707057238,9.8100004196167,-1.0225709274891415e-06,0.0002915404038503766,3.3972210644606093e-07,270.02393366609704,-0.0011629557373140642,0.001821211010793476
552.6000082343817,1.468047503294656e-05,-0.0012395497178658843,9.8100004196167,8.349651352546061e-07,0.00029220490250736475,2.6126312491214776e-07,270.02393366609704,-0.0011629531329617748,0.0018140886108181746
552.7000082358718,-0.0012342749396339059,0.0012609724653884768,9.8100004196167,8.34222760204284e-07,0.0002920390688814223,4.709412735337537e-07,270.02393366609704,-0.0011629505285952746,0.0018069660737708392
552.8000082373619,0.0012646804098039865,-0.0012400720734149218,9.8100004196167,9.08066681404307e-07,0.00029192297370173037,3.8348505881913297e-07,270.02393366609704,-0.0011629479242145635,0.0017998435367235035
552.900008238852,1.5725046978332102e-05,0.0012604502262547612,9.8100004196167,-2.544217068134458e-07,0.00029221674776636064,4.1434628883507685e-07,270.02393366609704,-0.0011629453198480633,0.0017927211367482021
553.0000082403421,1.468047503294656e-05,-0.0012395497178658843,9.8100004196167,-2.979565465466294e-07,0.00029229390202090144,4.001790614438505e-07,270.02393366609704,-0.0011629425784178693,0.0017855985997008667
553.1000082418323,-0.0012250356376171112,0.018823795020580292,9.8100004196167,3.289989763288759e-05,0.00029133277712389827,0.001430592266842723,270.0298349495399,-0.0011629383291733575,0.0017784761997255653
553.2000082433224,0.0012652018340304494,9.758550731930882e-06,9.810019493103027,-3.658808418549597e-05,0.0002920195402111858,-0.0001574153284309432,270.03172008175085,-0.0011629340799572674,0.0017713536626782298
553.3000082448125,1.042020448949188e-05,-0.008739548735320568,9.809981346130371,2.0079307887499453e-06,0.000291691831080243,-2.6689142032410018e-05,270.0313102704007,-0.0011629306531375505,0.0017642311256308941
553.4000082463026,-0.0012347971787676215,1.1133462976431474e-05,9.8100004196167,-7.430104460581788e-07,0.0002919264661613852,-4.25141615778557e-06,270.0313102704007,-0.0011629270892683508,0.001757108725655593
553.5000082477927,0.0012658858904615045,0.001259766984730959,9.8100004196167,-1.4641025245509809e-06,0.00029195129172876477,-3.8467720742119127e-07,270.0313102704007,-0.0011629235254133619,0.0017499861886082573
553.6000082492828,1.4519542673951946e-05,-0.0012395498342812061,9.8100004196167,-1.6428843991889153e-06,0.0002919297548942268,3.9611887814317015e-07,270.0313102704007,-0.001162920098593645,0.001742863788632956
553.700008250773,-0.0012347971787676215,1.1133462976431474e-05,9.8100004196167,4.822358334877208e-08,0.00029097869992256165,5.196001779950166e-07,270.0313102704007,-0.0011629165347102344,0.0017357412515856205
553.8000082522631,0.001265202765353024,9.767026313056704e-06,9.8100004196167,1.0248089665765292e-07,0.0002913313510362059,3.47231406294668e-07,270.0313102704007,-0.0011629131079189392,0.0017286187145382848
553.9000082537532,1.5885978427832015e-05,0.0012604501098394394,9.8100004196167,6.900001494614116e-07,0.00029161490965634584,2.713452715852327e-07,270.0313102704007,-0.0011629095440639503,0.0017214963145629836
554.0000082552433,-0.0012354804202914238,-0.0012388665927574039,9.8100004196167,4.066286862780544e-07,0.00029153857030905783,4.012800616237655e-07,270.0313102704007,-0.0011629059801663288,0.001714373777515648
554.1000082567334,0.001265202765353024,9.767026313056704e-06,9.8100004196167,1.3352261021282175e-06,0.00029188813641667366,1.8262156231685367e-07,270.0313102704007,-0.0011629025533608228,0.0017072513775403465
554.2000082582235,1.520276055089198e-05,1.045024509949144e-05,9.8100004196167,2.418104827484058e-07,0.000291580508928746,2.1865938037990418e-07,270.0313102704007,-0.0011628989895200448,0.001700128840493011
554.3000082597136,-0.001234114053659141,0.0012611333513632417,9.809981346130371,-1.6241192497545853e-06,0.0002916775119956583,5.170801955500792e-07,270.0313102704007,-0.0011628955627145388,0.0016930063034456754
554.4000082612038,0.0012645195238292217,-0.0012402329593896866,9.810019493103027,-1.651130105528864e-06,0.00029173813527449965,5.440651307253574e-07,270.0313102704007,-0.001162891998845339,0.0016858839034703743
554.5000082626939,1.520276055089198e-05,1.045024509949144e-05,9.8100004196167,-1.6367466741940007e-06,0.0002917079837061465,6.713824518556066e-07,270.0313102704007,-0.0011628884349477175,0.0016787613664230386
554.600008264184,-0.0012347971787676215,1.1133462976431474e-05,9.8100004196167,-8.383696012970177e-07,0.0002919826947618276,4.218031790514942e-07,270.0313102704007,-0.0011628850081706332,0.0016716389664477372
554.7000082656741,0.0012658858904615045,0.001259766984730959,9.8100004196167,-1.6467108707729494e-06,0.0002915633376687765,5.774281817139126e-07,270.0313102704007,-0.0011628814442730118,0.0016645164294004017
554.8000082671642,1.4519572687277105e-05,-0.0012395498342812061,9.810019493103027,-8.091537893051282e-07,0.0002918821992352605,4.770700456901977e-07,270.0313102704007,-0.0011628780174675057,0.001657393892353066
554.9000082686543,-0.0012347971787676215,1.1133442967548035e-05,9.809981346130371,1.3245946774986805e-06,0.0002919268445111811,4.7451729301428713e-07,270.0313102704007,-0.0011628744536267277,0.001650271492377765
555.0000082701445,0.001265202765353024,9.767026313056704e-06,9.8100004196167,2.511599177523749e-07,0.000291656528133899,2.0954634294412244e-07,270.0313102704007,-0.001162870889743317,0.0016431489553304292
555.1000082716346,1.5885978427832015e-05,0.0012604501098394394,9.8100004196167,2.1967794339161628e-07,0.00029173793154768646,3.9479556335209054e-07,270.0313102704007,-0.0011628674629236002,0.001636026555355128
555.2000082731247,9.64909850154072e-06,-0.012549469247460365,9.8100004196167,-3.303845733171329e-05,0.00029212533263489604,-0.001430026488378644,270.02546362847113,-0.0011628649956350046,0.0016289040183077924
555.3000082746148,-0.0012342827394604683,0.0012609638506546617,9.8100004196167,3.6623932828661054e-05,0.00029204844031482935,0.00015844438166823238,270.0235784962602,-0.0011628623912685043,0.0016217814812604567
555.4000082761049,0.0012672918383032084,0.005009927786886692,9.8100004196167,-1.7828720046964008e-06,0.0002915871737059206,2.7673169824993238e-05,270.02393366609704,-0.0011628593756825012,0.0016146590812851555
555.500008277595,1.0038285836344585e-05,-0.016301224008202553,9.809981346130371,-3.226616172469221e-05,0.0002916452649515122,-0.0014252769760787487,270.01822362795093,-0.0011628577308187005,0.0016075365442378199
555.6000082790852,-0.0012280360097065568,0.01756841130554676,9.810019493103027,7.01259559718892e-05,0.00029238112620078027,0.0015895591350272298,270.0221304961562,-0.0011628545781547928,0.0016004141442625187
555.7000082805753,0.001266267616301775,0.0025099178310483694,9.8100004196167,-4.0733928472036496e-05,0.0002916289959102869,-0.00013033118739258498,270.0244254397173,-0.0011628511513492867,0.001593291607215183
555.8000082820654,1.2048483768012375e-05,-0.007489549927413464,9.8100004196167,3.5532018500816775e-06,0.0002915411605499685,-2.197969843109604e-05,270.02409759063715,-0.0011628485469969974,0.0015861690701678473
555.9000082835555,-0.001235322910360992,-0.0012390241026878357,9.8100004196167,5.160669616088853e-07,0.00029189116321504116,-3.4524632610555273e-06,270.02409759063715,-0.0011628459426304971,0.0015790466701925462
556.0000082850456,0.001265202765353024,9.924531696015038e-06,9.8100004196167,3.3661410725471796e-07,0.0002919123216997832,-3.4721202268883644e-07,270.02409759063715,-0.001162843338249786,0.0015719241331452105
556.1000082865357,1.5728473954368383e-05,0.0012604502262547612,9.8100004196167,-1.0750827073024993e-07,0.0002920044644270092,2.86958595552278e-07,270.02409759063715,-0.0011628407338974966,0.0015648017331699093
556.2000082880259,-0.001235322910360992,-0.0012390241026878357,9.8100004196167,-4.0368524878431344e-07,0.0002920820261351764,4.181618180609803e-07,270.02409759063715,-0.0011628379924530918,0.0015576791961225737
556.300008289516,0.0012657284969463944,0.0012599244946613908,9.8100004196167,1.2334495522736688e-06,0.0002921749255619943,4.6060597469477216e-07,270.02409759063715,-0.0011628353880865916,0.001550556659075238
556.4000082910061,1.467704805691028e-05,-0.0012395497178658843,9.8100004196167,8.700494902313949e-08,0.00029180405545048416,1.6475644315505633e-07,270.02409759063715,-0.0011628327837200914,0.0015434342590999368
556.5000082924962,-0.001234271447174251,0.0012609758414328098,9.8100004196167,1.0511372465771274e-06,0.0002921151171904057,3.6415681847756787e-07,270.02409759063715,-0.0011628301793393803,0.0015363117220526011
556.6000082939863,0.0012646770337596536,-0.0012400754494592547,9.8100004196167,-9.065554422704736e-07,0.00029140370315872133,3.963248786931217e-07,270.02409759063715,-0.00116282757497288,0.0015291893220773
556.7000082954764,1.5728473954368383e-05,0.0012604502262547612,9.8100004196167,-9.763800790096866e-07,0.0002914443612098694,2.4840329615472e-07,270.02409759063715,-0.0011628248335284752,0.0015220667850299643
556.8000082969666,-0.001235322910360992,-0.0012390241026878357,9.8100004196167,8.89076147814194e-07,0.00029215545509941876,3.050091663681087e-07,270.02409759063715,-0.0011628222291477641,0.0015149442479826286
556.9000082984567,0.001265202765353024,9.924531696015038e-06,9.8100004196167,8.594273595008417e-07,0.0002921776904258877,3.268879140705394e-07,270.02409759063715,-0.0011628196247954747,0.0015078218480073275
557.0000082999468,1.5728473954368383e-05,0.0012604502262547612,9.8100004196167,8.20599950657197e-07,0.0002921563573181629,4.696759390299121e-07,270.02409759063715,-0.0011628170204289745,0.0015006993109599918
557.1000083014369,1.467704805691028e-05,-0.0012395497178658843,9.8100004196167,8.63779348492244e-07,0.000292117620119825,3.7578087130896165e-07,270.02409759063715,-0.0011628144160624743,0.0014935769109846906
557.200008302927,-0.001234271447174251,0.0012609758414328098,9.8100004196167,-1.010567984849331e-06,0.0002913929056376219,3.654963052213134e-07,270.02409759063715,-0.0011628116746038586,0.001486454373937355
557.3000083044171,0.0012646770337596536,-0.0012400754494592547,9.8100004196167,8.435373501924914e-07,0.00029211578657850623,5.147225579094084e-07,270.02409759063715,-0.0011628090702515692,0.0014793318368900193
557.4000083059072,1.5728473954368383e-05,0.0012604502262547612,9.8100004196167,8.188166020772769e-07,0.0002921372069977224,3.076316374972521e-07,270.02409759063715,-0.001162806465885069,0.001472209436914718
557.5000083073974,-0.002485322766005993,-0.0012384983710944653,9.8100004196167,-1.0358634199292283e-06,0.0002921767008956522,2.5232452571799513e-07,270.02409759063715,-0.0011628038615185687,0.0014650870369394167
557.6000083088875,0.002515202620998025,9.398818292538635e-06,9.8100004196167,-2.7774490263254847e-08,0.0002917806268669665,4.079703330717166e-07,270.02409759063715,-0.0011628012571520685,0.0014579644998920812
557.7000083103776,1.5728473954368383e-05,0.0012604502262547612,9.8100004196167,-1.0614593293212238e-06,0.0002920872939284891,4.311172290272225e-07,270.02409759063715,-0.0011627985156934528,0.0014508420999167799
557.8000083118677,1.467704805691028e-05,-0.0012395497178658843,9.8100004196167,-1.0450785339344293e-06,0.0002920638944488019,2.2915378394827712e-07,270.02409759063715,-0.0011627959113269526,0.0014437195628694444
557.9000083133578,-0.001234271447174251,0.0012609758414328098,9.8100004196167,-1.0266196568409214e-06,0.00029213554807938635,2.857456991023355e-07,270.02409759063715,-0.0011627933069746632,0.0014365970258221087
558.000008314848,0.0012646770337596536,-0.0012400754494592547,9.8100004196167,-1.0051342087535886e-06,0.0002922086277976632,3.1404218248098914e-07,270.02409759063715,-0.001162790702608163,0.0014294746258468076
558.1000083163381,1.5728473954368383e-05,0.0012604502262547612,9.8100004196167,5.86453268169862e-08,0.000291828386252746,4.1566417507965525e-07,270.02409759063715,-0.001162788098213241,0.0014223520887994719
558.2000083178282,-0.001235322910360992,-0.0012390241026878357,9.8100004196167,-9.999180292652454e-07,0.0002920883125625551,3.371912669081212e-07,270.02409759063715,-0.001162785356783047,0.0014152296888241705
558.3000083193183,0.0012657284969463944,0.0012599244946613908,9.8100004196167,9.633336617298482e-08,0.00029163865838199854,5.944523309153738e-07,270.02409759063715,-0.0011627827524165468,0.001408107151776835
558.4000083208084,1.467704805691028e-05,-0.0012395497178658843,9.8100004196167,-9.329595513918321e-07,0.00029196517425589263,3.37168273745192e-07,270.02409759063715,-0.0011627801480642574,0.0014009846147294994
558.5000083222985,-0.0012347971787676215,1.097595759347314e-05,9.8100004196167,-9.568029781803489e-07,0.0002920145052485168,4.3234439317529905e-07,270.02409759063715,-0.0011627775436835464,0.0013938622147541982
558.6000083237886,0.0012657284969463944,0.0012599244946613908,9.8100004196167,-9.500288342678687e-07,0.0002920988481491804,2.3166334983670822e-07,270.02409759063715,-0.0011627749393170461,0.0013867396777068625
558.7000083252788,1.467704805691028e-05,-0.0012395497178658843,9.8100004196167,-9.705104275781196e-07,0.00029213097877800465,2.895430384342035e-07,270.02409759063715,-0.0011627721978726413,0.0013796172777315611
558.8000083267689,-0.0012243968667462468,0.020073795691132545,9.8100004196167,3.115990330115892e-05,0.0002921298146247864,0.0014307043747976422,270.02980762878326,-0.0011627679486423403,0.0013724947406842257
558.900008328259,0.001263818354345858,-0.0024902394507080317,9.810019493103027,-3.7564695958280936e-05,0.00029157500830478966,-0.00015736620116513222,270.03172008175085,-0.0011627636994262502,0.00136537220363689
559.0000083297491,1.1106103556812741e-05,-0.007489548064768314,9.809981346130371,2.860067752408213e-06,0.00029188432381488383,-2.6750636607175693e-05,270.0313102704007,-0.0011627602726065334,0.0013582498036615888
559.1000083312392,-0.001234114053659141,0.001261132420040667,9.8100004196167,-7.056521553749917e-07,0.0002918503596447408,-4.17012233810965e-06,270.0313102704007,-0.0011627567087231228,0.0013511272666142532
559.2000083327293,0.0012645195238292217,-0.0012402321444824338,9.8100004196167,-3.7291374610504135e-07,0.00029158260440453887,-5.04047591221024e-07,270.0313102704007,-0.0011627532819318276,0.001344004866638952
559.3000083342195,1.5202758731902577e-05,1.0450243280502036e-05,9.8100004196167,-1.5286555026250426e-06,0.00029206398176029325,3.873808793741773e-07,270.0313102704007,-0.0011627497180626278,0.0013368823295916163
559.4000083357096,-0.0012347967131063342,1.1133013686048798e-05,9.8100004196167,9.127477369474946e-07,0.00029146973975002766,2.3430378348621161e-07,270.0313102704007,-0.0011627461541792172,0.0013297597925442807
559.5000083371997,0.0012658849591389298,0.0012597668683156371,9.8100004196167,1.404794431891787e-07,0.00029144593281671405,3.166365161177964e-07,270.0313102704007,-0.0011627427273737112,0.0013226373925689795
559.6000083386898,1.4519988326355815e-05,-0.0012395493686199188,9.8100004196167,7.115985454220208e-07,0.00029157556127756834,5.083055043542117e-07,270.0313102704007,-0.0011627391635045115,0.0013155148555216438
559.7000083401799,-0.0012347967131063342,1.1133013686048798e-05,9.8100004196167,3.8996768125798553e-07,0.000291431846562773,3.874046115015517e-07,270.0313102704007,-0.0011627357367132163,0.0013083924555463426
559.80000834167,0.0012652022996917367,9.767471965460572e-06,9.8100004196167,1.3268103202790371e-06,0.00029178347904235125,3.758543698495487e-07,270.0313102704007,-0.0011627321728298057,0.001301269918499007
559.9000083431602,1.5885530956438743e-05,0.001260449644178152,9.8100004196167,1.2346042694844073e-06,0.00029189971974119544,2.999830144290172e-07,270.0313102704007,-0.001162728608960606,0.0012941473814516713
560.0000083446503,1.4519959222525358e-05,-0.0012395493686199188,9.809981346130371,-9.866864729701774e-07,0.00029138464014977217,9.161276182112488e-08,270.0313102704007,-0.0011627251821835216,0.0012870249814763701
560.1000083461404,-0.0012347967131063342,1.113303551392164e-05,9.810019493103027,-1.7614006537769455e-06,0.0002918278914876282,5.816775114908523e-07,270.0313102704007,-0.0011627216182859001,0.0012799024444290345
560.2000083476305,0.0012652022996917367,9.767471965460572e-06,9.8100004196167,-9.39799974730704e-07,0.00029148193425498903,4.118503227346082e-07,270.0313102704007,-0.0011627181914803941,0.0012727800444537333
560.3000083491206,1.5885530956438743e-05,0.001260449644178152,9.8100004196167,-9.264065283787204e-07,0.0002920811530202627,4.4912584939993394e-07,270.0313102704007,-0.0011627146276111944,0.0012656575074063976
560.4000083506107,-0.0012354794889688492,-0.0012388665927574039,9.8100004196167,-1.6753861018514726e-06,0.0002915645600296557,5.854521987203043e-07,270.0313102704007,-0.0011627110637277838,0.001258534970359062
560.5000083521008,0.0012652022996917367,9.767471965460572e-06,9.8100004196167,-8.797758255241206e-07,0.00029186398023739457,5.00532678415766e-07,270.0313102704007,-0.0011627076369364886,0.0012514125703837608
560.600008353591,1.5202788745227735e-05,1.0450264198880177e-05,9.810019493103027,-8.575565288992948e-07,0.000291934673441574,4.966535129824479e-07,270.0313102704007,-0.0011627040730672888,0.001244290033336425
560.7000083550811,-0.001234114053659141,0.001261132420040667,9.809981346130371,1.28559042877896e-06,0.0002920636616181582,5.121048616274493e-07,270.0313102704007,-0.0011627006462617828,0.001237167633361124
560.8000083565712,0.0012645195238292217,-0.0012402321444824338,9.8100004196167,2.386832989031973e-07,0.00029183292645029724,4.117873970699293e-07,270.0313102704007,-0.001162697082392583,0.0012300450963137882
560.9000083580613,1.5202758731902577e-05,1.0450243280502036e-05,9.8100004196167,1.057642521118396e-06,0.0002914723881985992,3.0760412528252346e-07,270.0313102704007,-0.0011626935185375942,0.0012229225592664526
561.0000083595514,-0.0012347967131063342,1.1133013686048798e-05,9.8100004196167,2.4231377437899937e-07,0.0002916865050792694,3.937999792924529e-07,270.0313102704007,-0.0011626900917178773,0.0012158001592911514
561.1000083610415,0.0012658849591389298,0.0012597668683156371,9.8100004196167,2.598090702576883e-07,0.0002914894139394164,2.5874746256704384e-07,270.0313102704007,-0.0011626865278628884,0.0012086776222438157
561.2000083625317,1.4519988326355815e-05,-0.0012395493686199188,9.8100004196167,1.3103875744491233e-06,0.0002918251557275653,2.497695845704584e-07,270.0313102704007,-0.0011626831010431715,0.0012015552222685146
561.3000083640218,-0.0012347967131063342,1.1133013686048798e-05,9.8100004196167,1.2716803894363693e-06,0.00029190772329457104,2.459339043525688e-07,270.0313102704007,-0.0011626795371881826,0.0011944326852211789
561.4000083655119,0.0012652022996917367,9.767471965460572e-06,9.8100004196167,1.2166716487627127e-06,0.00029204494785517454,4.839257030653243e-07,270.0313102704007,-0.0011626759733189829,0.0011873101481738432
561.500008367002,1.5885530956438743e-05,0.001260449644178152,9.8100004196167,1.1478539363452e-06,0.0002921505074482411,4.44064141902345e-07,270.0313102704007,-0.0011626725465134768,0.001180187748198542
561.6000083684921,-0.0012354794889688492,-0.0012388665927574039,9.8100004196167,5.018499393827369e-08,0.0002917503588832915,3.7460861790350464e-07,270.0313102704007,-0.001162668982644277,0.0011730652111512064
561.7000083699822,0.0012652022996917367,9.767471965460572e-06,9.8100004196167,1.125923063227674e-06,0.00029198476113379,4.903969283986953e-07,270.0313102704007,-0.001162665555838771,0.0011659428111759052
561.8000083714724,1.5202758731902577e-05,1.0450243280502036e-05,9.8100004196167,1.180736035166774e-06,0.00029184154118411243,3.450621193223924e-07,270.0313102704007,-0.0011626619919695713,0.0011588202741285695
561.9000083729625,-0.12269260734319687,0.0013272006763145328,9.81005573272705,1.8864136563934153e-07,0.0007617437513545156,1.1267151194260805e-06,270.0312283081306,-0.0011626584281003716,0.0011517087028439796
562.0000083744526,-0.7572115659713745,-0.0008270135149359703,9.810140609741211,8.317113042721758e-08,0.001340553630143404,2.7688374757417478e-06,270.0312556288873,-0.0011626550012948655,0.0011446651878244294
562.1000083759427,-1.487021803855896,0.0008205200429074466,9.809830665588379,5.917489716011914e-07,0.0014060746179893613,4.357437774160644e-06,270.0312556288873,-0.001162651437397244,0.0011377549753582555
562.2000083774328,-1.8028209209442139,0.0009927815990522504,9.809346199035645,-1.0368162293161731e-06,0.0009144267532974482,4.3796976569865365e-06,270.031282949644,-0.001162648010591738,0.0011310065764285964
562.3000083789229,-1.5879875421524048,0.0021254471503198147,9.809321403503418,2.183410998668478e-07,0.00020370131824165583,3.5983628094982123e-06,270.031282949644,-0.00116264444675096,0.0011244004582705613
562.400008380413,-1.0212843418121338,-0.0006830913480371237,9.809493064880371,-5.8257185742149886e-08,-0.0003157912869937718,2.1105597625137307e-06,270.0313102704007,-0.0011626408828675494,0.001117885904231452
562.5000083819032,-0.5030996203422546,0.0002844205591827631,9.80982780456543,-2.287272025114362e-07,-0.00031349158962257206,1.4622480648540659e-06,270.0313102704007,-0.0011626374560762542,0.0011114162412835826
562.6000083833933,-0.3789369463920593,0.0002167821949115023,9.810032844543457,-3.1479282824875554e-07,0.00015424132288899273,1.4643582062490168e-06,270.0313102704007,-0.0011626338921786328,0.0011049805722002245
562.7000083848834,-0.6965509057044983,0.0016404849011451006,9.810086250305176,6.165201966723544e-07,0.0006926177302375436,2.756643880275078e-06,270.03133759115735,-0.0011626304654015485,0.0010986073394284991
562.8000083863735,-1.1582725048065186,-0.0006067457143217325,9.809898376464844,-3.932083245672402e-07,0.0009072108659893274,3.632397465480608e-06,270.031364911914,-0.001162626901503927,0.0010923380072587884
562.9000083878636,-1.4049603939056396,0.0007780237938277423,9.809638977050781,7.527087291236967e-07,0.0007083117961883545,3.931084847863531e-06,270.031364911914,-0.001162623337663149,0.0010861947128246348
563.0000083893538,-1.3150712251663208,-0.013189287856221199,9.80955982208252,-2.2205702407518402e-05,0.00029281916795298457,-0.0012300754897296429,270.02628325117155,-0.00116262114448773,0.0010801693003399965
563.1000083908439,-0.9722885489463806,0.00043054454727098346,9.809577941894531,3.236303018638864e-05,-5.7690442190505564e-05,0.0001625459553906694,270.0248079303108,-0.0011626189513407326,0.0010742309971331686
563.200008392334,-0.6118271350860596,0.004028851166367531,9.809818267822266,-1.704258920653956e-06,-9.608321124687791e-05,2.60168071690714e-05,270.02521774166104,-0.0011626163469742323,0.0010683473856680343
563.3000083938241,-0.49650993943214417,0.00022878206800669432,9.81003189086914,5.952927750740855e-08,0.00019283425353933126,5.226711436989717e-06,270.02527238317435,-0.0011626137425935212,0.001062508322614054
563.4000083953142,-0.6740411520004272,0.000307072710711509,9.809991836547852,9.300587180405273e-07,0.0005685664364136755,2.8903889415232698e-06,270.02527238317435,-0.0011626111382412319,0.0010567297083272087
563.5000083968043,-0.9868437051773071,0.0016949080163612962,9.809893608093262,-1.6953076737991069e-06,0.0007474155281670392,3.0856476769258734e-06,270.02527238317435,-0.0011626085338605208,0.001051039574038517
563.6000083982944,-1.178397536277771,-0.0007207361049950123,9.809782028198242,-3.857581418742484e-07,0.0006311698816716671,2.6175730454269797e-06,270.02527238317435,-0.0011626057924303268,0.001045455122288286
563.7000083997846,-1.1234805583953857,0.0017559403786435723,9.809647560119629,-2.679289536899887e-07,0.00033582653850317,3.086088554482558e-06,270.0253270246877,-0.0011626031880496157,0.0010399713499472632
563.8000084012747,-0.8745275735855103,-0.0008535681990906596,9.809712409973145,5.516901637747651e-07,7.46927980799228e-05,2.3171396605903283e-06,270.02535434544444,-0.0011626005836831155,0.0010345659142738542
563.9000084027648,-0.6066817045211792,0.00152823724783957,9.809857368469238,2.6617391313266126e-07,4.006077506346628e-05,1.2906619986097212e-06,270.02535434544444,-0.0011625979793166152,0.0010292149647340874
564.0000084042549,-0.5164476037025452,-0.0010115979239344597,9.80996322631836,-1.3264295830595074e-06,0.0002579173306003213,1.5219535498545156e-06,270.02535434544444,-0.001162595374950115,0.0010239102084698864
564.100008405745,-0.6564778685569763,0.0015504466136917472,9.809979438781738,1.3058830745649175e-06,0.0005470724427141249,2.1134724192961585e-06,270.0253816662011,-0.0011625926335057102,0.0010186641875723915
564.2000084072351,-0.8929588794708252,-0.0008449543965980411,9.80992317199707,-5.136083700563177e-07,0.0006836274988017976,2.9519762847485254e-06,270.0253816662011,-0.00116259002913921,0.0010134982852789568
564.3000084087253,-1.0381933450698853,0.00046924271737225354,9.809795379638672,3.4192086673101585e-07,0.000583527609705925,2.7565911295823753e-06,270.0253816662011,-0.0011625874247727097,0.0010084255234328423
564.4000084102154,-0.9832350611686707,0.00044559361413121223,9.80975341796875,-4.028594844385225e-07,0.0003383730072528124,2.3014370071905432e-06,270.02540898695776,-0.0011625848204204203,0.0010034409674408128
564.5000084117055,-0.7680507898330688,-0.00839974731206894,9.809762954711914,3.9220469716383377e-07,0.00013032674905844033,1.4809855883868295e-06,270.02540898695776,-0.0011625830384645042,0.0009985250845379776
564.6000084131956,-0.5490097999572754,0.0002532436337787658,9.809867858886719,1.5995370858945535e-06,0.00012159337347839028,2.5204024041158846e-06,270.02540898695776,-0.001162581256508588,0.0009936584790314806
564.7000084146857,-0.48883214592933655,0.00022663625713903457,9.809991836547852,-1.3126731346346787e-06,0.00032758095767349005,2.162522150683799e-06,270.02540898695776,-0.0011625794745953044,0.0009888355995039315
564.8000084161758,-0.6363901495933533,-0.000957953161559999,9.809968948364258,1.1777219697250985e-06,0.0005762158543802798,2.1752214252046542e-06,270.02540898695776,-0.0011625778297315037,0.000984069879014694
564.900008417666,-0.8478583097457886,0.0016357264248654246,9.80993938446045,4.919198772768141e-07,0.0006690215668641031,2.5250171802326804e-06,270.02540898695776,-0.0011625760477897984,0.0009793800278964525
565.0000084191561,-0.9467921853065491,0.0004303070018067956,9.809846878051758,1.3603288380181766e-06,0.000548026931937784,2.411972445770516e-06,270.02546362847113,-0.0011625741287843994,0.0009747752299755065
565.1000084206462,-0.8655421733856201,0.00039420806569978595,9.809734344482422,-1.249745082532172e-06,0.0003125607327092439,1.853816343100334e-06,270.02546362847113,-0.0011625724839205986,0.0009702479462899685
565.2000084221363,0.6044409871101379,-0.0002583480963949114,9.808989524841309,1.7632146409596317e-07,0.0006870162324048579,-1.8165520998536522e-07,270.02546362847113,-0.0011625707019788933,0.0009656662450068055
565.3000084236264,-0.6983729004859924,-0.0009296584175899625,9.807086944580078,-6.628412165810005e-07,-0.000619522004853934,1.4757688404642977e-06,270.02546362847113,-0.001162568920037188,0.0009611473227153611
565.4000084251165,-3.7425146102905273,0.00292220339179039,9.793312072753906,9.700434020487592e-07,0.011766311712563038,5.479213086800883e-06,270.02549094922784,-0.0011625671381096936,0.000956963952763932
565.5000084266067,-6.298331260681152,-0.011437080800533295,9.817885398864746,-1.7174661479657516e-05,-0.003486103378236294,-0.0009275749907828867,270.02133819421243,-0.001162566589826497,0.0009533458678820386
565.6000084280968,1.713820457458496,0.006878087297081947,9.818842887878418,2.5649134840932675e-05,-0.005304921418428421,0.00025916571030393243,270.02147479799584,-0.0011625653561679883,0.0009495734398895008
565.7000084295869,3.920447826385498,0.24325498938560486,9.808894157409668,0.00040192928281612694,-0.004507867619395256,0.020149005576968193,270.11171525731004,-0.001162541642713677,0.0009454491479848636
565.800008431077,4.172852039337158,0.06076951324939728,9.831686019897461,-0.00022557590273208916,-0.0008158975979313254,0.010538477450609207,270.1852354135361,-0.001162511349789952,0.0009409505123544985
565.9000084325671,-2.880573034286499,-0.05796392261981964,9.772209167480469,-0.0014323671348392963,0.016210349276661873,0.12080561369657516,270.38951271123284,-0.0011624879104630281,0.0009367103260448438
566.0000084340572,-16.569246292114258,-0.16055583953857422,9.785786628723145,0.003832032671198249,0.0016899335896596313,0.04950267821550369,271.19842567501576,-0.0011625099790677496,0.0009339566174113722
566.1000084355474,-1.6353806257247925,0.4462429881095886,9.81473445892334,-0.00016609202430117875,-0.009108136408030987,-0.02498859539628029,271.1324187268768,-0.0011624950382014276,0.0009313497814626746
566.2000084370375,4.907090187072754,0.065193772315979,9.811692237854004,-0.0002869295421987772,-0.007435498759150505,-0.018769850954413414,271.0232176624266,-0.001162466390169925,0.0009283022589236382
566.3000084385276,5.657017707824707,-0.005004525184631348,9.807647705078125,-0.00033023415016941726,-0.004359752405434847,-0.01724412851035595,270.9262289762124,-0.0011624297919325954,0.0009247470215694804
566.4000084400177,5.188295364379883,-0.038107357919216156,9.806413650512695,-0.00023024497204460204,-0.0011144672753289342,-0.015871042385697365,270.83541478100796,-0.0011623899039818752,0.0009207264931948235
566.5000084415078,2.790001392364502,-0.03313262760639191,9.809155464172363,-9.344832506030798e-05,0.0034494036808609962,-0.013105658814311028,270.7565670772293,-0.001162349741861135,0.0009164558083575325
566.6000084429979,-1.5840474367141724,-0.013361968100070953,9.811345100402832,-1.9715182133950293e-05,0.0048659797757864,-0.009942343458533287,270.6949314501591,-0.001162312458276915,0.0009123276098999172
566.700008444488,-3.289250373840332,-0.010467059910297394,9.808874130249023,-1.2706477718893439e-05,0.0032581184059381485,-0.007824310101568699,270.6467649561322,-0.001162279560972479,0.0009084946646042273
566.8000084459782,-2.679851770401001,-0.009144067764282227,9.808059692382812,-2.614539334899746e-05,-0.0002454127243254334,-0.006471505854278803,270.6082153684566,-0.0011622498163603723,0.0009049020751207173
566.9000084474683,-0.6608337163925171,2.0822548866271973,9.807162284851074,0.0059642791748046875,-0.0018178378231823444,0.20051036775112152,271.36103881877546,-0.0011620352986057014,0.000901373155597149
567.0000084489584,1.5743125677108765,3.6851119995117188,9.803136825561523,0.0042158327996730804,-0.003009989857673645,0.3730737268924713,273.14836272078435,-0.001161483994877699,0.0008977210768507442
567.1000084504485,4.068048477172852,2.165745735168457,9.804858207702637,-0.0010464689694344997,-0.0029575973749160767,0.3539845943450928,275.14938958154465,-0.001160707481815848,0.0008937228226816642
567.2000084519386,5.0020270347595215,0.9502880573272705,9.827093124389648,-0.00042390418821014464,-0.002151281340047717,0.31779706478118896,276.9771208826834,-0.001159792525996295,0.0008892893648036183
567.3000084534287,3.729705810546875,0.6868834495544434,9.797420501708984,0.0007094071479514241,0.0017548080068081617,0.2693420350551605,278.5815596394761,-0.0011587676384010592,0.0008845344044690748
567.4000084549189,2.3279478549957275,0.644707441329956,9.792166709899902,0.0016995574114844203,-0.0011367968982085586,0.22951899468898773,279.94606751110456,-0.0011576502271708478,0.000879583910877574
567.500008456409,4.065489292144775,0.7314872741699219,9.805729866027832,0.001407891046255827,-0.0037296328227967024,0.20928563177585602,281.136979294788,-0.0011563984853495413,0.0008742883384396724
567.6000084578991,5.075087547302246,2.7125000953674316,9.802885055541992,0.009535643272101879,1.8201535567641258e-05,0.4057671129703522,283.03298516687016,-0.001154808175598987,0.0008686040297124394
567.7000084593892,4.273283004760742,5.367626667022705,9.792824745178223,0.011455073021352291,0.0011775912716984749,0.6550592184066772,286.1813198836525,-0.0011526502505887493,0.0008626854648785534
567.8000084608793,4.195562839508057,7.6401472091674805,9.774386405944824,0.01806802675127983,0.0046889763325452805,0.9669971466064453,290.8681137298452,-0.0011497206099875257,0.0008566586816735718
567.9000084623694,3.4784111976623535,10.121658325195312,9.751555442810059,0.012936923652887344,0.007805509492754936,1.2022024393081665,297.2156270915915,-0.001145844212842917,0.0008507682166067215
568.0000084638596,2.171717643737793,11.27935791015625,9.732951164245605,0.013665881007909775,0.013614408671855927,1.4266778230667114,304.8036120896388,-0.001141029626182899,0.0008452928056597921
568.1000084653497,-0.2645244598388672,11.226335525512695,9.733064651489258,0.0038163564167916775,0.014028966426849365,1.3878909349441528,312.756657038445,-0.0011354951371913558,0.0008405154340476374
568.2000084668398,-2.747042655944824,11.31060791015625,9.725268363952637,0.0067461226135492325,0.015322725288569927,1.4665194749832153,320.87827105596705,-0.0011295149584782394,0.000836676731726506
568.3000084683299,-3.6812877655029297,12.215030670166016,9.713201522827148,0.004119171295315027,0.013484342955052853,1.4848191738128662,329.2523835067262,-0.0011232608413109801,0.0008339439265782682
568.40000846982,-1.3683977127075195,9.690892219543457,9.742209434509277,-0.003796135541051626,0.005939938593655825,1.2300903797149658,336.7622311406686,-0.001116778156514897,0.0008320539088330469
568.5000084713101,1.6583852767944336,7.135223388671875,9.766314506530762,-0.0013852878473699093,0.0027680653147399426,1.0676058530807495,343.0863032931834,-0.0011099678010282332,0.0008307285593332069
568.6000084728003,3.2656569480895996,5.467395782470703,9.782692909240723,-0.005374062340706587,0.0017766826786100864,0.8285549879074097,348.2470576262616,-0.0011027711765478898,0.000829820045889734
568.7000084742904,1.6107840538024902,2.7646536827087402,10.364418983459473,0.11777188628911972,-0.06574871391057968,0.622321605682373,352.2131025904779,-0.0010954040344444138,0.0008291245423875942
568.8000084757805,0.40981388092041016,5.2070512771606445,8.677810668945312,-0.009855994954705238,0.014441567473113537,0.49648138880729675,355.29340862312694,-0.0010879620510451105,0.0008288898065288212
568.9000084772706,-2.7302026748657227,1.0251519680023193,10.222677230834961,-0.005265285260975361,0.0020941784605383873,0.3032277226448059,357.3662071116857,-0.0010807606290370586,0.0008287563669034108
569.0000084787607,-2.3758225440979004,1.0149950981140137,9.897649765014648,-0.00360487075522542,-1.1904630810022354e-06,0.1955915093421936,358.6647080351752,-0.0010737700238223624,0.0008287176440537154
569.1000084802508,-1.4523539543151855,0.780826210975647,9.822089195251465,-0.0024393699131906033,-0.001788110937923193,0.1346263885498047,359.53397255046434,-0.001066909020224216,0.0008287492391576261
569.200008481741,0.4652669429779053,0.57660973072052,9.80825424194336,-0.0016747170593589544,-0.003176650032401085,0.09616582095623016,0.14536995767399616,-0.0010600062096557394,0.0008288319621303382
569.3000084832311,2.2171106338500977,0.41608619689941406,9.806992530822754,-0.0012171303387731314,-0.00249489676207304,0.07050204277038574,0.5888388259181444,-0.001052904850212144,0.0008289536820968144
569.4000084847212,2.1432511806488037,-0.27449846267700195,9.808424949645996,-0.0027195902075618505,-0.00026679295115172863,-0.0076739671640098095,0.6841413625418314,-0.0010456108360585858,0.0008290527851776277
569.5000084862113,0.41150933504104614,-0.22126436233520508,9.809919357299805,-0.00045552977826446295,0.0016359274741262197,-0.0032604101579636335,0.6578965740994691,-0.0010382798124481951,0.0008291324240295676
569.6000084877014,-1.347790002822876,0.031542301177978516,9.809814453125,-0.0002929659094661474,0.0017447462305426598,-0.0005775895551778376,0.6495152916576287,-0.0010310698234548,0.0008292134336018508
569.7000084891915,-1.9581565856933594,0.027246594429016113,9.809144020080566,-0.00014661630848422647,0.0006153079448267817,0.0019332334632053971,0.6558112853293524,-0.001024035560789116,0.0008292948543902369
569.8000084906816,-1.3245794773101807,0.015627145767211914,9.80909252166748,-0.0001394806895405054,-0.0010153116891160607,0.0011919507523998618,0.6641131134612385,-0.001017120071054478,0.0008293762066426057
569.9000084921718,0.19169864058494568,-0.008338242769241333,9.809350967407227,-0.00011322600767016411,-0.0023330533877015114,-0.00022086068929638714,0.6649964490199916,-0.0010101873787817794,0.0008294571476788718
570.0000084936619,1.641338586807251,-0.25465381145477295,9.80955982208252,-0.0008306202944368124,-0.002035690937191248,-0.025812001898884773,0.5650989559930313,-0.0010031070599296754,0.0008295165684057494
570.100008495152,1.7496066093444824,-0.17716240882873535,9.809955596923828,9.643429075367749e-05,-0.00038933701580390334,-0.016587551683187485,0.45499502591195634,-0.0009958696565206537,0.0008295615280330065
570.2000084966421,0.4962713420391083,-0.027619242668151855,9.810561180114746,0.00012909516226500273,0.0011464140843600035,-0.009177150204777718,0.3896676815953694,-0.0009885879102853323,0.0008296042945077143
570.3000084981322,-0.9253127574920654,-0.017777681350708008,9.810284614562988,7.992715109139681e-05,0.0013738384004682302,-0.00539788231253624,0.35277022596659363,-0.0009813890926579916,0.0008296450049019073
570.4000084996223,-1.5016169548034668,-0.0210421085357666,9.809647560119629,4.456285387277603e-05,0.0005215280689299107,-0.00378520623780787,0.3280534522271835,-0.0009743250168412487,0.0008296831109274482
570.5000085011125,-1.0629949569702148,-0.01757192611694336,9.809422492980957,3.214087337255478e-05,-0.0007641441188752651,-0.002833679784089327,0.3109042612838831,-0.0009673564116923217,0.0008297190923364573
570.6000085026026,0.07388883084058762,-0.11340806633234024,9.809558868408203,-0.0002971875946968794,-0.0017651948146522045,-0.012607008218765259,0.2564086631760108,-0.0009603809529181717,0.0008297449304149266
570.7000085040927,1.1493068933486938,-0.08200657367706299,9.809732437133789,7.491593714803457e-05,-0.001593498163856566,-0.00816199742257595,0.20270878210644494,-0.0009533023474688207,0.0008297639148916798
570.8000085055828,1.2702683210372925,-0.019042134284973145,9.810060501098633,6.930512608960271e-05,-0.0004362637992016971,-0.004925069864839315,0.17017418985129412,-0.0009461097666161322,0.0008297814601120728
570.9000085070729,0.41295188665390015,-0.007513612508773804,9.810412406921387,5.9912505093961954e-05,0.0006789810722693801,-0.0027177277952432632,0.1506578581129083,-0.0009388801763208221,0.0008297984570443286
571.000008508563,-0.6007001399993896,-0.011198222637176514,9.810222625732422,2.5048095267266035e-05,0.0009050099179148674,-0.0020053591579198837,0.1384764158313889,-0.0009317045238503852,0.0008298143574003097
571.1000085100532,-1.0447455644607544,-0.009668588638305664,9.80982780456543,1.4389923308044672e-05,0.00031147676054388285,-0.0016952272271737456,0.12666880634500868,-0.0009246226286592218,0.0008298291611800162
571.2000085115433,-0.7454740405082703,0.004733443260192871,9.809614181518555,6.595690501853824e-05,-0.0006081364117562771,0.00028941850177943707,0.1251145381024341,-0.0009176076246291132,0.0008298442391037914
571.3000085130334,0.046997711062431335,-0.05347168445587158,9.809717178344727,-0.00018795672804117203,-0.0012788199819624424,-0.006167904939502478,0.10087055485984905,-0.000910588439893445,0.0008298545880423826
571.4000085145235,0.7548689842224121,-0.04307788610458374,9.809840202331543,4.386215005069971e-05,-0.0011526035377755761,-0.0037032924592494965,0.07661667984915939,-0.0009035013359692812,0.0008298611675000299
571.5000085160136,0.8278986215591431,-0.006643116474151611,9.810118675231934,3.8578553358092904e-05,-0.00039439351530745625,-0.001946142758242786,0.06561060373405075,-0.0008963400075430172,0.0008298672672055571
571.6000085175037,0.2726028859615326,0.00029402971267700195,9.810242652893066,2.2511754650622606e-05,0.0003349462931510061,-0.0010939977364614606,0.05233915597547922,-0.00088915428028713,0.0008298733669110844
571.7000085189939,-0.3875032067298889,0.007855474948883057,9.810166358947754,4.274709499441087e-05,0.0004864336515311152,0.0002255157014587894,0.05233915597547922,-0.0008820033693410778,0.0008298801519767832
571.800008520484,-0.6718670129776001,-0.012615740299224854,9.809900283813477,-4.157188595854677e-05,8.796199108473957e-05,-0.0014214172260835767,0.048456643664523236,-0.0008749127700582449,0.0008298857719301904
571.9000085219741,-0.46068692207336426,-0.029208719730377197,9.809782028198242,-4.369125235825777e-05,-0.000515200721565634,-0.0027523336466401815,0.03956468118525214,-0.0008678634294909671,0.0008298887189789282
572.0000085234642,0.05101952701807022,-0.013856984674930573,9.809796333312988,1.920695649459958e-05,-0.0009105022763833404,-0.0017146363388746977,0.01978234059262607,-0.0008608095655233683,0.0008298905009153744
572.1000085249543,0.3639374375343323,-0.007039904594421387,9.810011863708496,9.638664778321981e-06,-0.0004003711510449648,-0.0011765306117013097,0.01978234059262607,-0.0008537229413576597,0.000829891597491649
572.2000085264444,-0.1696009337902069,-0.007531479001045227,9.810288429260254,-4.174711648374796e-06,0.0005801162333227694,-0.0012483855243772268,0.01978234059262607,-0.0008466516007104019,0.000829892077243769
572.3000085279346,-1.2326864004135132,0.003922820091247559,9.810142517089844,4.226365126669407e-05,0.0010814035777002573,0.00018970346718560904,0.0,-0.0008396908086609756,0.0008298928311399579
572.4000085294247,-1.9964615106582642,0.0015527009963989258,9.80945873260498,2.8242357075214386e-07,0.0007147322758100927,3.600446507334709e-05,0.01978234059262607,-0.0008329091697731883,0.0008298937221081809
572.5000085309148,-2.0345938205718994,-0.00031256675720214844,9.80908203125,2.89425952360034e-06,-0.00014989046030677855,9.195136954076588e-06,0.01978234059262607,-0.0008263099737604307,0.0008298946130764041
572.6000085324049,-1.4449522495269775,0.0008484125137329102,9.809196472167969,1.6523990780115128e-06,-0.0010302226291969419,2.8820338684454327e-06,0.01978234059262607,-0.0008198403107968488,0.0008298955040446271
572.700008533895,-0.6021578311920166,0.00010120868682861328,9.809662818908691,3.8906000554561615e-07,-0.0014093489153310657,3.9498644355262513e-07,0.01978234059262607,-0.0008134245856865618,0.0008298963950128501
572.8000085353851,-0.07876979559659958,-0.0006028264760971069,9.809961318969727,9.399373084306717e-07,-0.0010056905448436737,-3.361230938025983e-07,0.01978234059262607,-0.0008070157142014978,0.0008298972174450561
572.9000085368752,-0.24666036665439606,-0.013155370950698853,9.810227394104004,-3.997894236817956e-05,-0.00018804334104061127,-0.0013566066045314074,0.01978234059262607,-0.0008006289798316857,0.0008298968747649703
573.0000085383654,-0.9065414667129517,0.0025363564491271973,9.810141563415527,3.8583792047575116e-05,0.00039578505675308406,0.0001611521001905203,0.0,-0.0007943235291776318,0.0008298968062289532
573.1000085398555,-1.506695032119751,0.0006891489028930664,9.809722900390625,-2.7489440981298685e-06,0.00035515191848389804,2.902258165704552e-05,0.01978234059262607,-0.0007881532315536788,0.0008298967376929359
573.2000085413456,-1.6565556526184082,0.000697016716003418,9.809438705444336,-6.6356733441352844e-09,-0.0001515667390776798,7.27748829376651e-06,0.01978234059262607,-0.0007821315200260415,0.0008298967376929359
573.3000085428357,-1.3202012777328491,5.9604644775390625e-05,9.809402465820312,-9.344657883048058e-07,-0.0007779007428325713,2.5340002594020916e-06,0.01978234059262607,-0.0007762281016425732,0.0008298967376929359
573.4000085443258,-0.718959629535675,3.719329833984375e-05,9.80968189239502,-2.3888424038887024e-07,-0.0011327480897307396,9.393003210789175e-07,0.01978234059262607,-0.0007703891071315638,0.0008298967376929359
573.500008545816,-0.2782753109931946,2.0772218704223633e-05,9.809930801391602,-5.382462404668331e-07,-0.0009293700568377972,1.9301712939068238e-07,0.01978234059262607,-0.0007645749911660005,0.0008298967376929359
573.6000085473061,-0.31551358103752136,-0.010055363178253174,9.810091018676758,-3.726716386154294e-05,-0.0003472037788014859,-0.001262545003555715,359.9802297900763,-0.0007587891120834911,0.0008298958467247129
573.7000085487962,-0.7676922678947449,0.002452850341796875,9.8101224899292,3.811712667811662e-05,0.00013546866830438375,0.00016681845590937883,359.9802297900763,-0.0007530720431248028,0.0008298951613645413
573.8000085502863,-1.244510293006897,-0.00834667682647705,9.809843063354492,-4.062581865582615e-05,0.0001731729571474716,-0.001191728631965816,359.9802297900763,-0.0007474666193587609,0.0008298937221081809
573.9000085517764,-1.4030362367630005,-0.01101672649383545,9.809576988220215,1.312859239988029e-06,-0.00018156137957703322,-0.0010299956193193793,359.9802297900763,-0.0007419870277232121,0.0008298913918835975
574.0000085532665,-1.1736236810684204,0.005320549011230469,9.809550285339355,3.260152880102396e-05,-0.0006776397349312901,0.0001933866587933153,359.9802297900763,-0.0007366126388603789,0.0008298895414111341
574.1000085547566,-0.7050230503082275,0.004829108715057373,9.809757232666016,-5.785143002867699e-06,-0.000993427005596459,2.708154534047935e-05,359.9802297900763,-0.0007313013716725436,0.0008298881021547738
574.2000085562468,-0.3238365948200226,-0.0038247406482696533,9.809867858886719,-1.6502453945577145e-06,-0.0008617147104814649,3.6336500670586247e-06,359.9802297900763,-0.0007260191637641356,0.0008298863887543449
574.3000085577369,-0.3311023414134979,-0.0007017254829406738,9.810110092163086,3.1522358767688274e-07,-0.0003842781006824225,1.0219624755336554e-06,359.9802297900763,-0.0007207664948651882,0.0008298846068178987
574.400008559227,-0.7038482427597046,0.00044983625411987305,9.810070037841797,-2.6645284378901124e-07,2.925463741121348e-05,1.2144837455707602e-06,359.9802297900763,-0.0007155770161801911,0.0008298828248814525
574.5000085607171,-1.1124536991119385,-0.0002828836441040039,9.809871673583984,-1.2891468941234052e-06,6.949886301299557e-05,2.0093666535103694e-06,359.9802297900763,-0.0007104872574075216,0.0008298811114810235
574.6000085622072,-1.2515445947647095,0.004055380821228027,9.809704780578613,4.0007580537348986e-07,-0.0002353895833948627,1.4283006066762027e-06,359.9802297900763,-0.0007055097606212257,0.0008298798092966974
574.7000085636973,-1.0446226596832275,0.005360126495361328,9.809589385986328,1.326145138591528e-06,-0.0006752238841727376,1.467355673412385e-06,359.9802297900763,-0.0007006258840505097,0.0008298789183284744
574.8000085651875,-0.6204374432563782,-0.0007780194282531738,9.809785842895508,1.0065268725156784e-06,-0.0009609578992240131,4.951172059008968e-07,359.9802297900763,-0.0006957975901826785,0.0008298780273602513
574.9000085666776,-0.2736756503582001,-6.154179573059082e-05,9.80990982055664,-9.951181709766388e-07,-0.0008214741828851402,7.81428610707735e-08,359.9802297900763,-0.0006909937636407903,0.0008298771363920282
575.0000085681677,-0.3091179132461548,0.0005540549755096436,9.8101167678833,-1.2302189134061337e-07,-0.0003589477564673871,3.581226337701082e-07,359.9802297900763,-0.000686217694223501,0.0008298762454238051
575.1000085696578,-0.6837642788887024,-0.000794827938079834,9.810068130493164,3.398199623916298e-07,1.8334281776333228e-05,6.664850502602349e-07,359.9802297900763,-0.000681502896000552,0.0008298754229915992
575.2000085711479,-1.0661097764968872,0.0003542900085449219,9.809881210327148,9.660288924351335e-08,1.9240222172811627e-05,1.888505494207493e-06,359.9802297900763,-0.0006768836369701603,0.0008298745320233762
575.300008572638,-0.909561038017273,-0.0008544325828552246,9.80544376373291,-8.807983249425888e-07,-0.002831077901646495,-3.0879064070177265e-06,359.9802297900763,-0.0006723460729034514,0.000829873641055153
575.4000085741282,-0.021612955257296562,5.0067901611328125e-06,9.814070701599121,7.078051567077637e-08,-0.0017574522644281387,3.0251635507738683e-06,359.9802297900763,-0.0006678103592747675,0.00082987275008693
575.5000085756183,-0.49726220965385437,0.0005043148994445801,9.794098854064941,9.218347258865833e-07,-3.3220818295376375e-05,1.1013643188562128e-06,359.9802297900763,-0.0006633191255502879,0.0008298718591187069
575.6000085771084,-0.7438800930976868,-0.0008106827735900879,9.815726280212402,8.728238753974438e-07,0.0005902293487451971,1.3582382507593138e-06,359.9802297900763,-0.0006588946458805367,0.000829871036686501
575.7000085785985,-1.1543103456497192,-0.00029397010803222656,9.823684692382812,-1.5521072782576084e-06,0.0002157108683604747,1.0745967529146583e-06,359.9802297900763,-0.0006545737241339111,0.0008298701457182779
575.8000085800886,-0.765401303768158,0.0004336833953857422,9.810525894165039,9.288778528571129e-07,-0.0004495257162488997,3.593998201267823e-07,359.9802297900763,-0.0006503213384121409,0.0008298692547500548
575.9000085815787,-0.26555028557777405,-0.0006843805313110352,9.808357238769531,-2.504384610801935e-07,-0.00042401428800076246,3.157759067562438e-07,359.9802297900763,-0.0006460928032367974,0.0008298683637818317
576.0000085830688,-0.37483158707618713,0.0005367398262023926,9.808807373046875,-1.799489837139845e-06,0.00018964898481499404,1.1108581929875072e-06,359.9802297900763,-0.0006418977821454064,0.0008298674728136087
576.100008584559,-0.8570635914802551,0.009901583194732666,9.809229850769043,1.7490092432126403e-05,0.00042738253250718117,0.001016015070490539,359.9802297900763,-0.0006377795899510375,0.0008298676098856429
576.2000085860491,-0.9566518664360046,0.008069276809692383,9.809370040893555,-8.971028364612721e-06,-2.6830402930499986e-05,0.0007081947405822575,359.9802297900763,-0.0006337472048727477,0.0008298683637818317
576.3000085875392,-0.5476330518722534,-0.013816297054290771,9.809561729431152,-2.0120322005823255e-05,-0.0004479491035453975,-0.0002681541664060205,359.9802297900763,-0.0006297638915384596,0.0008298679525657287
576.4000085890293,-0.282320499420166,-0.0056521594524383545,9.809813499450684,8.089817129075527e-06,-0.00019768062338698655,-6.147611202322878e-06,359.9802297900763,-0.0006258058680117529,0.0008298669930614886
576.5000085905194,-0.5424102544784546,0.0018178820610046387,9.810062408447266,1.9548169802874327e-06,0.00026179986889474094,7.004518352005107e-07,359.9802297900763,-0.000621896436527436,0.0008298661706292826
576.6000085920095,-0.86332768201828,0.0011611580848693848,9.80990219116211,1.1872034519910812e-06,0.00020260963356122375,8.629109515823075e-07,359.9802297900763,-0.0006180645192586098,0.000829865485269111
576.7000085934997,-0.7445784211158752,0.007424890995025635,9.80981159210205,4.0973827708512545e-07,-0.00023716263240203261,4.304640697228024e-07,359.9802297900763,-0.0006142992190234509,0.000829865485269111
576.8000085949898,-0.382409930229187,-3.343820571899414e-05,9.809808731079102,8.515780791640282e-07,-0.0003726153227034956,2.2156011425522593e-07,359.9802297900763,-0.000610568255325461,0.000829865485269111
576.9000085964799,-0.344769150018692,0.005663365125656128,9.810033798217773,1.4706248293805402e-05,8.62925298861228e-06,0.000930728972889483,0.0,-0.0006068681328201819,0.0008298660335572483
577.00000859797,-0.5485013723373413,1.8690590858459473,9.808347702026367,0.007457097060978413,-0.0005322033539414406,0.20756849646568298,0.7135413248547696,-0.0006032193438016975,0.0008300330558310672
577.1000085994601,1.3006901741027832,3.035867691040039,9.805302619934082,0.000909262103959918,-0.0027939227875322104,0.2804949879646301,2.2014041204409596,-0.0005994642554298935,0.0008304759355739551
577.2000086009502,3.977278232574463,1.0890681743621826,9.806694030761719,-0.0010661464184522629,-0.0029930134769529104,0.2513534426689148,3.6416387262841816,-0.0005953591536211889,0.0008310382735947528
577.3000086024404,4.915496349334717,0.6093401908874512,9.832954406738281,0.00022246630396693945,-0.002173544140532613,0.2260192334651947,4.938877772324486,-0.0005908194649180132,0.0008316924498785451
577.4000086039305,2.8746514320373535,0.4648153781890869,9.787278175354004,0.0006701968377456069,0.0011952396016567945,0.19658000767230988,6.075541205411906,-0.0005860279063369944,0.0008324148880354286
577.5000086054206,2.3373947143554688,0.43757927417755127,9.797767639160156,0.0010595049243420362,-0.0012729479931294918,0.15186025202274323,7.0373996070711895,-0.000581033275565801,0.0008332015444403911
577.6000086069107,4.721738338470459,0.5238759517669678,9.805587768554688,0.0011153474915772676,-0.0018026112811639905,0.1514696627855301,7.882045132383885,-0.000575625646717981,0.0008340923755914367
577.7000086084008,4.881142616271973,2.333085536956787,9.804779052734375,0.008789559826254845,-0.00044170860201120377,0.3290855586528778,9.380727801389021,-0.0005698202005959274,0.0008352602978598603
577.8000086098909,4.5059099197387695,5.459178924560547,9.791556358337402,0.01620136946439743,0.0019076662138104439,0.6793939471244812,12.357605133210194,-0.0005637245386935774,0.0008369912435092532
577.900008611381,3.9584665298461914,8.706562042236328,9.767497062683105,0.01916169747710228,0.005463790148496628,1.0253112316131592,17.317782423574542,-0.0005575217892612727,0.0008395705965150696
578.0000086128712,3.0239953994750977,11.2681303024292,9.738710403442383,0.01673061028122902,0.010198932141065598,1.3420984745025635,24.242055741856927,-0.0005514852739310072,0.0008431792919626122
578.1000086143613,1.3352069854736328,12.97537899017334,9.712063789367676,0.014687184244394302,0.01650393195450306,1.5904055833816528,32.71677346399574,-0.0005459744641314046,0.000847827747326489
578.2000086158514,-2.048935890197754,14.596172332763672,9.684215545654297,0.011717039160430431,0.021838782355189323,1.7809784412384033,42.386692328616746,-0.0005414782957871012,0.0008533150835404042
578.3000086173415,-2.863086223602295,13.638628005981445,9.693025588989258,4.470488056540489e-05,0.015816353261470795,1.6536989212036133,52.086862101071745,-0.0005381005667430827,0.0008593482405949817
578.4000086188316,-1.3283319473266602,12.054919242858887,9.706266403198242,0.0038261774461716413,0.013546358793973923,1.624168038368225,61.34839029483935,-0.000535723600592064,0.0008657927508245533
578.5000086203218,0.9939351677894592,10.574200630187988,9.728872299194336,-0.0033517610281705856,0.007982321083545685,1.3933404684066772,69.74541803026385,-0.0005342004218675811,0.0008726478603329307
578.6000086218119,2.561302423477173,7.305120944976807,9.763409614562988,-0.005767392460256815,0.005730644334107637,1.119385838508606,76.64105407290367,-0.0005332569207894267,0.0008798771764950015
578.700008623302,1.1942408084869385,5.103967666625977,9.784856796264648,-0.006978481076657772,0.005137663334608078,0.838077187538147,81.93865807619228,-0.000532747938066791,0.0008872765305156464
578.8000086247921,-1.0221420526504517,2.9931745529174805,9.799397468566895,-0.009025811217725277,0.003371944185346365,0.52370285987854,85.52590757922883,-0.0005325109405163175,0.000894605155366582
578.9000086262822,-2.174837589263916,1.760059118270874,9.804283142089844,-0.005907266400754452,0.001604365766979754,0.3383236825466156,87.77703547682748,-0.0005324371957584617,0.0009017450320262592
579.0000086277723,-2.076831817626953,1.438210368156433,9.805915832519531,-0.00424291891977191,-0.00013148965081200004,0.23238055408000946,89.27984784895953,-0.0005324933610353355,0.00090870020411969
579.1000086292624,-0.9111086130142212,1.0413388013839722,9.807629585266113,-0.0029948020819574594,-0.001961792353540659,0.16573567688465118,90.33468860399796,-0.0005326413988342438,0.0009155732700645632
579.2000086307526,0.9666019082069397,-0.1408192217350006,9.809603691101074,-0.004971910733729601,-0.0029959375970065594,0.028811443597078323,90.74307244466219,-0.0005327773057501872,0.0009225333767512296
579.3000086322427,2.1912286281585693,-0.17730751633644104,9.809690475463867,-0.001362500712275505,-0.001819194876588881,0.022630436345934868,90.8819643414344,-0.0005328999509686128,0.0009296903188791795
579.4000086337328,1.6019299030303955,0.18101061880588531,9.81017780303955,-0.0008116468670777977,0.00033387934672646224,0.02179025113582611,91.006690425868,-0.0005330411694046688,0.0009369907068910453
579.5000086352229,-0.13308699429035187,0.12080636620521545,9.810720443725586,-0.0006445803446695209,0.001664354931563139,0.016030315309762955,91.10780454634087,-0.00053319283962594,0.0009442788269558395
579.600008636713,-1.5125302076339722,0.06364177912473679,9.809986114501953,-0.00045160987065173686,0.0013553054304793477,0.010790581814944744,91.17829209857541,-0.0005333472855397758,0.0009514311086346225
579.7000086382031,-1.7104212045669556,0.03675086796283722,9.809327125549316,-0.0003042527532670647,0.00010511877189856023,0.00698044802993536,91.2246007811481,-0.0005335016629004485,0.0009584299381709844
579.8000086396933,-0.8324561715126038,0.03069540672004223,9.80933952331543,-0.000179103430127725,-0.0013979016803205013,0.005121093243360519,91.25683927403055,-0.000533657136870147,0.0009653539949126246
579.9000086411834,0.6320915222167969,-0.4906020164489746,9.809469223022461,-0.0017623624298721552,-0.0021963249891996384,-0.04945489764213562,91.07618077048372,-0.0005337697758136528,0.0009723357589807135
580.0000086426735,1.6450181007385254,-0.3631378710269928,9.809679985046387,0.00013610528549179435,-0.0014662409666925669,-0.0325610525906086,90.86234803813812,-0.0005338521218334336,0.000979465492309851
580.1000086441636,1.2975589036941528,-0.05504932999610901,9.810203552246094,0.00022062752395868301,0.00011042063852073625,-0.018434761092066765,90.73285448166385,-0.000533931143877453,0.0009867118739401947
580.2000086456537,0.019181527197360992,-0.03901877626776695,9.810503005981445,0.00012988803791813552,0.001180781633593142,-0.011434203945100307,90.65552991007014,-0.000534006704825174,0.0009939596948268987
580.3000086471438,-1.0785988569259644,-0.04351726546883583,9.810080528259277,8.274562424048781e-05,0.001022073091007769,-0.007905016653239727,90.60446741583513,-0.0005340773654580744,0.0010011109484654244
580.400008648634,-1.2830814123153687,-0.0326358787715435,9.809623718261719,7.662166899535805e-05,7.695564272580668e-05,-0.005362140480428934,90.5695993001222,-0.0005341440167256906,0.001008146924523087
580.5000086501241,-0.6492398977279663,-0.21389521658420563,9.80949592590332,-0.0005527331959456205,-0.0010569248115643859,-0.023553572595119476,90.46991951937504,-0.0005341910667056027,0.001015124919110232
580.6000086516142,0.4201614260673523,-0.15541794896125793,9.809639930725098,0.0001335716515313834,-0.0016460409387946129,-0.015514742583036423,90.36796528563427,-0.0005342244780166538,0.0010221408141148666
580.7000086531043,1.1371318101882935,-0.032851897180080414,9.809887886047363,0.00013271498028188944,-0.001144440844655037,-0.009249675087630749,90.30453331881236,-0.0005342554905638508,0.0010292586907130355
580.8000086545944,0.9162173271179199,-0.02586878277361393,9.810168266296387,7.730189827270806e-05,-5.140452412888408e-05,-0.006217521615326405,90.26396199514248,-0.0005342846869211826,0.001036458810531796
580.9000086560845,0.043048251420259476,-0.024214401841163635,9.810367584228516,6.191718421177939e-05,0.0007060245843604207,-0.0041707968339324,90.23668904978662,-0.0005343116901030953,0.0010436627683675177
581.0000086575747,-0.7141522765159607,-0.012458330020308495,9.810091972351074,5.794649041490629e-05,0.0006223056698217988,-0.002513757674023509,90.21948380326735,-0.0005343373568393872,0.0010508026450271948
581.1000086590648,-0.9075196981430054,-0.0826103538274765,9.8097562789917,-0.0001997831423068419,0.00012942406465299428,-0.009368984960019588,90.17912421546175,-0.0005343553818164537,0.0010578609638264515
581.2000086605549,-0.7939382791519165,-0.06028904765844345,9.80976676940918,6.948957161512226e-05,-0.00010600636596791446,-0.0060646110214293,90.13892172200705,-0.0005343678211033875,0.0010648481422398963
581.300008662045,-0.8190335631370544,-0.011063735000789165,9.809844970703125,6.832812505308539e-05,-6.555226718774065e-05,-0.003309104824438691,90.11526877691131,-0.0005343791638097173,0.0010717619871149797
581.4000086635351,-1.003082275390625,-0.01029095146805048,9.809873580932617,2.319406848982908e-05,2.3634909211978083e-06,-0.0025265831500291824,90.09960715314446,-0.0005343894099354429,0.0010785858441995319
581.5000086650252,-1.1758980751037598,-0.013326666317880154,9.809755325317383,2.054718970612157e-05,-5.5737509683240205e-05,-0.0019621176179498434,90.08753820888106,-0.0005343983539063402,0.0010853041558176579
581.6000086665154,-1.2298134565353394,0.008688664995133877,9.809651374816895,7.16220383765176e-05,-0.00023860450892243534,0.0003506130597088486,90.08533205777914,-0.0005344079146709646,0.0010919122615201905
581.7000086680055,-1.1260653734207153,0.007308985106647015,9.809637069702148,3.171714979544049e-06,-0.0004458327603060752,5.9115005569765344e-05,90.08619266161456,-0.0005344179209174627,0.0010984194822054637
581.8000086694956,-0.9572156667709351,-0.042111534625291824,9.809749603271484,-0.00011734173313016072,-0.0005580286961048841,-0.0040581561625003815,90.07076326427949,-0.0005344241576921149,0.0011048408272612354
581.9000086709857,-0.8257465362548828,-0.028746772557497025,9.809815406799316,2.1925192413618788e-05,-0.0005254127318039536,-0.0028047082014381886,90.05275205543818,-0.0005344276530507841,0.0011111882904905085
582.0000086724758,-0.8131164908409119,-0.0013435682049021125,9.809914588928223,3.260590528952889e-05,-0.0003938083245884627,-0.001406513387337327,90.04234967733224,-0.0005344310455797086,0.0011174627628615062
582.1000086739659,-0.8981441259384155,0.011277148500084877,9.809845924377441,4.900372005067766e-05,-0.0002698299358598888,0.00030815572245046496,90.04102462063327,-0.0005344353290723802,0.001123656773948358
582.200008675456,-1.0107648372650146,0.003240588353946805,9.809812545776367,-4.461175194592215e-06,-0.0002429660380585119,5.0146034482168034e-05,90.04176911125279,-0.0005344398867066502,0.0011297601118845076
582.3000086769462,-1.0558642148971558,-0.013115336187183857,9.809793472290039,-3.714129707077518e-05,-0.00032095424830913544,-0.0012803914723917842,90.03695382788794,-0.000534443244973204,0.001135768870116976
582.4000086784363,-1.0033442974090576,0.0018777777440845966,9.809718132019043,3.9748996641719714e-05,-0.0004424690851010382,0.00016785101615823805,90.03532824286548,-0.0005344466717929208,0.0011416876405589134
582.5000086799264,-0.8907384872436523,-0.017154032364487648,9.809802055358887,-6.548790406668559e-05,-0.000520943955052644,-0.002165371784940362,90.02730960077987,-0.0005344484879969968,0.0011475264980048423
582.6000086814165,-0.7930940389633179,-0.015437232330441475,9.809822082519531,1.0977755664498545e-05,-0.000508783501572907,-0.0014790149871259928,90.01781563783356,-0.0005344489334788705,0.0011532943521369932
582.7000086829066,-0.7705007791519165,-0.0017544535221531987,9.80990219116211,7.764484507788438e-06,-0.00042243843199685216,-0.0009604310034774244,90.0115182034188,-0.0005344492418828395,0.0011589932590358814
582.8000086843967,-0.8217544555664062,0.006418089382350445,9.80990219116211,2.998310992552433e-05,-0.00033164533670060337,0.00021108014334458858,90.01065076939422,-0.0005344500643218453,0.001164618284108271
582.9000086858869,-0.9005776643753052,0.0058103022165596485,9.809842109680176,-4.695453299063956e-06,-0.00030463055009022355,3.198335980414413e-05,90.01114937320362,-0.0005344514350440477,0.0011701627108244806
583.000008687377,-0.9343922734260559,-0.004181789234280586,9.809820175170898,3.992598252011703e-08,-0.00035531181492842734,5.716402029065648e-06,90.01123133547367,-0.0005344523602843765,0.0011756233865277204
583.1000086888671,-0.8993916511535645,-0.001063648727722466,9.809749603271484,1.1658597713903873e-06,-0.0004442593199200928,1.7185755041282391e-06,90.01123133547367,-0.0005344532512481237,0.001181003326802746
583.2000086903572,-0.8167920708656311,0.0007956498302519321,9.809900283813477,-6.820630460424582e-07,-0.0005076167290098965,1.209184233630367e-06,90.01126548641952,-0.0005344541079495002,0.001186310207683479
583.3000086918473,-0.7304272651672363,0.00015381543198600411,9.809845924377441,1.17355091333593e-06,-0.000501425878610462,1.2941425211465685e-06,90.01127231660868,-0.0005344549989274583,0.001191551568131807
583.4000086933374,-0.7166053652763367,-0.010575680993497372,9.809883117675781,-3.21515544783324e-05,-0.00043430374353192747,-0.0011579968268051744,90.0068053728915,-0.0005344549303742951,0.0011967286417960388
583.5000086948276,-0.7541090250015259,0.003212633775547147,9.809896469116211,3.376293898327276e-05,-0.0003623620141297579,0.0001724772882880643,90.00548031619252,-0.0005344551702535227,0.001201838138947351
583.6000086963177,-0.8141670227050781,-0.00751049118116498,9.809901237487793,-3.7904977943981066e-05,-0.0003401637077331543,-0.0011087527964264154,90.0014983159064,-0.0005344547247716491,0.0012068745767043706
583.7000086978078,-0.8467131853103638,-0.008838648907840252,9.809852600097656,-3.204527274647262e-07,-0.00038337562000378966,-0.0009453856036998332,89.99593854192202,-0.0005344534911131404,0.0012118352136264111
583.8000086992979,-0.8066986799240112,0.006201867945492268,9.809812545776367,2.9109949537087232e-05,-0.00046041130553931,0.00019710844208020717,89.99508476827576,-0.0005344528400428317,0.0012167236135863652
583.900008700788,-0.7353636026382446,-0.006390488240867853,9.809869766235352,-3.6616878787754104e-05,-0.0005129050114192069,-0.0010757168056443334,89.99127352271888,-0.0005344515721219523,0.001221545944825777
584.0000087022781,-0.666515588760376,0.0017762683564797044,9.809887886047363,3.100906542385928e-05,-0.0005031094187870622,0.00017923826817423105,89.99013971131667,-0.0005344505098179297,0.0012263086497302596
584.1000087037683,-0.6527082324028015,0.0024081433657556772,9.80992317199707,-4.16887587562087e-06,-0.00043915127753280103,2.36252999457065e-05,89.9905426924777,-0.000534449687378924,0.0012310126878040532
584.2000087052584,-0.6952076554298401,-0.0007238739053718746,9.809966087341309,-1.3275749779495527e-06,-0.00037468603113666177,3.7332449664972955e-06,89.9905426924777,-0.0005344487621243843,0.0012356546322462997
584.3000087067485,-0.7527757883071899,0.0005126070464029908,9.809814453125,3.057488697777444e-07,-0.00036175551940687,1.3044571005593752e-06,89.99063148493691,-0.0005344479397138002,0.0012402288631035924
584.4000087082386,-0.4909190833568573,-0.0006946782814338803,9.805599212646484,-2.3568313167743327e-07,-0.0030349597800523043,-4.7279600039473735e-06,89.99063148493691,-0.0005344470487358421,0.0012447592309099025
584.5000087097287,-4.213303089141846,0.0018226337851956487,9.792681694030762,1.0399695611340576e-06,0.011340186931192875,4.876715593127301e-06,89.99063148493691,-0.0005344463633747409,0.0012489116911175923
584.6000087112188,-5.864504337310791,0.0015526518691331148,9.818379402160645,-4.516846274782438e-07,-0.004187137819826603,-1.544248107165913e-06,89.99063148493691,-0.0005344459178928673,0.0012525379317855278
584.700008712709,2.159210205078125,0.00036386350984685123,9.819169998168945,-4.2341144990132307e-07,-0.005378297995775938,-3.820082838501548e-06,89.99063148493691,-0.0005344454723967829,0.0012563584035260949
584.8000087141991,4.050314426422119,-0.0037005555350333452,9.808849334716797,-3.4898161516139226e-07,-0.004399832803755999,-5.478669208969222e-06,89.99059733399106,-0.0005344446499861988,0.001260542253229644
584.9000087156892,4.341835021972656,0.0007218423997983336,9.835631370544434,9.989145155486767e-07,-0.0010754582472145557,3.6375091440277174e-05,89.99059733399106,-0.0005344437590082407,0.0012651159357987994
585.0000087171793,-1.399699330329895,0.012287202291190624,9.769800186157227,0.00012795111979357898,0.018479853868484497,-0.047056637704372406,89.86199853229806,-0.000534444341553808,0.0012695637862404489
585.1000087186694,-19.501981735229492,-0.04221927002072334,9.770831108093262,-0.0004520542861428112,0.0008349180570803583,0.0005583736347034574,89.75686826059322,-0.0005344485565359491,0.0012722613638758663
585.2000087201595,-1.2969255447387695,-0.07119014859199524,9.819868087768555,0.00016117174527607858,-0.010042205452919006,0.006319784559309483,89.78585558343076,-0.0005344467745942438,0.0012748431156422834
585.3000087216496,5.057937145233154,0.010345805436372757,9.813247680664062,0.00012142082414356992,-0.007821277715265751,0.005894999019801617,89.81869513296017,-0.0005344445471706649,0.00127787953534654
585.4000087231398,5.7174763679504395,0.0093931769952178,9.807743072509766,8.67648923303932e-05,-0.004487878177314997,0.005499625578522682,89.84958124838698,-0.0005344418399886308,0.0012814290156752562
585.5000087246299,5.5581374168396,0.013105267658829689,9.805529594421387,6.171606219140813e-05,-0.00238629593513906,0.005041635129600763,89.8782065711985,-0.0005344391670973891,0.0012854770269927944
585.60000872612,4.587187767028809,0.00782339833676815,9.828055381774902,2.4831235350575298e-05,0.0028860061429440975,0.00415114127099514,89.90295234656145,-0.0005344365284685182,0.0012899363914853268
585.7000087276101,-0.13208569586277008,0.008005152456462383,9.772049903869629,1.1941724551434163e-05,0.005064273718744516,0.003316671121865511,89.92334046123395,-0.0005344346437254899,0.0012943835565668047
585.8000087291002,-2.9642577171325684,0.0037296738009899855,9.820932388305664,-3.2162038223759737e-06,0.0042809476144611835,0.00238664704374969,89.93838736797548,-0.000534433307279869,0.001298564390685599
585.9000087305903,-3.448495388031006,-0.0037032649852335453,9.814885139465332,-3.8322145883284975e-06,0.0022535889875143766,0.0015709061408415437,89.94845506681209,-0.0005344319708058265,0.0013024357161508986
586.0000087320805,-2.4777491092681885,0.0018972718389704823,9.809069633483887,1.0050272976513952e-05,-0.0008402288076467812,0.0013963977107778192,89.9566034824919,-0.0005344310112889161,0.0013060849849205998
586.1000087335706,-0.2998417317867279,0.0016981465741991997,9.808865547180176,5.270499968901277e-06,-0.002613852499052882,0.00104531308170408,89.96292140747417,-0.0005344301203393798,0.0013097073875715742
586.2000087350607,2.2661821842193604,-0.005547945853322744,9.808683395385742,1.7232190430149785e-06,-0.004020926542580128,0.0005260644829832017,89.96643212470755,-0.000534428681078225,0.001313533342193514
586.3000087365508,4.342358112335205,0.012641589157283306,9.807517051696777,3.356339948368259e-05,-0.0033656852319836617,0.001595395035110414,89.97412291771299,-0.0005344282013481916,0.0013177488555369912
586.4000087380409,4.919986724853516,-0.012766636908054352,9.836770057678223,-2.967193358927034e-05,-0.0005422299727797508,-0.0005672352272085845,89.97356967239021,-0.0005344263165767416,0.0013224057408309786
586.500008739531,2.1834819316864014,0.0027998776640743017,9.78054141998291,5.633342152577825e-05,0.0005115067469887435,0.0010687861358746886,89.97662276694922,-0.0005344246374505701,0.0013272582279179408
586.6000087410212,2.7538623809814453,0.001080077257938683,9.801349639892578,-2.6597197575028986e-05,-0.0014346538810059428,-0.00029378285398706794,89.9773535971904,-0.000534422924062028,0.0013323575817387134
586.7000087425113,4.2728095054626465,0.007011392153799534,9.807578086853027,4.690057903644629e-05,-0.0018881740979850292,0.001795307849533856,89.98214838998776,-0.0005344217932190531,0.0013378399148233759
586.8000087440014,5.040521621704102,-0.0015369475586339831,9.806940078735352,-5.333437366061844e-05,-0.0016351367812603712,-0.00446069473400712,89.98190250317764,-0.0005344202854189462,0.0013437743114772256
586.9000087454915,5.417946815490723,0.008327731862664223,9.805464744567871,0.00013463034701999277,-0.0014904337003827095,0.016746491193771362,89.99200435296008,-0.0005344195657954742,0.0013501943543486714
587.0000087469816,5.652515888214111,-1.8068372810375877e-05,9.804245948791504,-0.00010313407256035134,-0.0008515660301782191,-0.010790683329105377,89.98748959791871,-0.0005344186405409346,0.0013571214266750666
587.1000087484717,5.084570407867432,-0.004068021662533283,9.805237770080566,1.391712521581212e-05,0.0016475332668051124,0.0014689603121951222,89.98959329618307,-0.000534417269832943,0.0013645039893715072
587.2000087499619,2.0035266876220703,0.00038259345456026495,9.809805870056152,5.575485602093977e-07,0.004549617413431406,-7.691695827816147e-06,89.98932008861627,-0.0005344158991107406,0.0013720659793608728
587.300008751452,-1.3724843263626099,-0.0002458780654706061,9.810890197753906,-2.2544729461060342e-07,0.004314394202083349,2.9455045478243846e-06,89.98932008861627,-0.0005344145969274905,0.0013795046045193503
587.4000087529421,-2.6260294914245605,0.0001474917953601107,9.809285163879395,-1.2925784176331945e-06,0.0024691266007721424,5.104574483993929e-06,89.98934740937295,-0.0005344132604818697,0.0013867071916347287
587.5000087544322,-2.6054372787475586,0.01358088105916977,9.808635711669922,4.3527779780561104e-05,0.0007011996349319816,0.0014271147083491087,89.99478423995228,-0.0005344132262052881,0.001393676208003626
587.6000087559223,-1.602815866470337,-0.0007040332420729101,9.808798789978027,-3.9652575651416555e-05,-0.001499052275903523,-0.0001584617275511846,89.99679231556826,-0.0005344130891273835,0.0014005012987364871
587.7000087574124,0.5418680310249329,-0.003705454058945179,9.809264183044434,2.924690079453285e-06,-0.0032420968636870384,-2.978469456138555e-05,89.9963961645964,-0.0005344126779220915,0.0014073753241856004
587.8000087589025,2.510890007019043,0.0007971346494741738,9.809267044067383,8.797343866717711e-07,-0.002622839529067278,-1.0239424227620475e-05,89.9963073721372,-0.0005344122667025886,0.0014144745589871018
587.9000087603927,2.472029209136963,-0.00045412781764753163,9.8097505569458,-1.0296178061253158e-06,-0.00017087535525206476,-4.8929828153632116e-06,89.99628005138051,-0.000534411821220715,0.0014217955763401327
588.0000087618828,0.48565050959587097,4.188577804598026e-05,9.810853958129883,3.278824678432102e-08,0.0019565143156796694,2.785397725801886e-07,89.99628005138051,-0.0005344113757388413,0.001429160045528043
588.1000087633729,-1.432928442955017,-8.263494964921847e-05,9.810259819030762,1.1338624972268008e-06,0.001984447706490755,3.4493048133299453e-06,89.99628005138051,-0.0005344109645193384,0.001436395804075727
588.200008764863,-2.1334495544433594,-0.00012690630683209747,9.80933666229248,-7.49953244394419e-07,0.000841117522213608,3.963627477787668e-06,89.9963073721372,-0.0005344105190516757,0.0014434402100635003
588.3000087663531,-1.573716163635254,0.0005350214196369052,9.809059143066406,3.2330355281828815e-08,-0.0008958725375123322,2.070548134724959e-06,89.99633469289387,-0.0005344100735555912,0.0014503434318559238
588.4000087678432,0.012731209397315979,-0.0006136715528555214,9.809347152709961,-2.4254529762401944e-07,-0.002457330236211419,-2.225639946118463e-06,89.99633469289387,-0.0005344096280737176,0.0014572478872966563
588.5000087693334,1.7062020301818848,0.00012033442180836573,9.809528350830078,-1.3272072330039464e-08,-0.0023678631987422705,-4.883283054368803e-06,89.9963073721372,-0.0005344091825776331,0.0014643055892717585
588.6000087708235,2.0349478721618652,0.0001425242517143488,9.809844970703125,4.807346840607352e-07,-0.0006282238755375147,-3.864901373162866e-06,89.99628005138051,-0.0005344087713581303,0.0014715457341245408
588.7000087723136,0.7455335259437561,5.878055890207179e-05,9.810558319091797,-1.6368381920983666e-06,0.0011920890538021922,-6.404376335922279e-07,89.99628005138051,-0.0005344083258762566,0.001478852770130071
588.8000087738037,-0.8975204229354858,0.013847916387021542,9.810428619384766,4.3754393118433654e-05,0.001627812278456986,0.001473397365771234,90.00191495744578,-0.0005344090797763101,0.0014860790707073867
588.9000087752938,-1.6865726709365845,0.0001349118974758312,9.809633255004883,-4.1320752643514425e-05,0.0007773629040457308,-0.00014662908506579697,90.00405280665599,-0.0005344098679387344,0.0014931541808308477
589.000008776784,-1.3281834125518799,-0.003653883468359709,9.80932903289795,1.6477526969538303e-06,-0.0006379553233273327,-2.4108159777824767e-05,90.00369763681914,-0.0005344103476971895,0.00150011003828445
589.1000087782741,-0.09965389221906662,1.6724614397389814e-05,9.809453964233398,-2.2249972531085405e-08,-0.0018967853393405676,-5.914255780226085e-06,90.00364299530578,-0.0005344107931790631,0.001507056986055822
589.2000087797642,1.2132811546325684,-6.608506373595446e-05,9.809669494628906,-6.684247750854411e-07,-0.001912632491439581,-4.257297860021936e-06,90.00361567454911,-0.000534411204398566,0.0015141130431665123
589.3000087812543,1.545552134513855,-8.644088666187599e-05,9.809951782226562,-6.774415624022367e-07,-0.000664684281218797,-3.041540139747667e-06,90.00359518398159,-0.0005344116498662288,0.001521307543031866
589.4000087827444,0.6539162397384644,-3.039187504327856e-05,9.810423851013184,5.784540917375125e-07,0.0007273700903169811,-8.870014767126122e-07,90.00358835379242,-0.0005344120953623133,0.0015285608467999427
589.5000087842345,-0.5836365818977356,-0.0005779494531452656,9.810359001159668,-1.2664980886256672e-07,0.0011464485432952642,1.5090465694811428e-06,90.00359518398159,-0.0005344125408441869,0.0015357615149068408
589.6000087857246,-1.218565821647644,0.0007120991358533502,9.809789657592773,7.79011202212132e-07,0.0005489967297762632,2.1965490759612294e-06,90.00360884435993,-0.0005344129863402713,0.0015428529366023856
589.7000087872148,-0.9826236963272095,-0.014455195516347885,9.809579849243164,-4.395034193294123e-05,-0.0005112905637361109,-0.0014471170725300908,89.99811054207807,-0.000534412129624684,0.0015498563580518972
589.8000087887049,-0.09690842032432556,0.0012539391173049808,9.809602737426758,4.0506740333512425e-05,-0.0014053973136469722,0.00016845730715431273,89.9961229570296,-0.0005344113757388413,0.0015568508698191779
589.900008790195,0.8242589831352234,-0.009293724782764912,9.80980110168457,-4.742710370919667e-05,-0.00142056739423424,-0.001456969534046948,89.9908159000445,-0.0005344097993997821,0.0015639195375570258
590.0000087916851,1.0524723529815674,-0.0010409604292362928,9.810026168823242,4.324788460507989e-05,-0.00057392189046368,0.0001748960930854082,89.98888978669855,-0.0005344080860112399,0.0015710825108544858
590.1000087931752,0.46098631620407104,0.0038462041411548853,9.81030559539795,-1.7023594409693033e-06,0.00037414522375911474,3.0146597055136226e-05,89.98932008861627,-0.0005344067838279898,0.0015782868799063105
590.2000087946653,-0.3698820173740387,0.0005670657847076654,9.810239791870117,-5.165303491594386e-07,0.0006819423288106918,6.132742328190943e-06,89.98940888107548,-0.0005344054816305288,0.0015854580775258296
590.3000087961555,-0.8144291043281555,-0.0007649498875252903,9.809895515441895,2.0637658053601626e-06,0.0002802470116876066,2.4041157757892506e-06,89.98940888107548,-0.000534404145184908,0.0015925560786790218
590.4000087976456,-0.640877902507782,0.0005175038822926581,9.809747695922852,1.012875713968242e-06,-0.0004470449057407677,7.801673973517609e-07,89.98944303202133,-0.0005344028430016579,0.0015995966466498342
590.5000087991357,-0.049152206629514694,-0.0006235342007130384,9.809735298156738,-1.1678902467338048e-07,-0.0010175617644563317,-1.0394787750556134e-06,89.98944303202133,-0.0005344015065418262,0.001606632828315548
590.6000088006258,0.5278425216674805,0.0007326634950004518,9.809913635253906,-5.1891390739911e-07,-0.0009978451998904347,-1.880761374195572e-06,89.98944303202133,-0.000534400204358576,0.0016137162998331026
590.7000088021159,0.6507731080055237,-0.0004944145330227911,9.810036659240723,1.001612190520973e-06,-0.0004508552374318242,-1.6112023786263308e-06,89.98940888107548,-0.0005343989021895368,0.0016208583011093115
590.800008803606,0.27436503767967224,0.0006860458524897695,9.810208320617676,1.0762212099280077e-07,0.00012756753130815923,-5.595282459580631e-07,89.98940888107548,-0.0005343975657297051,0.0016280248382796638
590.9000088050961,-0.24117280542850494,-3.413824742892757e-05,9.810138702392578,1.4704841078128084e-06,0.0003068946534767747,4.565255267152679e-07,89.98940888107548,-0.0005343962635606658,0.0016351697180685936
591.0000088065863,-0.4929021894931793,-0.0007055753376334906,9.809950828552246,-1.0655849536078676e-07,4.3560557969613e-05,6.651628723375325e-07,89.98940888107548,-0.0005343949270866233,0.001642270323590438
591.1000088080764,-0.37800171971321106,0.0005658803274855018,9.809864044189453,8.123250836433726e-07,-0.0004085686814505607,1.8322812422866264e-07,89.98944303202133,-0.000534393624917584,0.001649336935247771
591.2000088095665,-0.005203661043196917,-0.0006154713337309659,9.809834480285645,-8.32180035104102e-07,-0.0007283831364475191,-9.008516030917235e-07,89.98944303202133,-0.000534392322720123,0.0016564032727610354
591.3000088110566,0.3164826035499573,0.0006939005688764155,9.80996322631836,-2.366713047763369e-08,-0.0006948026712052524,-1.252048832611763e-06,89.98940888107548,-0.0005343909862745022,0.001663497984185404
591.4000088125467,0.37547141313552856,-0.0005452409386634827,9.810030937194824,-1.2289023061384796e-06,-0.0003705452545545995,-1.0400916607977706e-06,89.98940888107548,-0.000534389684105463,0.0016706264153302155
591.5000088140368,0.15036708116531372,0.0006631739088334143,9.810131072998047,6.211797085597937e-07,-3.9803973777452484e-05,-5.091576440463541e-07,89.98940888107548,-0.0005343883476314204,0.001677768142462356
591.600008815527,-0.14744970202445984,-1.6811109162517823e-05,9.810089111328125,-8.814132002044062e-07,5.7984740124084055e-05,-1.1303990987698853e-07,89.98940888107548,-0.0005343870454623811,0.0016848967106792016
591.7000088170171,-0.29647454619407654,-0.0006693037576042116,9.809954643249512,-1.121803734349669e-06,-0.00010435822332510725,2.6143231934838695e-07,89.98940888107548,-0.0005343857432649202,0.0016919986869213892
591.8000088185072,-0.20902180671691895,0.0005968682235106826,9.80992603302002,-1.8082184851664351e-06,-0.0003743316628970206,-1.2034257679260918e-07,89.98940888107548,-0.0005343844068192993,0.0016990818842948748
591.9000088199973,0.008661288768053055,-0.000612937263213098,9.80991268157959,-7.808716873114463e-07,-0.000549968215636909,-5.858082658960484e-07,89.98944303202133,-0.0005343831046218384,0.0017061659041005667
592.0000088214874,0.19016121327877045,0.01571444608271122,9.809978485107422,4.5834876800654456e-05,-0.000517377513460815,0.0014740234473720193,89.99508476827576,-0.0005343831388984199,0.0017132670579105482
592.1000088229775,0.21404127776622772,-0.0018537339055910707,9.810023307800293,-4.10097127314657e-05,-0.0003274058981332928,-0.00016591796884313226,89.99709967408091,-0.0005343830703594676,0.0017203872647333005
592.2000088244677,0.07522358000278473,-0.003735235193744302,9.81009578704834,2.236877662653569e-06,-0.00014075347280595452,-2.8898148229927756e-05,89.99670352310905,-0.0005343825563528526,0.0017275143251577686
592.3000088259578,-0.08871140331029892,5.250465164863272e-06,9.810039520263672,-1.1281224487902364e-06,-9.07020439626649e-05,-5.02874991070712e-06,89.99664205140652,-0.0005343821451333497,0.0017346332983322118
592.4000088274479,-0.1751149445772171,1.0383022441828871e-07,9.809968948364258,-6.462958026531851e-07,-0.00019011208496522158,-9.689421176517499e-07,89.99661473064984,-0.0005343816996372652,0.0017417366452947426
592.500008828938,-0.11763585358858109,3.503355401335284e-06,9.809968948364258,3.0647711923847964e-07,-0.000346599641488865,-6.909384069331281e-07,89.99661473064984,-0.0005343812541553916,0.001748829437710631
592.6000088304281,0.012473837472498417,0.0006361891864798963,9.809931755065918,-4.2728871108010935e-08,-0.0004432907444424927,-7.345748826992349e-07,89.99661473064984,-0.0005343808086877289,0.0017559233267027935
592.7000088319182,0.1176181510090828,-0.0006076028803363442,9.809999465942383,-8.233201356233621e-07,-0.0004179625539109111,-8.117718266476004e-07,89.99661473064984,-0.0005343803631774335,0.001763027770241599
592.8000088334084,0.11768937110900879,-0.014405887573957443,9.809998512268066,-4.633935895981267e-05,-0.00030723860254511237,-0.0014758543111383915,89.99096616420624,-0.0005343786840512621,0.0017701426312550126
592.9000088348985,0.04014360159635544,0.00126818404532969,9.810087203979492,4.2297855543438345e-05,-0.00020096042135264724,0.00016261226846836507,89.9889239376444,-0.0005343770049250907,0.0017772613302853872
593.0000088363886,-0.05371656268835068,0.018813202157616615,9.809990882873535,4.2683408537413925e-05,-0.00017685636703390628,0.001500198501162231,89.9949618248707,-0.000534377073464043,0.001784374957650492
593.1000088378787,-0.1063021793961525,-0.0012449824716895819,9.810009002685547,-4.114764305995777e-05,-0.00023757090093567967,-0.00015823043941054493,89.99707235332423,-0.0005343770049250907,0.0017914792641172631
593.2000088393688,-0.06255718320608139,-0.00499317841604352,9.809951782226562,4.140109467698494e-06,-0.000327495887177065,-2.7447560569271445e-05,89.99667620235238,-0.0005343765251666355,0.0017985778135585927
593.3000088408589,0.013756980188190937,0.0006362631684169173,9.809981346130371,-8.932189530241885e-07,-0.00038070831215009093,-5.092105311632622e-06,89.99661473064984,-0.0005343760796847619,0.0018056777337202654
593.400008842349,0.0625888779759407,1.4145389286568388e-05,9.810009002685547,-5.214782277107588e-07,-0.00036255057784728706,-1.4942008874641033e-06,89.99661473064984,-0.0005343756342170991,0.001812783136763311
593.5000088438392,0.0726262629032135,0.0006397365941666067,9.810009002685547,8.809837481749128e-07,-0.00029798789182677865,-7.623409601364983e-07,89.99661473064984,-0.0005343751887210146,0.001819895119264004
593.6000088453293,0.020099440589547157,-0.0006133673014119267,9.810019493103027,-1.8029301145361387e-06,-0.00023850267461966723,-5.218431624598452e-07,89.99661473064984,-0.0005343747775015117,0.001827008883701143
593.7000088468194,-0.036213744431734085,8.30707540444564e-06,9.810009956359863,-4.3826608475683315e-07,-0.00022685001022182405,-1.9254163419191173e-07,89.99661473064984,-0.0005343743320196381,0.0018341193584094585
593.8000088483095,-0.05751044675707817,7.050729891489027e-06,9.810009956359863,-4.818140268980642e-07,-0.0002630168164614588,-3.6229619126970647e-07,89.99661473064984,-0.0005343738865235537,0.0018412246243804699
593.9000088497996,-0.037513505667448044,-0.013805047608911991,9.809951782226562,-4.5086828322382644e-05,-0.00031528438557870686,-0.0014720296021550894,89.99096616420624,-0.0005343722073973822,0.0018483266006226575
594.0000088512897,0.011275606229901314,0.0006376254023052752,9.810009956359863,4.1328396036988124e-05,-0.00034369260538369417,0.00016309240891132504,89.9889239376444,-0.0005343705625335815,0.0018554296734411195
594.1000088527799,0.038820866495370865,0.018821310251951218,9.810009956359863,4.3026906496379524e-05,-0.0003313500783406198,0.0015008084010332823,89.99499597581655,-0.0005343706310867447,0.0018625361730604398
594.20000885427,0.03634127974510193,-0.0012377154780551791,9.809981346130371,-4.238320252625272e-05,-0.0002933875657618046,-0.0001593663910171017,89.99709967408091,-0.0005343705625335815,0.0018696458253365492
594.3000088557601,0.007572792936116457,-0.004989118315279484,9.810019493103027,4.014029400423169e-06,-0.000259474414633587,-2.7687194233294576e-05,89.99670352310905,-0.0005343700827893372,0.0018767561629728304
594.4000088572502,-0.013713783584535122,0.0006346445879898965,9.8100004196167,-1.0371967391620274e-06,-0.0002546753385104239,-5.068080554337939e-06,89.99664205140652,-0.0005343696373074636,0.001883865404032837
594.5000088587403,-0.03749067708849907,0.0006332331686280668,9.810019493103027,3.4795434089573973e-07,-0.0002766055113170296,-1.1395543424441712e-06,89.99661473064984,-0.0005343691918113791,0.0018909712182919856
594.6000088602304,-0.0074906074441969395,-0.0006149931577965617,9.809981346130371,2.8688571518387107e-08,-0.00030859134858474135,-6.880137561893207e-07,89.99661473064984,-0.0005343687463295055,0.001898076073046894
594.7000088617206,3.5083223338006064e-05,1.0450224181113299e-05,9.809981346130371,9.627732566741543e-08,-0.0003221232327632606,-4.603173522355064e-07,89.99661473064984,-0.0005343683008618427,0.0019051810648738365
594.8000088632107,0.022560810670256615,1.1780502973124385e-05,9.810009956359863,1.037875829723589e-08,-0.000313968223053962,-7.04737260548427e-07,89.99661473064984,-0.0005343678896423398,0.001912288112781294
594.9000088647008,0.01506081037223339,1.1337045179971028e-05,9.80997085571289,-6.591744181605463e-07,-0.00029223327874206007,-3.780215536153264e-07,89.99661473064984,-0.0005343674441462554,0.0019193965314090945
595.0000088661909,0.012562978081405163,-0.013797221705317497,9.810078620910645,-4.607928349287249e-05,-0.00027319195214658976,-0.0014734178548678756,89.99096616420624,-0.0005343657307577132,0.0019265059095411353
595.100008867681,-0.01746140792965889,7.066667421895545e-06,9.80997085571289,4.149787127971649e-05,-0.00027084097382612526,0.00016257369134109467,89.9889239376444,-0.0005343640516173309,0.0019336139169528331
595.2000088691711,-0.014977426268160343,0.004382654093205929,9.810009956359863,-1.6848165387273184e-06,-0.00028429966187104583,2.7588484954321757e-05,89.98932008861627,-0.0005343627494340808,0.0019407204165721532
595.3000088706613,-0.01747649349272251,-0.00061781209660694,9.809961318969727,-9.59445571879769e-08,-0.00030115371919237077,4.355814326117979e-06,89.98932008861627,-0.0005343614472650415,0.0019478254083990958
595.4000088721514,0.0075232721865177155,0.0006368483300320804,9.80997085571289,1.285658981942106e-06,-0.00030979671282693744,2.9483464913937496e-07,89.98932008861627,-0.000534360110790999,0.00195493108558621
595.5000088736415,0.012553909793496132,-0.0006122392951510847,9.810097694396973,5.978455419608508e-07,-0.0003047493810299784,-3.2518389048163954e-07,89.98940888107548,-0.0005343588086219597,0.001962037859349599
595.6000088751316,0.017553677782416344,0.0006386845489032567,9.809942245483398,-1.0515052508708322e-06,-0.0002916850207839161,-4.2938921751556336e-07,89.98940888107548,-0.000534357472162128,0.001969146415049434
595.7000088766217,0.0025537945330142975,1.0912323887168895e-05,9.810019493103027,-3.0102910386631265e-07,-0.00028096354799345136,-3.7279866660355765e-07,89.98940888107548,-0.0005343561699788779,0.0019762548336772347
595.8000088781118,-0.012446088716387749,-0.0006168599356897175,9.810039520263672,1.233465013683599e-06,-0.00027954051620326936,-5.142994154994085e-07,89.98940888107548,-0.0005343548677814169,0.0019833624298728294
595.900008879602,-0.007468540687114,0.0006340639665722847,9.809903144836426,6.980025091252173e-07,-0.000288318726234138,-5.027210363550694e-07,89.98940888107548,-0.0005343535313357961,0.0019904690665641838
596.0000088810921,-0.0024683093652129173,-0.000615011784248054,9.810049057006836,-2.5029433459167194e-07,-0.00029808771796524525,-5.49018579931726e-07,89.98940888107548,-0.000534352229152546,0.001997575703255538
596.1000088825822,0.0025314593221992254,0.00063591223442927,9.80997085571289,9.362051969219465e-07,-0.00030261906795203686,-5.503024453901162e-07,89.98940888107548,-0.0005343508927069252,0.0020046824770189268
596.2000088840723,-0.0024495981633663177,-0.0006150117260403931,9.81005859375,-1.324200553654009e-07,-0.00029946272843517363,-4.486801117309369e-07,89.98940888107548,-0.0005343495905094642,0.0020117891137102816
596.3000088855624,0.017550170421600342,0.0006386846071109176,9.809961318969727,-5.725335583406377e-08,-0.00029184125014580786,-5.335907076187141e-07,89.98940888107548,-0.0005343482883262141,0.0020188972581940134
596.4000088870525,0.0025466529186815023,0.015073367394506931,9.810019493103027,4.519897629506886e-05,-0.00028589225257746875,0.0014723570784553885,89.99505744751907,-0.0005343483226027956,0.0020260056768218143
596.5000088885427,-0.014956645667552948,-0.016299067065119743,9.809990882873535,-8.665176574140787e-05,-0.00028562534134835005,-0.0016363963950425386,89.99145793782648,-0.0005343469518805932,0.0020331125876572372
596.6000088900328,-0.00496290810406208,-0.004365508444607258,9.8100004196167,4.3793246732093394e-05,-0.00029024211107753217,0.00013459575711749494,89.98901273010361,-0.0005343451699530988,0.0020402192243485916
596.7000088915229,0.002536376705393195,0.005635914392769337,9.810019493103027,-1.5686092638134141e-06,-0.0002961143618449569,2.2849681045045145e-05,89.98934740937295,-0.0005343438334790562,0.0020473259981119807
596.800008893013,-0.00246257777325809,9.985480573959649e-06,9.809961318969727,-7.932389394227357e-07,-0.0002983301819767803,3.3345315841870615e-06,89.98934740937295,-0.000534342531310017,0.002054432634803335
596.9000088945031,0.0025375382974743843,-0.0006140850018709898,9.810009956359863,-1.8962496994845424e-07,-0.00029571319464594126,1.765519357377343e-07,89.98934740937295,-0.0005343411948643961,0.0020615392714946894
597.0000088959932,-0.0024626939557492733,0.0006349855102598667,9.809990882873535,-4.861452680415823e-07,-0.0002917674428317696,-2.5180619900311285e-07,89.98934740937295,-0.0005343398926669352,0.002068646045258078
597.1000088974833,0.002537538530305028,-0.0006140849436633289,9.810039520263672,-7.052824102515842e-09,-0.0002891013282351196,-4.4990696324020973e-07,89.98934740937295,-0.0005343385904978959,0.002075752681949433
597.2000088989735,-0.0024626939557492733,0.0006349855102598667,9.809990882873535,1.4180557172949193e-06,-0.00028834809199906886,-4.846432375416043e-07,89.98934740937295,-0.0005343372540238533,0.0020828594557128215
597.3000089004636,0.0025384665932506323,0.015068141743540764,9.809990882873535,4.411972258822061e-05,-0.0002910660987254232,0.0014720276230946183,89.99505744751907,-0.0005343373225628056,0.002089966092404176
597.4000089019537,-0.002460143994539976,-0.0018646761309355497,9.8100004196167,-4.1631974454503506e-05,-0.0002942451392300427,-0.00016370661614928395,89.99709967408091,-0.0005343372197614826,0.0020970727290955306
597.5000089034438,0.002543521113693714,-0.004364405758678913,9.810019493103027,1.6283115655824076e-06,-0.00029598647961393,-2.8510434276540764e-05,89.99670352310905,-0.0005343367400030274,0.0021041795028589193
597.6000089049339,-0.0024568026419728994,0.001260306453332305,9.809961318969727,-9.763577963894932e-07,-0.0002946796012111008,-5.136234904057346e-06,89.99670352310905,-0.0005343362945353647,0.0021112861395502737
597.700008906424,0.0025433055125176907,-0.0006144059589132667,9.810019493103027,2.643811001235008e-07,-0.0002918784157373011,-1.163994397757051e-06,89.99670352310905,-0.0005343358490392802,0.002118392776241628
597.8000089079142,4.326939597376622e-05,1.0450244189996738e-05,9.8100004196167,1.0121870275270339e-07,-0.0002902974374592304,-6.211546974554949e-07,89.99670352310905,-0.0005343354035574066,0.002125499550005017
597.9000089094043,-0.0024567304644733667,1.0306453077646438e-05,9.810019493103027,-1.1119424243588583e-06,-0.0002899918472394347,-5.195350354370021e-07,89.99670352310905,-0.0005343349923379037,0.0021326061866963715
598.0000089108944,0.0025432694237679243,1.0594034392852336e-05,9.809981346130371,-9.045210163094453e-07,-0.00029201869620010257,-4.577831873575633e-07,89.99670352310905,-0.000534334546870241,0.00213971296045976
598.1000089123845,-0.0024567663203924894,0.0006353064090944827,9.8100004196167,4.941088604937249e-07,-0.0002939731639344245,-4.77074024729518e-07,89.99670352310905,-0.0005343341013741565,0.002146819597151115
598.2000089138746,0.002543305279687047,-0.0006144059589132667,9.809981346130371,-7.725871000729967e-07,-0.00029393762815743685,-4.886526312475326e-07,89.99670352310905,-0.0005343336558922829,0.0021539262338424693
598.3000089153647,-0.0024567304644733667,1.0306453077646438e-05,9.810019493103027,-6.534652357004234e-07,-0.0002934639633167535,-4.989407216271502e-07,89.99670352310905,-0.0005343332104104093,0.002161033007605858
598.4000089168549,0.0025432694237679243,1.0594055311230477e-05,9.8100004196167,9.37782544951915e-07,-0.00029182533035054803,-5.11821554027847e-07,89.99670352310905,-0.0005343327992051172,0.0021681396442972127
598.500008918345,-0.002453393302857876,-0.013799550011754036,9.8100004196167,-4.4693981180898845e-05,-0.0002907911839429289,-0.0014728184323757887,89.99096616420624,-0.0005343310857881534,0.0021752464180606014
598.6000089198351,0.0025432691909372807,1.0933607882179786e-05,9.8100004196167,4.1097904613707215e-05,-0.00029096860089339316,0.00016306765610352159,89.9889239376444,-0.0005343294066619819,0.0021823530547519557
598.7000089213252,-0.0024587155785411596,0.004384983796626329,9.809990882873535,-1.6631570360914338e-06,-0.0002921749255619943,2.7426418455434032e-05,89.98932008861627,-0.0005343281044929427,0.00218945969144331
598.8000089228153,0.0025422165635973215,-0.0006140836630947888,9.810019493103027,1.7104470089179813e-06,-0.00029313602135516703,4.416276169649791e-06,89.98932008861627,-0.0005343267680189001,0.002196566465206699
598.9000089243054,-0.00245807901956141,0.015692710876464844,9.809990882873535,4.676245225709863e-05,-0.000293319666525349,0.0014729551039636135,89.99505744751907,-0.0005343268365720633,0.0022036731018980535
599.0000089257956,0.002546768868342042,-0.015672309324145317,9.8100004196167,-8.603699097875506e-05,-0.00029316090513020754,-0.00163632957264781,89.99145793782648,-0.0005343254658498608,0.002210779875661442
599.1000089272857,-0.0024546023923903704,-0.004990029148757458,9.8100004196167,4.389513560454361e-05,-0.0002915080403909087,0.00013478490291163325,89.98901273010361,-0.000534323649631574,0.002217886512352797
599.2000089287758,0.0025435094721615314,0.0050109149888157845,9.8100004196167,-3.6497444853011984e-06,-0.0002912739582825452,2.2893469576956704e-05,89.98934740937295,-0.0005343223474483239,0.0022249931490441513
599.3000089302659,-0.0024556771386414766,0.0006349855102598667,9.8100004196167,-5.45399075235764e-07,-0.0002920369151979685,3.397601858523558e-06,89.98934740937295,-0.0005343210452508629,0.00223209992280754
599.400008931756,0.002544555114582181,-0.0006140850018709898,9.810019493103027,-6.19275681401632e-07,-0.0002924552536569536,2.2932749743631575e-07,89.98934740937295,-0.000534319708805242,0.002239206559498895
599.5000089332461,4.432257264852524e-05,0.0006354502402245998,9.809981346130371,2.904380380641669e-07,-0.0002934824151452631,-3.4953040994878393e-07,89.98934740937295,-0.0005343184066362028,0.0022463133332622834
599.6000089347363,-0.0024554450064897537,-0.000615014461800456,9.809981346130371,8.789112939666666e-07,-0.00029229323263280094,-5.27044392129028e-07,89.98934740937295,-0.0005343170701905819,0.002253419969953638
599.7000089362264,0.0025443227495998144,0.000635914970189333,9.810019493103027,-5.394268782765721e-07,-0.00029270804952830076,-4.768896246787335e-07,89.98934740937295,-0.000534315767993121,0.002260526606644992
599.8000089377165,-0.0024555609561502934,9.985523320210632e-06,9.8100004196167,-3.266490864461957e-07,-0.00029252259992063046,-3.8811867852928117e-07,89.98934740937295,-0.00053431446579566,0.0022676333804083812
599.9000089392066,0.002544555114582181,-0.0006140850018709898,9.8100004196167,6.861559995741118e-07,-0.00029168231412768364,-4.923135179524252e-07,89.98934740937295,-0.0005343131293500392,0.0022747400170997356
600.0000089406967,-0.0024556771386414766,0.0006349855102598667,9.8100004196167,6.85687894019793e-07,-0.000291927601210773,-2.929424738340458e-07,89.98934740937295,-0.0005343118271809999,0.0022818467908631243
600.1000089421868,0.002544555114582181,-0.0006140850018709898,9.8100004196167,-1.143985741691722e-06,-0.0002923970459960401,-2.890600399041432e-07,89.98934740937295,-0.0005343104907211682,0.002288953427554479
600.200008943677,-0.0024556771386414766,0.0006349855102598667,9.8100004196167,-3.193265740719653e-08,-0.00029264550539664924,-5.000059672966017e-07,89.98934740937295,-0.0005343091885379181,0.0022960600642458334
600.3000089451671,0.002544555114582181,-0.0006140850018709898,9.8100004196167,1.67374896165029e-08,-0.0002928431495092809,-4.910038455818722e-07,89.98934740937295,-0.0005343078863404571,0.002303166838009222
600.4000089466572,-0.0024556771386414766,0.0006349855102598667,9.8100004196167,-1.2398024296089716e-07,-0.0002926657034549862,-4.3313232822583814e-07,89.98934740937295,-0.0005343065498948363,0.002310273474700577
600.5000089481473,0.002544555114582181,-0.0006140850018709898,9.8100004196167,8.585031423535838e-07,-0.0002921051636803895,-5.489195586960705e-07,89.98934740937295,-0.000534305247725797,0.0023173801113919312
600.6000089496374,-0.0024556771386414766,0.0006349855102598667,9.8100004196167,-3.3038992341971607e-07,-0.00029251660453155637,-3.3667234333734086e-07,89.98934740937295,-0.0005343039112517545,0.002324487022227354
600.7000089511275,0.0025444389320909977,1.0914966878772248e-05,9.8100004196167,-1.2363494761302718e-06,-0.0002922707353718579,-3.9582766930834623e-07,89.98934740937295,-0.0005343026090827152,0.0023315936589187085
600.8000089526176,-0.00245544477365911,-0.000615014461800456,9.8100004196167,-2.7903283239538723e-07,-0.00029249180806800723,-5.488881242854404e-07,89.98934740937295,-0.0005343013068852542,0.0023387002956100633
600.9000089541078,0.0025443227495998144,0.000635914970189333,9.8100004196167,-1.348058844996558e-06,-0.00029255010304041207,-3.2890898182813544e-07,89.98934740937295,-0.0005342999704396334,0.0023458069323014177
601.0000089555979,-0.00245544477365911,-0.000615014461800456,9.8100004196167,-5.183719054002722e-07,-0.000292761716991663,-4.600930196829722e-07,89.98934740937295,-0.0005342986682705941,0.002352913568992772
601.100008957088,0.0025443227495998144,0.000635914970189333,9.8100004196167,-2.5072642984014237e-07,-0.0002923300489783287,-4.793818106918479e-07,89.98934740937295,-0.0005342973317965516,0.0023600204798281954
601.2000089585781,4.4555017666425556e-05,-0.0006145497318357229,9.8100004196167,-2.2196974214239162e-07,-0.00029221532167866826,-4.7423537807844696e-07,89.98934740937295,-0.0005342960296275123,0.0023671271165195498
601.3000089600682,-0.0024556771386414766,0.0006349855102598667,9.8100004196167,-4.196974145997956e-07,-0.0002925675653386861,-4.1892477042893006e-07,89.98934740937295,-0.0005342947274300514,0.002374233753210904
601.4000089615583,0.0025444389320909977,1.0914966878772248e-05,9.8100004196167,-1.170808673123247e-06,-0.0002925362205132842,-4.870865950579173e-07,89.98934740937295,-0.0005342933909844305,0.0023813403899022585
601.5000089630485,-0.00245544477365911,-0.000615014461800456,9.8100004196167,-1.1845255585285486e-06,-0.000292406533844769,-4.3818326389555295e-07,89.98934740937295,-0.0005342920887869695,0.0023884470265936133
601.6000089645386,0.0025419211015105247,0.015693143010139465,9.8100004196167,4.4039574277121574e-05,-0.00029221453587524593,0.001472319709137082,89.99505744751907,-0.0005342921230635511,0.0023955539374290362
601.7000089660287,-0.0024566357024013996,-0.0018594511784613132,9.8100004196167,-4.2213996493956074e-05,-0.00029256928246468306,-0.00016399579180870205,89.99709967408091,-0.0005342919859998574,0.0024026605741203906
601.8000089675188,0.0025436754804104567,0.010073049925267696,9.8100004196167,4.6854500396875665e-05,-0.00029234218527562916,0.0014440356753766537,90.00232476879597,-0.0005342927741480707,0.0024097672108117454
601.9000089690089,-0.002456777263432741,-0.0006091371178627014,9.8100004196167,-4.20932010456454e-05,-0.0002920246624853462,-0.00016887745005078614,90.00429869346611,-0.0005342935280623351,0.0024168738475030998
602.000008970499,0.0025430575478821993,-0.0031094937585294247,9.8100004196167,1.06258471532783e-06,-0.00029256538255140185,-2.9447917768266052e-05,90.00388205192674,-0.0005342939735299979,0.002423980484194454
602.1000089719892,-0.0024567306973040104,1.5844783774809912e-05,9.8100004196167,-1.5670291304559214e-06,-0.0002919784456025809,-5.2272989705670625e-06,90.00388205192674,-0.000534294453288453,0.0024310873950298775
602.2000089734793,0.0025437285657972097,-0.014422465115785599,9.8100004196167,-4.689018533099443e-05,-0.00029302603797987103,-0.0014740170445293188,89.9981720137806,-0.0005342936308494473,0.002438194031721232
602.3000089749694,-0.002456814981997013,0.0012602811912074685,9.8100004196167,4.07454208470881e-05,-0.00029246319900266826,0.00016276164387818426,89.9961229570296,-0.0005342928769636046,0.002445300668412586
602.4000089764595,0.0025430796667933464,0.0031356019899249077,9.8100004196167,-2.1997086605551885e-06,-0.00029228971106931567,2.7634936486720107e-05,89.99651910800146,-0.0005342923972051494,0.0024524073051039406
602.5000089779496,-0.4231531322002411,-1.4753662071598228e-05,9.810235977172852,-5.472922453009232e-07,0.0011709467507898808,6.835844487795839e-06,89.99658057970399,-0.0005342919517232758,0.0024594761099138228
602.6000089794397,-1.9072729349136353,-0.00010116297198692337,9.809871673583984,5.873135933143203e-07,0.001278093783184886,5.487735961651197e-06,89.99664205140652,-0.0005342915062414022,0.0024663741229689422
602.7000089809299,-2.3884639739990234,-0.00012801654520444572,9.80902099609375,8.612039437139174e-07,0.00032125209691002965,4.8198658078035805e-06,89.99667620235238,-0.0005342910607595286,0.002473057481218317
602.80000898242,-1.8184220790863037,-9.492420213064179e-05,9.808917045593262,-1.5694993180659367e-06,-0.0011408369755372405,2.512128503440181e-06,89.99667620235238,-0.0005342906495400257,0.002479577997890919
602.9000089839101,-0.21923989057540894,0.0006229380378499627,9.809356689453125,-9.84095791523032e-08,-0.0028049431275576353,-1.8635990954862791e-06,89.99670352310905,-0.0005342902040723629,0.002486078776190579
603.0000089854002,1.7734320163726807,-0.0005116444663144648,9.809470176696777,-1.3439588428809657e-06,-0.002937763463705778,-5.3339726946433075e-06,89.99667620235238,-0.0005342897585762785,0.0024927388321941187
603.1000089868903,2.7061500549316406,-2.2710647583007812,9.806404113769531,-0.014021677896380424,-0.0021291435696184635,-0.3101344108581543,89.04663103974944,-0.0005340823686026397,0.0024996384901136504
603.2000089883804,3.006521701812744,-6.5656585693359375,9.78915023803711,-0.017672210931777954,0.0018761481624096632,-0.6910006999969482,86.05123791886201,-0.0005332706280114508,0.0025067665100423587
603.3000089898705,0.9686874747276306,-9.412118911743164,9.765814781188965,-0.01775556057691574,0.00817490741610527,-1.0464797019958496,80.97344989363192,-0.0005316143866025413,0.002513848199623467
603.4000089913607,-0.866523265838623,-8.634374618530273,9.769200325012207,-0.0019045951776206493,0.006800870876759291,-0.9596346616744995,75.35067424433736,-0.0005292314578326796,0.0025206598572969645
603.5000089928508,-0.9636340737342834,-4.868618488311768,9.791017532348633,0.00404735840857029,0.0036706486716866493,-0.704772412776947,70.86248863883027,-0.0005264670575826358,0.002527247265122315
603.6000089943409,-0.8649568557739258,-2.8470652103424072,9.800918579101562,0.004480733070522547,0.0013432030100375414,-0.4861883223056793,67.70483754402001,-0.000523497837434661,0.0025336671709217263
603.700008995831,-0.9797155857086182,-4.941756725311279,9.790735244750977,-0.01138834934681654,0.0028909267857670784,-0.7139233350753784,64.30486499783605,-0.0005201695913683579,0.0025398167706694587
603.8000089973211,-1.1893551349639893,-9.10032844543457,9.762977600097656,-0.015037930570542812,0.005479025188833475,-1.029032826423645,59.26654180563029,-0.0005161970382090431,0.0025454594780342757
603.9000089988112,-0.9837948083877563,-11.675990104675293,9.732829093933105,-0.016310080885887146,0.00891784019768238,-1.3423583507537842,52.42761340857451,-0.0005114513987649616,0.002550395990278276
604.0000090003014,-0.6497631072998047,-13.94033432006836,9.697617530822754,-0.01599353738129139,0.01359827071428299,-1.6381527185440063,43.84345215027,-0.000505885040524845,0.0025543946556634586
604.1000090017915,-0.32497310638427734,-15.462543487548828,9.66885757446289,-0.010112064890563488,0.016928043216466904,-1.8292601108551025,33.840698167394265,-0.0004995735587129957,0.0025572298536213336
604.2000090032816,-0.6406617164611816,-13.530695915222168,10.33029556274414,-0.9956272840499878,-0.3603505790233612,-1.9788844585418701,23.085511762529716,-0.0004928575087745912,0.002558949559363912
604.3000090047717,-0.0133819580078125,-16.03094482421875,12.822141647338867,0.21465180814266205,-0.13321204483509064,-1.6981168985366821,12.642766384831873,-0.00048586933658611997,0.002559267840627603
604.4000090062618,1.1139507293701172,-9.6712007522583,6.943545818328857,-0.07075722515583038,0.016801252961158752,-1.7037205696105957,2.977626731639171,-0.00047875988991563645,0.0025587272285242453
604.5000090077519,-3.277224540710449,-14.041937828063965,8.324156761169434,-0.07358239591121674,0.023344136774539948,-1.775374174118042,352.8504412023101,-0.00047212598040857756,0.0025569814790951458
604.6000090092421,-2.6118946075439453,-16.314090728759766,10.793636322021484,-0.16841012239456177,0.03318510949611664,-1.903562068939209,342.42975818940505,-0.000466184798696645,0.002553910243094172
604.7000090107322,-1.439626693725586,-10.654365539550781,11.177936553955078,-0.15390828251838684,0.20389655232429504,-1.9148160219192505,331.7104319852304,-0.00046081054689750545,0.0025500771607264473
604.8000090122223,0.8440151214599609,-15.741498947143555,8.586181640625,0.04438149183988571,0.04545524716377258,-1.9686064720153809,320.40360022940786,-0.00045627335977371786,0.002545117072092544
604.9000090137124,1.191864013671875,-16.814756393432617,8.710165977478027,0.02979598008096218,0.023511793464422226,-1.929682970046997,309.2856368645146,-0.0004528318922041308,0.002539124282752074
605.0000090152025,1.386148452758789,-13.292641639709473,8.397332191467285,-0.2918049693107605,0.1729046106338501,-1.8398761749267578,298.447520010295,-0.00045036411583510016,0.0025324598404434357
605.1000090166926,-0.0659327507019043,-9.10648250579834,6.672926902770996,-0.40882688760757446,0.320954293012619,-1.8713188171386719,287.71100905016857,-0.00044863567175923436,0.002525550861625571
605.2000090181828,-1.0597951412200928,-13.582149505615234,7.743220329284668,-0.5431952476501465,0.37969106435775757,-1.9313993453979492,276.8179501542654,-0.000448047906857596,0.0025185623810278003
605.3000090196729,-7.467938423156738,-11.716230392456055,10.847024917602539,-0.2913958430290222,-0.17690801620483398,-1.6226524114608765,267.37920245719806,-0.00044836598252118165,0.002512257341593149
605.400009021163,-6.910326957702637,-11.340834617614746,13.40113639831543,0.19425630569458008,-0.33525434136390686,-0.6747444868087769,262.13126758955383,-0.0004495299982352208,0.0025067377249151515
605.5000090226531,4.727086067199707,-4.245445728302002,11.302802085876465,-0.02390493080019951,0.06374432146549225,-0.6324771046638489,258.37157630054196,-0.000451100329726728,0.0025009091478717963
605.6000090241432,3.1424107551574707,-3.3716964721679688,4.812141418457031,-0.13401639461517334,-0.0035677067935466766,-0.6229773759841919,254.6399434286405,-0.00045301101110339914,0.0024948993615990706
605.7000090256333,2.3102619647979736,-3.4656026363372803,8.163421630859375,-0.1651846468448639,-0.051074594259262085,-0.480672687292099,251.46469776652827,-0.00045522599235425787,0.002488808702826096
605.8000090271235,9.757810592651367,-7.508227348327637,14.606025695800781,0.06333043426275253,0.07703971862792969,-0.4064960777759552,248.9832353995493,-0.0004583526740020716,0.002482151662407311
605.9000090286136,9.297185897827148,0.713111400604248,7.165664196014404,0.056059978902339935,0.053624071180820465,-0.3030295968055725,247.05826952538627,-0.0004617357146088352,0.002474702893918294
606.0000090301037,3.1435608863830566,-1.4475817680358887,9.380871772766113,0.036586154252290726,0.037045687437057495,-0.21567203104496002,245.78640633965983,-0.0004653449926195208,0.0024670515329625517
606.1000090315938,-2.6525931358337402,-0.7251374125480652,9.582002639770508,0.1332038938999176,0.05831988900899887,-0.12812772393226624,245.01727239760305,-0.00046890872843619036,0.002459644434371968
606.2000090330839,-2.7078123092651367,-2.3904294967651367,8.109419822692871,0.15342406928539276,0.10503940284252167,-0.18339930474758148,244.54918587340373,-0.00047257975738546065,0.0024525498600196337
606.300009034574,-12.303627967834473,1.1201114654541016,10.325761795043945,0.04706592112779617,0.025708073750138283,-0.26015806198120117,243.3609242031183,-0.0004756962271557086,0.00244639642225494
606.4000090360641,-8.95602035522461,0.17400312423706055,10.267813682556152,0.022043224424123764,-0.00018076039850711823,-0.04365149512887001,242.6218977349229,-0.0004784624436240392,0.002440949179611064
606.5000090375543,-1.3425534963607788,0.521349310874939,9.94289779663086,0.012872680090367794,-0.0027014166116714478,0.04276454448699951,242.74418544182282,-0.0004811657439915962,0.0024355877440606715
606.6000090390444,-0.03335237503051758,-1.1019437313079834,7.7088799476623535,-0.19010193645954132,0.04886960983276367,0.06792996823787689,242.89617081123393,-0.00048398740609911783,0.002430284975340968
606.7000090405345,4.794730186462402,5.776247978210449,10.039703369140625,-0.04245886579155922,0.04517190903425217,0.3971743583679199,244.10396682254563,-0.0004865647715632804,0.0024243722360685407
606.8000090420246,3.277292251586914,6.223176002502441,10.857410430908203,-0.02135327272117138,0.03755805641412735,0.7381711006164551,247.26891255938946,-0.0004887772512631727,0.0024179712462098655
606.9000090435147,3.9479851722717285,6.869316101074219,10.073568344116211,-0.025915533304214478,0.030455296859145164,0.7689772248268127,251.37926576038976,-0.0004905513403343775,0.002411032933976656
607.0000090450048,3.5358662605285645,4.087416172027588,9.893854141235352,-0.02496100403368473,0.022549394518136978,0.6196542978286743,254.968229640908,-0.0004920838056676757,0.002403686147081173
607.100009046495,-0.1694430112838745,3.216137647628784,9.135682106018066,-0.10447002202272415,-0.04667031019926071,0.46234962344169617,257.6887759495941,-0.0004933484665343713,0.0023962872728126483
607.2000090479851,-1.976802945137024,1.631559133529663,9.802379608154297,-0.062485046684741974,-0.029890788719058037,0.3293698728084564,259.5360962332724,-0.0004944481269433254,0.0023890331466123655
607.3000090494752,-2.8163318634033203,3.2655415534973145,10.035490036010742,-0.03035483881831169,-0.014927705749869347,0.49221348762512207,261.68257880259733,-0.0004952288892496881,0.0023819840801754255
607.4000090509653,-2.273235559463501,2.9347856044769287,9.98132610321045,-0.024477966129779816,-0.010237917304039001,0.37246179580688477,263.76021306508846,-0.0004957304700781151,0.002375107998645797
607.5000090524554,-0.6584845781326294,0.9153780937194824,9.915435791015625,-0.015190938487648964,-0.00830785371363163,0.25397369265556335,265.1402937680246,-0.0004961481628527054,0.002368282907912936
607.6000090539455,1.5509525537490845,0.6258688569068909,9.86689567565918,-0.008978725410997868,-0.006544832140207291,0.18460991978645325,266.0506213806039,-0.0004965213414607206,0.002361314439832176
607.7000090554357,2.716981887817383,0.5179842114448547,9.838981628417969,-0.0055102938786149025,-0.003395471256226301,0.14668482542037964,266.69391591739236,-0.0004968634389825866,0.0023540995162337087
607.8000090569258,1.636163592338562,0.39206281304359436,9.825018882751465,-0.0035088704898953438,2.8727197786793113e-05,0.12154867500066757,267.16268546050867,-0.0004971784647835875,0.002346736280694107
607.9000090584159,-0.5855900645256042,1.0408153533935547,9.816905975341797,-0.00030169152887538075,0.001927680685184896,0.1775934398174286,267.79914980812714,-0.00049739887663236,0.0023394218427987236
608.000009059906,-1.9215837717056274,0.7464783191680908,9.812736511230469,-0.002140999538823962,0.001416236162185669,0.13489726185798645,268.3620939995196,-0.0004975479767352908,0.0023322781966581027
608.1000090613961,-1.8883613348007202,0.22833627462387085,9.810667991638184,-0.0016045712400227785,8.804128447081894e-05,0.10202401131391525,268.7125373454546,-0.0004976730892281012,0.0023253031491196957
608.2000090628862,-0.8100647926330566,0.1560583859682083,9.810027122497559,-0.001007247599773109,-0.0015085405902937055,0.08230648189783096,268.9293548704675,-0.0004977831580532666,0.002318400475615409
608.3000090643764,0.8954671025276184,0.13224071264266968,9.809956550598145,-0.0006302782567217946,-0.0023015071637928486,0.06940280646085739,269.07404559784504,-0.0004978828094266419,0.0023114172037549427
608.4000090658665,1.970618486404419,0.09978332370519638,9.809833526611328,-0.0003945138887502253,-0.0013022159691900015,0.06310167908668518,269.1777551902025,-0.0004979761554864126,0.0023042571089702036
608.5000090673566,1.4212719202041626,0.3051116168498993,9.810282707214355,0.0003859343705698848,0.0005989419878460467,0.08431432396173477,269.3482640326427,-0.0004980437320085684,0.0022969689889054093
608.6000090688467,-0.12101583182811737,0.21424263715744019,9.81062126159668,-0.00037148239789530635,0.0017775219166651368,0.0732467845082283,269.5054949873364,-0.0004980921869588428,0.0022896916975313265
608.7000090703368,-1.3487944602966309,0.05792494863271713,9.810050010681152,-0.00034117832547053695,0.0015103089390322566,0.06447634100914001,269.60253831506395,-0.0004981346450279034,0.002282535440763548
608.8000090718269,-1.504555106163025,0.0380677692592144,9.809436798095703,-0.0002564806491136551,0.00038116672658361495,0.05986228585243225,269.66111401738596,-0.0004981728881290337,0.002275514199949575
608.900009073317,-0.7191723585128784,0.03863184526562691,9.809441566467285,-0.00017479926464147866,-0.0009567518136464059,0.05624733492732048,269.69977288808826,-0.0004982074302688488,0.0022685575200637664
609.0000090748072,0.5648038983345032,0.02745065838098526,9.809632301330566,-0.00011043796257581562,-0.0016521490179002285,0.05236012861132622,269.72676579568815,-0.0004982397792758775,0.002261549849381191
609.1000090762973,1.418436884880066,0.09921979904174805,9.809785842895508,0.0001747287024045363,-0.0010154166957363486,0.059002574533224106,269.77875719565026,-0.0004982637326236272,0.002254415112922801
609.2000090777874,1.098902940750122,0.07125318795442581,9.810256958007812,-6.767212471459061e-05,0.00033174012787640095,0.05634857341647148,269.8288634634015,-0.0004982816547851598,0.0022471815475276664
609.3000090792775,0.01568860188126564,0.017235463485121727,9.81035041809082,-6.976868462515995e-05,0.0012524118646979332,0.05436164140701294,269.86041893736694,-0.0004982980348842148,0.002239946885556257
609.4000090807676,-0.918036162853241,0.013299984857439995,9.810148239135742,-6.984135688981041e-05,0.0011340565979480743,0.053387679159641266,269.8798166746098,-0.0004983131128142304,0.0022327943297334053
609.5000090822577,-1.0787427425384521,0.006853917613625526,9.80968952178955,-8.255405555246398e-05,0.000326354056596756,0.05249045044183731,269.8911274678753,-0.0004983273683052403,0.002225738820910852
609.6000090837479,-0.5410524010658264,0.01294759288430214,9.809572219848633,-4.0844759496394545e-05,-0.0006375918164849281,0.051891688257455826,269.9004438459032,-0.0004983403558895816,0.002218731835588448
609.700009085238,0.3549160361289978,-0.005601542070508003,9.809730529785156,-7.438159809680656e-05,-0.0011172801023349166,0.04854128882288933,269.902083091304,-0.000498353960281861,0.0022116929124820477
609.8000090867281,0.9282864928245544,0.03903425112366676,9.809920310974121,0.00012938435247633606,-0.0007076212204992771,0.05282382294535637,269.91847554531205,-0.0004983641721452159,0.0022045703754347123
609.9000090882182,0.7585411071777344,0.034119751304388046,9.810179710388184,-1.0400044629932381e-06,0.00017745592049323022,0.05223725363612175,269.9385836222286,-0.00049837143696152,0.002197380261874457
610.0000090897083,0.038030318915843964,-0.000502311741001904,9.810281753540039,-3.651951556093991e-05,0.0008036248036660254,0.05088410899043083,269.94828249085,-0.0004983787360686165,0.002190186447369275
610.1000090911984,-0.5727903246879578,0.010939564555883408,9.810101509094238,1.2491995221353136e-05,0.0007603575941175222,0.052234865725040436,269.9574349443378,-0.0004983850071198503,0.0021830441719489974
610.2000090926886,-0.7107662558555603,-0.0023462942335754633,9.809798240661621,-7.70284968893975e-05,0.0002270450204377994,0.05031239986419678,269.95986649168236,-0.0004983914837595194,0.002175965497952644
610.3000090941787,-0.3456433415412903,-0.006475365255028009,9.809782028198242,-2.150329419237096e-05,-0.0004020586784463376,0.05000307410955429,269.9591015104953,-0.000498398508682385,0.00216891821345215
610.4000090956688,0.21741965413093567,0.02148047834634781,9.809786796569824,4.387907756608911e-05,-0.0006941945757716894,0.051321327686309814,269.96683328463575,-0.0004984036146140625,0.002161851190578714
610.5000090971589,0.5755087733268738,0.02033000811934471,9.810028076171875,7.555070169473765e-06,-0.0004431399574968964,0.05087333545088768,269.97754302125435,-0.0004984069386182455,0.0021547324915483393
610.600009098649,0.45316484570503235,0.007067842874675989,9.81010627746582,2.255893605251913e-06,0.00010098043276229873,0.05058523267507553,269.9855206822049,-0.000498409611523698,0.0021475729450517373
610.7000091001391,0.03534172102808952,-0.006221115589141846,9.810155868530273,-2.718271571211517e-05,0.0004840553447138518,0.049674876034259796,269.9869413615523,-0.0004984128670031396,0.0021404105200424147
610.8000091016293,-0.34515079855918884,-0.002565261907875538,9.810091972351074,-2.1112684862600872e-06,0.0004663507279474288,0.05018684267997742,269.98655887095873,-0.000498416362333387,0.0021332790733128485
610.9000091031194,-0.4229491949081421,-0.0007087975391186774,9.809864044189453,-1.2193905604362953e-05,0.00013464079529512674,0.05026409775018692,269.98650422944536,-0.0004984198576636345,0.0021261855955367888
611.0000091046095,-0.20537112653255463,0.0005922147538512945,9.80987548828125,-1.2970456737093627e-05,-0.00024610175751149654,0.049946777522563934,269.98644958793204,-0.0004984233872704635,0.002119110211269259
611.1000091060996,0.13247904181480408,4.205638833809644e-05,9.809903144836426,-2.9520472253352636e-06,-0.0004055891477037221,0.04952442646026611,269.9863403049053,-0.0004984268483383403,0.0021120231758788126
611.2000091075897,0.3403102457523346,0.014495977200567722,9.809999465942383,4.2236799345118925e-05,-0.0002529648772906512,0.050838589668273926,269.9919410600247,-0.0004984290414853376,0.002104905847568781
611.3000091090798,0.25789642333984375,-0.0012069122167304158,9.81005859375,-3.12449992634356e-05,6.06445137236733e-05,0.04941220581531525,269.9939081545057,-0.0004984313374478688,0.002097765079940881
611.40000911057,0.020206306129693985,0.0169737059623003,9.810126304626465,6.397938705049455e-05,0.000281871878542006,0.05188823863863945,270.0016399286461,-0.000498432125610293,0.002090622667448569
611.5000091120601,-0.2050836980342865,-0.001218171208165586,9.810028076171875,-5.6672146456548944e-05,0.0002709951950237155,0.049856625497341156,270.00453592885424,-0.0004984330165740403,0.0020834986226088556
611.6000091135502,-0.24775108695030212,-0.00496709207072854,9.809945106506348,-4.580362656270154e-06,7.385155913652852e-05,0.0500447079539299,270.0039895137206,-0.000498434353033872,0.002076396646366668
611.7000091150403,-0.11269611865282059,0.014466922730207443,9.809928894042969,3.100201138295233e-05,-0.0001462238869862631,0.05132906883955002,270.0095629480833,-0.0004984343873104535,0.00206930481345502
611.8000091165304,0.07750234007835388,1.819244062062353e-07,9.809931755065918,-4.19785974372644e-05,-0.00023460261581931263,0.049498505890369415,270.011475401051,-0.0004984344900975657,0.0020622059898696217
611.9000091180205,0.20269323885440826,-0.004398212302476168,9.810006141662598,4.7286848712246865e-06,-0.0001437267492292449,0.04954420030117035,270.0110109481874,-0.0004984349013170686,0.002055089346919762
612.0000091195107,0.1402440220117569,0.015032593160867691,9.810035705566406,4.336680649430491e-05,3.6790563171962276e-05,0.05112177133560181,270.0166117033068,-0.0004984340103533214,0.002047959682126642
612.1000091210008,0.01512843742966652,-0.00061419716803357,9.810078620910645,-3.676316555356607e-05,0.00016411516116932034,0.04969506710767746,270.01863343930114,-0.0004984332221908971,0.002040828920757247
612.2000091224909,-0.1250409185886383,-0.020019151270389557,9.810029029846191,-3.765176370507106e-05,0.0001559045776957646,0.048493631184101105,270.01256823131814,-0.0004984341131546444,0.0020337092622226324
612.300009123981,-0.13763682544231415,-0.012537561357021332,9.809929847717285,-2.980289082188392e-06,4.0729912143433467e-05,0.048666588962078094,270.00480913642104,-0.0004984362035145296,0.0020266020772431404
612.4000091254711,-0.0676041916012764,0.005639111157506704,9.809989929199219,3.1798619602341205e-05,-8.676800644025207e-05,0.050032563507556915,270.00311524950683,-0.000498437779839378,0.0020195007863611242
612.5000091269612,0.05251820385456085,0.018809519708156586,9.809961318969727,3.515047501423396e-05,-0.00013564713299274445,0.051204487681388855,270.00918045748983,-0.000498437677038055,0.002012394972101976
612.6000091284513,0.10762463510036469,-0.0025105534587055445,9.809989929199219,-3.5263539757579565e-05,-8.155449177138507e-05,0.04952847957611084,270.01120219348417,-0.000498437779839378,0.002005279288656356
612.7000091299415,0.09015011787414551,-0.0037565112579613924,9.810029029846191,7.762003406242002e-06,2.276603481732309e-05,0.049707427620887756,270.0108197028906,-0.0004984382595836223,0.0019981557921047804
612.8000091314316,8.536985842511058e-05,1.0450306035636459e-05,9.81005859375,2.1530993308260804e-06,9.499081352259964e-05,0.049830906093120575,270.0107377406206,-0.0004984387050654959,0.0019910321584811702
612.9000091329217,-0.0675104409456253,2.3043205146677792e-05,9.809990882873535,7.645172672710032e-08,8.99351216503419e-05,0.04990645498037338,270.0107104198639,-0.0004984391162849988,0.00198391455602707
613.0000091344118,-0.08256911486387253,-0.013791718520224094,9.809980392456055,-4.007174720754847e-05,2.24213108594995e-05,0.04845483601093292,270.00500038171776,-0.0004984407954111703,0.0019768044925348575
613.1000091359019,-0.03754699230194092,0.0006373948999680579,9.810009956359863,3.693226972245611e-05,-5.102498471387662e-05,0.049988776445388794,270.00297864572343,-0.0004984424745515526,0.0019696975816994346
613.200009137392,0.030021190643310547,0.0025087229441851377,9.809951782226562,-2.094953742926009e-06,-7.87469616625458e-05,0.04978848248720169,270.0033064948036,-0.0004984438110113842,0.0019625880664953595
613.3000091388822,0.06508427858352661,0.001256707706488669,9.809999465942383,6.658806910309067e-07,-4.678823097492568e-05,0.049739934504032135,270.0033064948036,-0.0004984451474570051,0.0019554727942658425
613.4000091403723,0.0451003834605217,0.013810883276164532,9.810029029846191,4.131826790398918e-05,1.4414341421797872e-05,0.051221080124378204,270.0089618914364,-0.0004984451817193758,0.0019483534098752966
613.5000091418624,0.005059639923274517,9.490021511737723e-06,9.810009956359863,-3.710719829541631e-05,5.518338002730161e-05,0.049676522612571716,270.0110109481874,-0.0004984452845349097,0.0019412336142686473
613.6000091433525,-0.03999624401330948,-0.0049821543507277966,9.810009956359863,3.025556907232385e-06,5.226611756370403e-05,0.04984224587678909,270.0106011368372,-0.0004984457642649431,0.0019341173825348904
613.7000091448426,-0.05002589523792267,0.0012696412159129977,9.809990882873535,-2.8383612971083494e-07,1.2765153769578319e-05,0.049861423671245575,270.0105464953238,-0.0004984461412220753,0.001927005674178266
613.8000091463327,-0.025026237592101097,-0.0006099542370066047,9.809961318969727,-2.4713522179808933e-06,-3.0280400096671656e-05,0.049826182425022125,270.0105464953238,-0.0004984465867181598,0.0019198960219021567
613.9000091478229,0.02752338908612728,5.44767817700631e-06,9.810049057006836,-1.8383454971626634e-06,-4.533838000497781e-05,0.049783699214458466,270.0104372122971,-0.0004984470322000334,0.0019127840394014637
614.000009149313,0.03506091237068176,0.0006290913443081081,9.809961318969727,9.3356641173159e-07,-2.6415675165480934e-05,0.04976867139339447,270.0104098915404,-0.000498447477681907,0.0019056690413160157
614.1000091508031,0.030060691758990288,-0.0006199997733347118,9.809990882873535,1.8710833273871685e-06,8.42721692606574e-06,0.04978790879249573,270.0104098915404,-0.0004984478889014099,0.0018985513017898813
614.2000091522932,6.0811700677732006e-05,1.0450356967339758e-05,9.810108184814453,1.1136471584904939e-06,3.10263094434049e-05,0.049822255969047546,270.0104098915404,-0.0004984483343832835,0.0018914334251917124
614.3000091537833,-0.02498595602810383,1.4959219697630033e-05,9.809892654418945,1.204132558996207e-06,2.9739354431512766e-05,0.0498458668589592,270.0103279292704,-0.0004984487798509463,0.0018843180158901616
614.4000091552734,-0.03125521540641785,1.6060559573816136e-05,9.810029983520508,-4.7091552346500976e-07,7.0433902692457195e-06,0.049844205379486084,270.0103006085137,-0.0004984492253612416,0.0018772052109572628
614.5000091567636,-0.011255109682679176,0.0006374696968123317,9.809981346130371,-4.383652196793264e-07,-1.759374026732985e-05,0.04982123523950577,270.0103006085137,-0.0004984496708289043,0.001870093365528604
614.6000091582537,0.016275616362690926,-0.000617451558355242,9.810039520263672,1.1440725984357414e-06,-2.560737993917428e-05,0.049796707928180695,270.01024596700034,-0.0004984500820484072,0.0018629802864516365
614.7000091597438,0.020046770572662354,6.89301759848604e-06,9.809981346130371,1.5055651374495937e-06,-1.4470134374278132e-05,0.04978809505701065,270.01019132548697,-0.00049845052751607,0.0018558652883661885
614.8000091612339,0.015046773478388786,7.782318789395504e-06,9.809981346130371,1.5904901147223427e-06,5.365247034205822e-06,0.0497995987534523,270.01019132548697,-0.0004984509730263653,0.0018487489195603973
614.900009162724,3.621536598075181e-05,-0.015674317255616188,9.810049057006836,-3.8814887375338e-05,1.8383512724540196e-05,0.04836822301149368,270.0044266458275,-0.0004984528235070229,0.0018416325507546061
615.0000091642141,-0.016231253743171692,0.0006361318519338965,9.80997085571289,3.9070593629730865e-05,1.7419122741557658e-05,0.049984388053417206,270.00240490983316,-0.0004984546054345174,0.0018345176897411925
615.1000091657043,-0.014987783506512642,0.019445130601525307,9.8100004196167,3.62571699952241e-05,4.022906523459824e-06,0.0513090118765831,270.00847011781616,-0.0004984547082216295,0.001827404199448122
615.2000091671944,-0.007487369701266289,-0.0012381732231006026,9.8100004196167,-3.963707422371954e-05,-1.0539390132180415e-05,0.04967159032821655,270.01051917456715,-0.0004984548452995341,0.0018202912574431889
615.3000091686845,0.005026345141232014,-0.003115428611636162,9.809990882873535,4.264806648279773e-06,-1.4772009308217093e-05,0.04977814108133316,270.01010936321694,-0.0004984553250437784,0.0018131779042221527
615.4000091701746,0.015026889741420746,7.807353540556505e-06,9.809981346130371,2.354256366743357e-06,-8.369425813725684e-06,0.049794770777225494,270.01010936321694,-0.0004984557362632813,0.0018060633173528076
615.5000091716647,0.01253964751958847,-0.0006167250103317201,9.81005859375,-6.262084752961528e-07,3.082377588725649e-06,0.049805283546447754,270.00997275943354,-0.0004984562502841072,0.0017989474968351537
615.6000091731548,3.997861495008692e-05,0.001260449644178152,9.8100004196167,5.674837666447274e-07,1.0563448995526414e-05,0.04981733858585358,270.00997275943354,-0.0004984566615036101,0.0017918316763174999
615.700009174645,-0.012478923425078392,-0.015673164278268814,9.809942245483398,-3.789017864619382e-05,9.461035006097518e-06,0.048374488949775696,270.00420807977406,-0.0004984584777076861,0.0017847170894481547
615.8000091761351,-0.0012336273211985826,1.0497669791220687e-05,9.810039520263672,3.902992102666758e-05,1.896482444863068e-06,0.04997596889734268,270.0021863437797,-0.0004984602596636023,0.0017776025025788096
615.9000091776252,-0.018731093034148216,0.004386276938021183,9.809990882873535,-2.9188647658884292e-06,-6.2379326664085966e-06,0.04984283447265625,270.00254151361656,-0.000498461630357383,0.0017704896976459107
616.0000091791153,0.01876876689493656,0.0012596230953931808,9.80997085571289,1.1490908491396112e-06,-8.415363481617533e-06,0.04981318116188049,270.00254151361656,-0.000498462932554844,0.0017633751107765658
616.1000091806054,1.8683558664633892e-05,-0.000614549673628062,9.810019493103027,3.1538431812805356e-06,-5.1347883527341764e-06,0.049806706607341766,270.00254151361656,-0.0004984642690004648,0.0017562605239072207
616.2000091820955,0.0012687385315075517,0.0006353950593620539,9.809990882873535,5.9697237020373e-07,2.3558875454909867e-06,0.04981008917093277,270.00254151361656,-0.0004984655711979258,0.0017491459370378756
616.3000091835856,-0.10263582319021225,1.5056942174851429e-05,9.81014633178711,-1.6532532072233153e-06,0.00038229438359849155,0.05037977546453476,270.0025688343733,-0.0004984669076435466,0.0017420405339948302
616.4000091850758,-0.6357976794242859,0.012034899555146694,9.810066223144531,1.8843145880964585e-05,0.0009103476768359542,0.05267326161265373,270.00830619327604,-0.0004984670789696111,0.0017349920158460273
616.5000091865659,-1.3430527448654175,-0.0003676805645227432,9.809870719909668,-8.406359847867861e-05,0.0010450202971696854,0.05204720050096512,270.0105464953238,-0.0004984673874020018,0.0017280641210874262
616.600009188056,-1.738899827003479,-0.004044977482408285,9.809473037719727,-6.902618770254776e-05,0.0006483488250523806,0.053217533975839615,270.0105464953238,-0.0004984680384865214,0.001721292214303881
616.7000091895461,-1.6341900825500488,0.0028141953516751528,9.80931568145752,-8.029279706533998e-05,-3.887472757924115e-06,0.054008230566978455,270.0106830991072,-0.0004984684839826059,0.001714666837525024
616.8000091910362,-1.148877501487732,0.0008512097410857677,9.809478759765625,-7.229462789837271e-05,-0.0005475584184750915,0.05417495593428612,270.01079238213396,-0.0004984688951736871,0.0017081444018439414
616.9000091925263,-0.6257460117340088,-0.0004976612399332225,9.8097562789917,-5.4498807003255934e-05,-0.0006600472843274474,0.054154202342033386,270.0107377406206,-0.0004984693406839824,0.0017016778915528612
617.0000091940165,-0.40276503562927246,8.516491652699187e-05,9.809967994689941,-3.7105528463143855e-05,-0.0003048669605050236,0.05453420802950859,270.0106830991072,-0.0004984697861516452,0.0016952475682788417
617.1000091955066,-0.6077389121055603,0.00012333705672062933,9.810103416442871,-3.4214797778986394e-05,0.000207034099730663,0.05526524409651756,270.0106830991072,-0.0004984702316335188,0.001688871662602447
617.2000091969967,-1.0306200981140137,0.00020433853205759078,9.809940338134766,-4.4463977246778086e-05,0.0004899337654933333,0.05607464164495468,270.0108197028906,-0.0004984706771296032,0.0016825881434771842
617.3000091984868,-1.3423198461532593,0.0008934307843446732,9.809721946716309,-5.556297401199117e-05,0.0003915061242878437,0.05685087665915489,270.01103826894405,-0.0004984710883491061,0.0016764251106700886
617.4000091999769,-1.3487788438796997,-0.0022253901697695255,9.809545516967773,-6.112279515946284e-05,3.825546446023509e-05,0.05741022527217865,270.01125683499754,-0.000498471705171255,0.0016703828383252289
617.500009201467,-1.0736167430877686,0.001473330776207149,9.809595108032227,-5.7167264458257705e-05,-0.00032619820558466017,0.057609084993600845,270.0113934387809,-0.0004984721849154994,0.001664436927620496
617.6000092029572,-0.7257040739059448,0.0007792749092914164,9.809798240661621,-4.5448901801137254e-05,-0.0004572964389808476,0.057663820683956146,270.0113934387809,-0.000498472630397373,0.001658555989060031
617.7000092044473,-0.51783287525177,0.0007374247070401907,9.809926986694336,-3.0710449209436774e-05,-0.00027304570539854467,0.05796753242611885,270.01131147651085,-0.0004984730416168759,0.0016527215179192004
617.8000092059374,-0.6102511882781982,-0.013722824864089489,9.809975624084473,-5.507714013219811e-05,7.126443961169571e-05,0.05734260380268097,270.00642106106517,-0.0004984746522183059,0.0016469416014480293
617.9000092074275,-0.8679581880569458,0.0019601103849709034,9.809996604919434,3.5014272725675255e-06,0.0003090666141360998,0.05941440910100937,270.00494574020445,-0.0004984761599899912,0.0016412395418923516
618.0000092089176,-1.1120193004608154,0.01588069275021553,9.809810638427734,-1.3339930774236564e-05,0.0002885091817006469,0.06110632047057152,270.01024596700034,-0.0004984761942807836,0.0016356371337056248
618.1000092104077,-1.1484390497207642,-0.000380511861294508,9.809676170349121,-7.489967538276687e-05,5.7026089052669704e-05,0.06018238514661789,270.0119671746712,-0.0004984762970821066,0.0016301378036887065
618.2000092118979,-0.9771014451980591,-0.006045323330909014,9.809683799743652,-3.67659522453323e-05,-0.00021425091836135834,0.060476817190647125,270.01172128786106,-0.0004984769824432078,0.0016247259256296845
618.300009213388,-0.7155579328536987,0.00015611665730830282,9.809829711914062,-3.078583176829852e-05,-0.00033934443490579724,0.060558829456567764,270.0116939671044,-0.0004984776335277274,0.0016193783343547586
618.4000092148781,-0.545265257358551,0.0001208386747748591,9.809897422790527,-2.128684354829602e-05,-0.0002281562628922984,0.06081816926598549,270.01163932559103,-0.0004984782846264579,0.0016140795407240506
618.5000092163682,-0.5814260840415955,0.0007528520654886961,9.80997371673584,-1.3280123312142678e-05,2.9040580557193607e-05,0.06133650988340378,270.0116120048344,-0.0004984789699733483,0.0016088328344663842
618.6000092178583,-0.7790674567222595,-0.00045633589616045356,9.810003280639648,-1.371604321320774e-05,0.0002269014366902411,0.061939917504787445,270.0116666463477,-0.0004984796210862896,0.0016036558978741865
618.7000092193484,-0.9705579280853271,0.00020942898117937148,9.809822082519531,-1.878785769804381e-05,0.0002295602607773617,0.06246836856007576,270.01177592937444,-0.0004984802721565984,0.001598566002023782
618.8000092208385,-1.0156984329223633,0.0008462093537673354,9.809769630432129,-2.269045216962695e-05,5.375107139116153e-05,0.06281637400388718,270.01191253315784,-0.0004984808889929582,0.0015935672590762005
618.9000092223287,-0.8768807649612427,0.00019351074297446758,9.80976390838623,-2.0400071662152186e-05,-0.00017042021499946713,0.06293713301420212,270.01199449542787,-0.0004984815400774778,0.0015886470584042843
619.0000092238188,-0.6591405272483826,-0.0004769926890730858,9.809822082519531,-1.4036027096153703e-05,-0.0002846088318619877,0.06297626346349716,270.01199449542787,-0.0004984821911904191,0.00158378593577916
619.1000092253089,-0.5151451230049133,0.00011744302173610777,9.809907913208008,-4.587643161357846e-06,-0.00019654897914733738,0.06320000439882278,270.0119398539145,-0.0004984828765373095,0.0015789710064296014
619.200009226799,-0.5350667834281921,0.00012135379074607044,9.810007095336914,5.019195668864995e-06,2.5084787921514362e-05,0.06367103010416031,270.01191253315784,-0.0004984835618841998,0.001574204052292055
619.3000092282891,-0.7176918387413025,0.0007843591156415641,9.809982299804688,4.08845426136395e-06,0.00020043898257426918,0.06421395391225815,270.01191253315784,-0.0004984841787205596,0.0015695013849386047
619.4000092297792,-0.8854003548622131,0.002695656381547451,9.809870719909668,1.5055493349791504e-06,0.0002014424535445869,0.06466837972402573,270.01202181618453,-0.0004984845556634809,0.0015648779452209912
619.5000092312694,-0.9155230522155762,-0.012403310276567936,9.809796333312988,-2.2071424609748647e-05,4.100553996977396e-05,0.06392423063516617,270.0080056649526,-0.0004984860634635879,0.0015603367487239698
619.6000092327595,0.13333822786808014,-0.0018250755965709686,9.80784797668457,-3.9064878365024924e-05,-0.0022947718389332294,0.026466021314263344,269.96981124711385,-0.0004984877425897594,0.0015557836269599625
619.7000092342496,-0.22717984020709991,0.005185442045331001,9.808084487915039,-6.444452446885407e-05,8.55799371493049e-05,-0.003380026202648878,269.88989803382475,-0.0004984889419716865,0.0015512506547850002
619.8000092357397,-0.6359682679176331,0.011580601334571838,9.79280948638916,5.486317240865901e-05,1.8637656467035413e-05,0.00587404565885663,269.9100061107412,-0.0004984890105106388,0.0015467748416483494
619.9000092372298,-0.9503664970397949,-0.005496429279446602,9.82764720916748,-1.0257852409267798e-05,0.0010215851943939924,0.0032874364405870438,269.93164415003184,-0.0004984894559783015,0.0015423841502450113
620.0000092387199,-1.5591545104980469,0.3945263624191284,9.81773567199707,0.0005856685456819832,0.00030184912611730397,0.03402947261929512,270.0914159350968,-0.0004984547767605818,0.001538133409388714
620.10000924021,-0.9066697955131531,0.09101792424917221,9.809066772460938,-0.00041137062362395227,-0.0007627559825778008,0.01837771199643612,270.214359340157,-0.0004984123187057321,0.0015339640893208026
620.2000092417002,-0.027497973293066025,-0.02130345068871975,9.808172225952148,-0.00011632456153165549,-0.0008334163576364517,0.01452198252081871,270.3004197236992,-0.0004983718824576044,0.0015297970994774747
620.3000092431903,-0.07449713349342346,0.012654775753617287,9.809026718139648,-4.062573134433478e-05,0.00020120604312978685,0.013115606270730495,270.37057942685357,-0.0004983303496430835,0.00152563655201976
620.4000092446804,-0.9438289403915405,0.01537645049393177,9.809502601623535,-2.819539440679364e-05,0.0008082278072834015,0.012507868930697441,270.4275158837748,-0.0004982880629000874,0.0015215607150792549
620.5000092461705,-1.3031595945358276,0.00900838803499937,9.809332847595215,-1.5942128811730072e-05,0.00015455327229574323,0.011745764873921871,270.4725404907835,-0.0004982459475115775,0.001517601937656059
620.6000092476606,-0.6315153241157532,0.0075844526290893555,9.809402465820312,1.7439851944800466e-06,-0.000796602456830442,0.01018537487834692,270.5088224556546,-0.0004982036607970031,0.0015136996339110032
620.7000092491508,0.0742541030049324,0.008762987330555916,9.809782028198242,5.092566425446421e-06,-0.0005462943809106946,0.009206095710396767,270.5390938540561,-0.0004981605516576337,0.0015097906136362655
620.8000092506409,-0.26203635334968567,0.006402075290679932,9.81024169921875,3.180002750013955e-07,0.0004958961508236825,0.009245704859495163,270.5645021577686,-0.0004981170997950812,0.0015059050326793966
620.900009252131,-1.0890028476715088,0.006800662726163864,9.810047149658203,-3.2893585739657283e-06,0.000717827002517879,0.009541899897158146,270.5855118196555,-0.0004980740249180826,0.0015021171840829978
621.0000092536211,-1.1505870819091797,0.005263932980597019,9.809659004211426,-2.6795830763148842e-06,-0.00013674258661922067,0.00936134997755289,270.60286050014736,-0.0004980315668632329,0.001498432550728442
621.1000092551112,-0.32276540994644165,1.8776657581329346,9.80792236328125,0.007483244873583317,-0.0013522685039788485,0.21490761637687683,271.3332536092318,-0.0004978219151894336,0.0014947806775900887
621.2000092566013,1.8172404766082764,3.785912275314331,9.80300235748291,0.0033176366705447435,-0.002745597390457988,0.36196380853652954,273.1270798513306,-0.0004972651628492031,0.0014909843305275622
621.3000092580914,4.182452201843262,1.8858158588409424,9.805150032043457,-0.0011234955163672566,-0.002714854897931218,0.33346980810165405,275.02742972372494,-0.0004965080111958287,0.0014868289918071515
621.4000092595816,4.916637897491455,0.8446553945541382,9.835963249206543,0.0005341449868865311,-9.496856364421546e-05,0.3058062195777893,276.7378730164362,-0.0004956246847456214,0.0014822443434752506
621.5000092610717,2.2400007247924805,0.5935238599777222,9.780129432678223,0.0007868186221458018,0.0005283178179524839,0.24097459018230438,278.2104891222476,-0.0004946606913875939,0.001477468753799542
621.6000092625618,3.5287699699401855,0.6249098777770996,9.799636840820312,0.001505418331362307,-0.0015131088439375162,0.22500455379486084,279.48811698763353,-0.000493589679052775,0.0014723902349279862
621.7000092640519,4.467798233032227,0.6721456050872803,9.807494163513184,0.0011770057026296854,-0.0009134823339991271,0.18021994829177856,280.591329142374,-0.0004923862893946307,0.0014669290109366089
621.800009265542,4.537799835205078,2.59786319732666,9.80339527130127,0.009720559231936932,-0.0010618336964398623,0.3972025215625763,282.33338255056407,-0.0004908692789342695,0.0014611197610500933
621.9000092670321,4.90267276763916,4.740875244140625,9.795072555541992,0.007957449182868004,0.00017464789561927319,0.527030885219574,285.10127573057673,-0.0004888286875370795,0.0014549966162049847
622.0000092685223,4.938500881195068,5.40852165222168,9.788777351379395,0.008050929754972458,0.0018489304929971695,0.6897741556167603,288.6929170452496,-0.00048618854309268045,0.0014486089223336386
622.1000092700124,3.9592208862304688,7.534163475036621,9.773019790649414,0.017082050442695618,0.007370173931121826,0.9958516359329224,293.5532250171173,-0.0004827898077479631,0.0014421647547841526
622.2000092715025,0.4638204574584961,10.584518432617188,9.749661445617676,0.01205429621040821,0.01246028020977974,1.2221441268920898,300.0193377836117,-0.00047855154043929815,0.001436157984096182
622.3000092729926,-2.7706737518310547,11.66303539276123,9.730874061584473,0.010749682784080505,0.01486905850470066,1.3963830471038818,307.52839311561036,-0.0004736386388515257,0.0014309829665124646
622.4000092744827,-4.333032608032227,12.91614818572998,9.708568572998047,0.009090946987271309,0.01547143142670393,1.5385091304779053,315.90898058570264,-0.0004682022591708801,0.0014269069924999253
622.5000092759728,-2.3011131286621094,11.098979949951172,9.728575706481934,-0.0015145125798881054,0.00779325095936656,1.3428373336791992,323.95122780506915,-0.00046234948891310523,0.0014237532391342908
622.600009277463,0.20209217071533203,10.364727973937988,9.731762886047363,0.007065414916723967,0.008599357679486275,1.4348664283752441,331.8457516930667,-0.0004560440725214221,0.0014214060176185952
622.7000092789531,2.2318925857543945,10.329303741455078,9.736058235168457,0.0012771815527230501,0.006262621376663446,1.3418598175048828,339.63033685618365,-0.0004492298447473786,0.0014198528543977154
622.8000092804432,3.8414511680603027,7.254513263702393,9.76613712310791,-0.00558382598683238,0.004961265716701746,1.074515461921692,346.2913285800768,-0.00044192729785663687,0.0014188459232336006
622.9000092819333,1.782275676727295,4.714277744293213,9.788379669189453,-0.005795537494122982,0.005985656287521124,0.8175818920135498,351.41951657119245,-0.00043440399645078287,0.0014182295102952637
623.0000092834234,-1.347494125366211,3.2929515838623047,9.798494338989258,-0.006830222439020872,0.004465459380298853,0.5515567660331726,355.0595429459457,-0.00042697596011009864,0.0014179150670485337
623.1000092849135,-2.570535898208618,2.146076202392578,9.803017616271973,-0.005553023423999548,0.0022502061910927296,0.3581567704677582,357.4422134567696,-0.00041976984337566137,0.001417801297260048
623.2000092864037,-2.600062370300293,1.5509819984436035,9.805214881896973,-0.004349386319518089,0.0004495624452829361,0.24191470444202423,359.0178288152648,-0.0004127944531688854,0.0014178289858109807
623.3000092878938,-1.626263976097107,1.0908167362213135,9.807172775268555,-0.003089960664510727,-0.0016631383914500475,0.17178583145141602,0.11364091419429694,-0.0004059650446492924,0.0014179531730740746
623.4000092893839,0.48735302686691284,-0.046986013650894165,9.809410095214844,-0.004803600255399942,-0.0034715444780886173,0.03955157846212387,0.5740312426018213,-0.00039909170457974597,0.0014180729740320703
623.500009290874,2.4642140865325928,-0.1108388900756836,9.809341430664062,-0.0014154266100376844,-0.00279264897108078,0.030047886073589325,0.7605330263444573,-0.0003919970274210982,0.0014181853731002126
623.6000092923641,2.4597463607788086,0.20506501197814941,9.809762001037598,-0.0008648688672110438,-0.00030420778784900904,0.02691403031349182,0.9183451874478366,-0.0003846819726902595,0.0014183194295497776
623.7000092938542,0.515232503414154,0.1341075897216797,9.810833930969238,-0.0006918413564562798,0.001862610224634409,0.019524235278367996,1.042113871458874,-0.00037732106740406834,0.0014184662336985342
623.8000092953444,-1.4101593494415283,0.0779716968536377,9.810295104980469,-0.0004884626250714064,0.0019471152918413281,0.013036864809691906,1.1277851476617555,-0.00037008685090711424,0.001418617287080355
623.9000092968345,-2.117612838745117,0.04846787452697754,9.809306144714355,-0.00032841291977092624,0.0008274284773506224,0.008623257279396057,1.184486176500028,-0.0003630427533067859,0.0014187687516782786
624.0000092983246,-1.575390100479126,-0.40112626552581787,9.8090181350708,-0.0016021105693653226,-0.0008843994583003223,-0.03918888792395592,1.0510883131414477,-0.0003561392231148375,0.0014188816990345582
624.1000092998147,0.00305292010307312,-0.30489131808280945,9.809362411499023,3.063911572098732e-05,-0.0024467594921588898,-0.026125222444534302,0.8804895043032757,-0.0003492349732709954,0.0014189675061280426
624.2000093013048,1.6406673192977905,-0.04290354251861572,9.809561729431152,0.00011897226795554161,-0.0021246401593089104,-0.014945261180400848,0.7763210619717946,-0.0003421833367411864,0.0014190513942130463
624.3000093027949,1.6444765329360962,-0.032168030738830566,9.810124397277832,6.49528083158657e-05,-1.556640927447006e-05,-0.009660272859036922,0.7121688837184201,-0.00033498417643329503,0.0014191341857217757
624.400009304285,-0.2902977168560028,-0.030725181102752686,9.81089973449707,5.933619104325771e-05,0.0020237844437360764,-0.006480928510427475,0.669687935206144,-0.0003278110598046169,0.00141921396164575
624.5000093057752,-2.1908247470855713,-0.025780439376831055,9.809892654418945,5.1296898163855076e-05,0.001916468027047813,-0.004367189947515726,0.6410244593848037,-0.000320834573003026,0.0014192894883366602
624.6000093072653,-2.7527832984924316,-0.18937015533447266,9.808637619018555,-0.0005006398423574865,0.0008579007699154317,-0.020949333906173706,0.553554335470123,-0.00031410481587101913,0.0014193454137266628
624.7000093087554,-2.542436361312866,-0.14270925521850586,9.808555603027344,0.00013664929429069161,-0.0002570032374933362,-0.01383776031434536,0.4630939760811519,-0.00030760300953147635,0.0014193869465530618
624.8000093102455,-1.703370451927185,-0.02212965488433838,9.808910369873047,0.0001249730121344328,-0.001477246405556798,-0.008120405487716198,0.40734418448693593,-0.0003012538329016934,0.001419425189650637
624.9000093117356,-0.40397751331329346,-0.01770460605621338,9.809486389160156,6.082630716264248e-05,-0.0021152959670871496,-0.005434280727058649,0.37167709672368804,-0.0002949407062260434,0.0014194619249558347
625.0000093132257,0.5044214725494385,-0.019534766674041748,9.810079574584961,2.93052289634943e-05,-0.0014888206496834755,-0.004257545806467533,0.34605017359694734,-0.00028858220869665274,0.0014194970153966206
625.1000093147159,0.27271655201911926,-0.012967735528945923,9.810389518737793,4.1665225580800325e-05,-0.00011189409997314215,-0.0027292720042169094,0.3280534522271835,-0.0002821991581356542,0.0014195311463331664
625.200009316206,-0.8474699258804321,-0.0028914213180541992,9.8103666305542,4.301645094528794e-05,0.0009010227513499558,-0.001323286211118102,0.31775184609193824,-0.0002758921654333335,0.0014195645919095404
625.3000093176961,-1.8475309610366821,-0.07254016399383545,9.809700012207031,-0.00021574966376647353,0.0008211699314415455,-0.0087411068379879,0.2825486242228694,-0.0002697508413973537,0.0014195907726680956
625.4000093191862,-2.129528760910034,-0.05619454383850098,9.809148788452148,6.0731166740879416e-05,7.812939293216914e-05,-0.005677788518369198,0.24469422173877778,-0.0002638005272643795,0.001419611059329175
625.5000093206763,-1.6767590045928955,-0.007480621337890625,9.80906867980957,4.020909545943141e-05,-0.0009253223543055356,-0.003636027919128537,0.22028696762656033,-0.00025800051260205237,0.0014196301123419455
625.6000093221664,-0.705782413482666,-0.008874297142028809,9.809493064880371,1.3372860848903656e-05,-0.001665783580392599,-0.002749891486018896,0.20463023971797384,-0.0002522637052919663,0.0014196482058504757
625.7000093236566,0.16922476887702942,-0.006901144981384277,9.809961318969727,1.581059768795967e-05,-0.0014525221195071936,-0.0019086019601672888,0.19179699461839422,-0.00024651159731092775,0.0014196657510708686
625.8000093251467,0.22639310359954834,-0.0007645934820175171,9.810196876525879,2.664461499080062e-05,-0.00042877456871792674,-0.0008209223742596805,0.1845174670464019,-0.0002407390998655501,0.0014196832962912616
625.9000093266368,-0.5624940991401672,0.011822223663330078,9.810375213623047,2.8669950552284718e-05,0.0005332144792191684,0.00023389635316561908,0.18557489238771097,-0.00023501706205308892,0.0014197016639438604
626.0000093281269,-1.4899111986160278,-0.019228100776672363,9.809906005859375,-6.504490738734603e-05,0.0006934353732503951,-0.002054718090221286,0.1769387051516116,-0.00022942866949904328,0.0014197179755159445
626.100009329617,-1.889085292816162,-0.03614485263824463,9.809348106384277,-5.285687802825123e-05,0.00013180953101255,-0.003630818100646138,0.16071255024161496,-0.00022400971508318435,0.0014197304490710676
626.2000093311071,-1.590673565864563,-0.013590693473815918,9.809264183044434,2.4744600523263216e-05,-0.0007489503477700055,-0.002269900403916836,0.14536995767399616,-0.0002187333669922964,0.0014197415519058476
626.3000093325973,-0.7578166723251343,0.004255533218383789,9.809489250183105,2.1837418898940086e-05,-0.001520842663012445,-0.0011407248675823212,0.13562092985086077,-0.00021352490384174416,0.0014197527918126617
626.4000093340874,0.11597137898206711,-0.011566884815692902,9.80987548828125,-2.2219493985176086e-05,-0.0014655751874670386,-0.0017195079708471894,0.12666880634500868,-0.0002083059375195262,0.0014197630722152358
626.5000093355775,0.2821101248264313,0.0006296336650848389,9.810197830200195,1.6523466911166906e-05,-0.0005387969431467354,-0.0008235806599259377,0.12194655762716466,-0.00020306157863103635,0.0014197733526178098
626.6000093370676,-0.4290614128112793,0.004673302173614502,9.8103666305542,2.588517963886261e-05,0.00043986484524793923,0.0002211292739957571,0.12194655762716466,-0.0001978557198327735,0.0014197840442364868
626.7000093385577,-1.3587031364440918,-0.0060100555419921875,9.809954643249512,-3.9542908780276775e-05,0.0006608035764656961,-0.0010910903802141547,0.11703393072641978,-0.00019277171809051197,0.0014197939134229579
626.8000093400478,-1.8022431135177612,-0.0090256929397583,9.809487342834473,-1.2134842108935118e-07,0.00015714977052994072,-0.0009320771787315607,0.11190583270170214,-0.0001878493928018088,0.0014198026860331543
626.900009341538,-1.5594022274017334,0.005523800849914551,9.80926513671875,2.777506597340107e-05,-0.0007061598589643836,0.00018935218395199627,0.11190583270170214,-0.00018306688099301027,0.001419811595715385
627.0000093430281,-0.7283473610877991,-0.006175100803375244,9.809494018554688,-3.821996506303549e-05,-0.0015857531689107418,-0.0010694230441004038,0.1065311808562029,-0.00017834961545304395,0.0014198199571094786
627.1000093445182,0.26057422161102295,-0.012998968362808228,9.809845924377441,-1.2761680409312248e-05,-0.0016166180139407516,-0.0013743097661063075,0.10087055485984905,-0.000173608859213914,0.0014198270848552632
627.2000093460083,0.5007224082946777,0.007910162210464478,9.810209274291992,4.00958233512938e-05,-0.0005709237302653491,0.00028946404927410185,0.09891171797087021,-0.00016882312621646633,0.0014198350350332538
627.3000093474984,-0.36559706926345825,-0.006920427083969116,9.810447692871094,-3.778887912631035e-05,0.0005646542413160205,-0.0010456800227984786,0.094872788324825,-0.00016407020480357914,0.001419842436923107
627.4000093489885,-1.361545443534851,-0.007893681526184082,9.809941291809082,4.6729110181331635e-07,0.0006802004645578563,-0.000884548993781209,0.09065408596539092,-0.0001594394146167133,0.0014198487422366858
627.5000093504786,-1.395512342453003,0.005936861038208008,9.800477981567383,2.252054400742054e-05,-0.0008605108014307916,0.00023924469132907689,0.08846932589537937,-0.0001549338054473992,0.0014198554587663674
627.6000093519688,-0.09392871707677841,0.002660229802131653,9.821864128112793,-7.007882231846452e-06,0.0003432280500419438,8.682282896188553e-06,0.09065408596539092,-0.00015043654053670252,0.001419862586512152
627.7000093534589,-0.16398784518241882,0.001520112156867981,9.7831392288208,-1.7937563825398684e-06,-0.0001518674980616197,6.828256573498948e-07,0.09065408596539092,-0.00014595390807414788,0.0014198695771859024
627.800009354949,-0.7504150867462158,-7.092952728271484e-05,9.83492660522461,-6.757327355444431e-07,0.0009070683154277503,1.6742799289204413e-06,0.09065408596539092,-0.00014153858651866358,0.0014198765678596528
627.9000093564391,-1.457251787185669,-0.012887120246887207,9.81326675415039,-1.9574450561776757e-05,0.0005032496992498636,-0.0010459327604621649,0.08392937119122329,-0.00013725396317454397,0.00141988218781306
628.0000093579292,-1.07620108127594,0.3855384588241577,9.808334350585938,0.0005701565532945096,-0.0005018104566261172,0.03028796799480915,0.2229358003640559,-0.00013306597560358568,0.0014199219387030127
628.1000093594193,-0.18969762325286865,0.08555802702903748,9.808269500732422,-0.0004160540411248803,-0.000899722333997488,0.015378564596176147,0.32864938623226714,-0.0001288949592890276,0.001419969228554853
628.2000093609095,0.014020103961229324,-0.0247020423412323,9.809182167053223,-0.0001335000415565446,-2.347520785406232e-05,0.010588395409286022,0.4010508855382832,-0.00012472259791707074,0.0014200141881821101
628.3000093623996,-0.7709224224090576,0.007682085037231445,9.809725761413574,-4.810560494661331e-05,0.0007847811793908477,0.006817314308136702,0.45884922695540054,-0.00012061937228224906,0.0014200594219534357
628.4000093638897,-1.3002407550811768,0.014130234718322754,9.809526443481445,-1.8722756067290902e-05,0.0003252734604757279,0.0035826521925628185,0.5051296816369077,-0.00011663277780371573,0.0014201046557247613
628.5000093653798,-0.7943996787071228,0.005144894123077393,9.809454917907715,2.0082807168364525e-06,-0.0006425845203921199,0.0021652420982718468,0.5428461996771298,-0.00011271740939378105,0.001420149889496087
628.6000093668699,-0.026517335325479507,0.006610644981265068,9.809734344482422,8.122180588543415e-06,-0.0006747895968146622,0.001121863373555243,0.5736902667518495,-0.00010880434547289042,0.0014201955344835154
628.70000936836,-0.13459908962249756,0.00898309051990509,9.81014633178711,9.516137652099133e-06,0.0002866452850867063,-0.0004703158629126847,0.5990517196354589,-0.00010490330964785244,0.00142024200190315
628.8000093698502,-0.945688784122467,0.004022419452667236,9.81017017364502,5.674548447132111e-06,0.0007621079566888511,-0.0024443003349006176,0.6196041323739975,-0.0001010870957145471,0.0014202877839626128
628.9000093713403,-1.2117228507995605,0.0022202730178833008,9.809667587280273,1.0787636711029336e-05,5.67697461519856e-05,-0.0037133817095309496,0.635813985543436,-9.737957132927022e-05,0.001420332469445801
629.0000093728304,-0.48775291442871094,0.004297822713851929,9.809618949890137,1.2665579561144114e-05,-0.0008524429867975414,-0.003737500635907054,0.6492139629213548,-9.371573008820633e-05,0.0014203772920010236
629.1000093743205,0.4500157833099365,1.8957149982452393,9.808080673217773,0.0077866604551672935,-0.0017956402152776718,0.21265673637390137,1.3897347484410862,-9.001557332055654e-05,0.0014205923580228718
629.2000093758106,2.3820574283599854,3.890596866607666,9.802436828613281,0.0037120364140719175,-0.002515631727874279,0.37358447909355164,3.232163122569805,-8.612161383325656e-05,0.0014211669639907411
629.3000093773007,4.3788604736328125,1.9778127670288086,9.804588317871094,-0.0011164352763444185,-0.0023710120003670454,0.34238624572753906,5.18799099305413,-8.18523596990417e-05,0.001421952935035532
629.4000093787909,4.382374286651611,0.7779486179351807,9.838906288146973,-0.00031385524198412895,0.0019217643421143293,0.29215165972709656,6.89574489877971,-7.720115432618968e-05,0.001422854594877289
629.500009380281,1.9039015769958496,0.5596728920936584,9.775205612182617,0.0008820595103316009,6.508256774395704e-06,0.24925296008586884,8.33941252845451,-7.238843525669836e-05,0.0014238298624014757
629.6000093817711,4.428387641906738,0.7039802074432373,9.801643371582031,-0.0008033682242967188,-0.0004071715520694852,0.20730550587177277,9.588617415383053,-6.71945831101084e-05,0.0014249331552057174
629.7000093832612,4.2534260749816895,0.6171813011169434,9.808123588562012,-0.0002548940829001367,-0.0004528186982497573,0.19069719314575195,10.682642965689846,-6.163617076992978e-05,0.0014261610464891558
629.8000093847513,5.101526260375977,0.604116678237915,9.805996894836426,-0.00014530867338180542,-0.0006923171458765864,0.1316729635000229,11.56667349619095,-5.5640425827618856e-05,0.0014275332746247335
629.9000093862414,5.197391986846924,2.67362380027771,9.801634788513184,0.007893822155892849,0.0005498123355209827,0.38459962606430054,13.212819095603015,-4.9245638464867625e-05,0.0014292446189732185
630.0000093877316,4.888881683349609,5.381235122680664,9.791252136230469,0.007263784762471914,0.0017678206786513329,0.5800483822822571,16.132066706302208,-4.256352670495289e-05,0.0014315397531158725
630.1000093892217,3.928232192993164,7.486117362976074,9.77575969696045,0.012774630449712276,0.006940662860870361,0.9089431762695312,20.56839239298867,-3.578673673132471e-05,0.0014345849454303254
630.2000093907118,-0.296170711517334,10.718406677246094,9.750052452087402,0.01018608920276165,0.013565393164753914,1.2011525630950928,26.837672767981633,-2.9466347370998847e-05,0.0014384724453956749
630.3000093922019,-4.34333610534668,13.009891510009766,9.716002464294434,0.00815266091376543,0.016299325972795486,1.4531408548355103,34.67117062329236,-2.4127841399490535e-05,0.0014430942402488766
630.400009393692,-5.772152900695801,14.58366584777832,9.685051918029785,0.0025495407171547413,0.01731405034661293,1.6334514617919922,43.74262148264768,-2.006420173472634e-05,0.0014482995507521784
630.5000093951821,-4.573146343231201,14.553520202636719,9.678133964538574,-0.0031432786490768194,0.014381524175405502,1.6955052614212036,53.44641125536278,-1.72887543357092e-05,0.0014539495229348143
630.6000093966722,-0.7525845766067505,12.691570281982422,9.701536178588867,-0.007412544917315245,0.010693390853703022,1.6357383728027344,63.00005980974266,-1.5552883724012645e-05,0.001460054300127324
630.7000093981624,2.4579906463623047,9.784092903137207,9.737343788146973,-0.010533727705478668,0.006936353165656328,1.4384394884109497,71.70016352920814,-1.4575751805523396e-05,0.0014666428045289487
630.8000093996525,4.4410881996154785,6.899470806121826,9.766278266906738,-0.009457149542868137,0.0037995344027876854,1.169933795928955,78.97155559884703,-1.4125185330726708e-05,0.001473740394466038
630.9000094011426,4.613553047180176,4.558032512664795,9.786643981933594,-0.011355914175510406,0.0036733439192175865,0.8451993465423584,84.53097441340057,-1.4038440156127763e-05,0.0014812889513960402
631.0000094026327,1.5008758306503296,1.8585807085037231,9.805218696594238,-0.013228789903223515,0.0049109323881566525,0.4558970630168915,88.00793685190892,-1.4111101179992147e-05,0.0014889775959451175
631.1000094041228,-2.081341505050659,0.37400808930397034,9.809330940246582,-0.007480275351554155,0.004259105306118727,0.23026998341083527,89.7697431671787,-1.4216373571684926e-05,0.0014964795483834508
631.200009405613,-3.1849191188812256,0.7122176885604858,9.807162284851074,-0.004455915652215481,0.0023870710283517838,0.1356734037399292,90.73711651970595,-1.4380743280639763e-05,0.001503694883198021
631.3000094071031,-2.925408124923706,0.6540429592132568,9.80734634399414,-0.003257277887314558,0.0008042147383093834,0.08946872502565384,91.34332312930125,-1.459685447002812e-05,0.0015106466284905938
631.4000094085932,-1.7392631769180298,0.43051743507385254,9.808316230773926,-0.002312770811840892,-0.0014271853724494576,0.06227385997772217,91.75437074374179,-1.4846257045064704e-05,0.001517441289231836
631.5000094100833,0.6264882683753967,0.27845796942710876,9.809223175048828,-0.0015634853625670075,-0.0030490111093968153,0.04432323947548866,92.04220857574447,-1.5122258005817457e-05,0.001524291464146978
631.6000094115734,2.6587929725646973,0.18852539360523224,9.809247970581055,-0.0010626729344949126,-0.002423114376142621,0.03216209635138512,92.24875349624566,-1.5424258776874922e-05,0.001531379596113699
631.7000094130635,2.746192455291748,0.12982720136642456,9.80962085723877,-0.000745579251088202,6.713275797665119e-05,0.023141395300626755,92.3984780730415,-1.574802185189128e-05,0.0015387133611659218
631.8000094145536,0.6773791909217834,-0.9296782612800598,9.810617446899414,-0.00284102326259017,0.0025859898887574673,-0.08423267304897308,92.09816831561439,-1.59907892651745e-05,0.001546110727642069
631.9000094160438,-1.3997924327850342,-0.6699305176734924,9.81022834777832,0.0004660095146391541,0.002799204085022211,-0.05461232736706734,91.7257385907411,-1.6169825684642092e-05,0.0015533843180712253
632.0000094175339,-2.225572109222412,-0.0980459675192833,9.809327125549316,0.0005091172060929239,0.0017293555429205298,-0.029242606833577156,91.50963140540189,-1.633493002373143e-05,0.0015604583316184116
632.100009419024,-1.7623487710952759,-0.06872592121362686,9.808873176574707,0.0002841354289557785,-7.139485387597233e-05,-0.01811607927083969,91.38420181148378,-1.649014376425839e-05,0.0015673747123261298
632.2000094205141,-0.18172863125801086,-0.07148606330156326,9.8093843460083,0.00019043145584873855,-0.001828903565183282,-0.012583551928400993,91.30141991874322,-1.6638640957467032e-05,0.0015742749185337984
632.3000094220042,1.662695288658142,-0.05644111707806587,9.80942440032959,0.00014861834642942995,-0.0020150807686150074,-0.009108670055866241,91.2427076126378,-1.67853626322767e-05,0.0015813243961868414
632.4000094234943,2.1995389461517334,-0.4657599627971649,9.809633255004883,-0.0008778107585385442,-0.00034107064129784703,-0.04889896512031555,91.02944861618249,-1.689399864801544e-05,0.001588571942929477
632.5000094249845,0.9738448262214661,-0.31799080967903137,9.810497283935547,0.0004689660563599318,0.001676002168096602,-0.031225252896547318,90.8163672046456,-1.697547190815385e-05,0.0015959072157740771
632.6000094264746,-0.8131479024887085,-0.06149522587656975,9.81052303314209,0.00039294330053962767,0.00239606318064034,-0.01741192489862442,90.6900018748112,-1.7050642014737605e-05,0.0016031695662964193
632.7000094279647,-1.7696675062179565,-0.044171180576086044,9.809611320495605,0.0002482851268723607,0.001636039698496461,-0.010565442033112049,90.61603775628913,-1.712020713284801e-05,0.0016102730503309843
632.8000094294548,-1.4951070547103882,-0.04108121991157532,9.809282302856445,0.0001699742570053786,0.0001522442325949669,-0.007121249567717314,90.56837669626078,-1.7184801265557326e-05,0.0016172426149880187
632.9000094309449,-0.2752426862716675,-0.03483628109097481,9.809399604797363,0.000112439643999096,-0.001292346278205514,-0.005358758382499218,90.53414378814067,-1.7246075685761753e-05,0.0016241875066788755
633.000009432435,1.2004828453063965,-0.02364736795425415,9.8096284866333,9.421103459317237e-05,-0.0015357225202023983,-0.0037243058905005455,90.50971220147954,-1.7306210679635115e-05,0.001631240136988708
633.1000094339252,1.7029778957366943,-0.19861912727355957,9.809810638427734,-0.00036039581755176187,-0.0003251376620028168,-0.020827218890190125,90.41910974213931,-1.7349708556935184e-05,0.0016384457396888415
633.2000094354153,0.8395962119102478,-0.13543152809143066,9.810449600219727,0.00020823163504246622,0.001243016915395856,-0.013285537250339985,90.32845264128574,-1.738153819985655e-05,0.001645726732007851
633.3000094369054,-0.5173991918563843,-0.026818133890628815,9.81041145324707,0.00016871695697773248,0.0018853609217330813,-0.007555391639471054,90.27415263738413,-1.741078165196086e-05,0.0016529611198351918
633.4000094383955,-1.3112132549285889,-0.022755203768610954,9.809842109680176,9.872863302007318e-05,0.00135405408218503,-0.004950078669935465,90.24060274818103,-1.743751604976751e-05,0.0016600780369291203
633.5000094398856,-1.13663911819458,-0.019609933719038963,9.809497833251953,7.76245869928971e-05,0.0002241783804493025,-0.003291018307209015,90.21846610508102,-1.746212367947919e-05,0.001667092698285446
633.6000094413757,-0.21966883540153503,-0.012791731394827366,9.809540748596191,5.8038829592987895e-05,-0.0008408993599005044,-0.002192168962210417,90.20378119836549,-1.7485526598193246e-05,0.0016740880324849327
633.7000094428658,0.8339444994926453,-0.07659700512886047,9.80976676940918,-0.00011751739657483995,-0.001010475098155439,-0.008214280940592289,90.1668162145774,-1.7502304004324287e-05,0.0016811580709431236
633.800009444356,1.1861779689788818,-0.051603853702545166,9.809969902038574,8.862907270668074e-05,-0.00016549351857975125,-0.0052629318088293076,90.13106700446154,-1.7514714372168783e-05,0.0016883346143719813
633.9000094458461,0.6023602485656738,-0.009701569564640522,9.810311317443848,7.227735477499664e-05,0.0009255695040337741,-0.0029557088855654,90.10978413500779,-1.752637619745201e-05,0.001695565164182361
634.0000094473362,-0.34107187390327454,-0.007953711785376072,9.81029987335205,4.1405564843444154e-05,0.001387309399433434,-0.0019227734301239252,90.09673164350389,-1.7537282005264387e-05,0.0017027650098570533
634.1000094488263,-0.8919991850852966,-0.011141501367092133,9.80993366241455,2.3661283194087446e-05,0.0010239244438707829,-0.001642438117414713,90.08665028428895,-1.7547076225810088e-05,0.0017098848054637023
634.2000094503164,-0.7585205435752869,0.006438188720494509,9.809696197509766,5.810036600450985e-05,0.0002312571305083111,0.0002817341883201152,90.08487443510475,-1.755734805897191e-05,0.001716936613341329
634.3000094518065,-0.13184455037117004,-0.028021778911352158,9.809700012207031,-6.71732850605622e-05,-0.00046581681817770004,-0.003137025749310851,90.07270303800378,-1.756510226869068e-05,0.0017239766330240038
634.4000094532967,0.5540040731430054,-0.024075446650385857,9.809866905212402,3.094873682130128e-05,-0.0005446198047138751,-0.0021137241274118423,90.05861918793522,-1.75707532719116e-05,0.0017310662727831026
634.5000094547868,0.7495635747909546,-0.013895447365939617,9.810015678405762,5.3075737014296465e-06,1.6658512322464958e-05,-0.00215706042945385,90.04616775307828,-1.757521989986799e-05,0.0017382233519830869
634.6000094562769,0.3632100522518158,0.00780524592846632,9.810237884521484,6.366906018229201e-05,0.00070474500535056,0.0003325935686007142,90.04369522459874,-1.7580413640416737e-05,0.001745412917255205
634.700009457767,-0.22364455461502075,-0.008346933871507645,9.810169219970703,-3.167694740113802e-05,0.0009793518111109734,-0.0013690053019672632,90.03872967707214,-1.758484920344472e-05,0.001752582332938278
634.8000094592571,-0.5567102432250977,-0.000501127855386585,9.809965133666992,3.914087938028388e-05,0.0007323262980207801,0.00016428409435320646,90.0369606580771,-1.758920767258587e-05,0.0017597018544008585
634.9000094607472,-0.45686396956443787,0.004091869108378887,9.809835433959961,2.070301434287103e-06,0.00022521824575960636,2.9216073016868904e-05,90.0373704694273,-1.7593905596413606e-05,0.0017667802542531432
635.0000094622374,-0.04780871421098709,-0.0006473297253251076,9.809803009033203,2.2453293695434695e-06,-0.00018199013720732182,4.9351588131685276e-06,90.037438771319,-1.759854248462034e-05,0.001773854541944398
635.1000094637275,0.34644532203674316,-0.00010389089584350586,9.809954643249512,1.174988824459433e-06,-0.00019481182971503586,3.312297849333845e-07,90.03744560150818,-1.7603190087811527e-05,0.0017809598079154094
635.2000094652176,0.436748206615448,-9.886494081001729e-05,9.810036659240723,1.5204066130536376e-06,0.000152393156895414,-2.0545361678614427e-07,90.03744560150818,-1.7607854815082646e-05,0.0017881044135602704
635.3000094667077,0.19290821254253387,7.996940985321999e-05,9.810129165649414,8.941161127040687e-07,0.00054984784219414,4.064712868512288e-07,90.037438771319,-1.7612534549016345e-05,0.0017952661532094215
635.4000094681978,-0.13870660960674286,-0.014582925476133823,9.810098648071289,-3.274842310929671e-05,0.0006979671306908131,-0.001427880022674799,90.031653601092,-1.761590351634368e-05,0.0018024155563754838
635.5000094696879,-0.3365326225757599,-0.013621957041323185,9.809981346130371,5.309402695274912e-06,0.0005383340176194906,-0.001268197549507022,90.02398329865409,-1.7618040985212247e-05,0.0018095346666219614
635.600009471178,-0.25285276770591736,-0.009217515587806702,9.809903144836426,3.6440035273699323e-06,0.0002301110653206706,-0.0012397886021062732,90.01671597737719,-1.7619348525954592e-05,0.0018166311599827764
635.7000094726682,-0.013905489817261696,0.004735457245260477,9.809903144836426,3.612565706134774e-05,8.226028512581252e-06,0.00019193299522157758,90.01529529802983,-1.7621080132812494e-05,0.0018237265567673166
635.8000094741583,0.21263547241687775,0.0035600471310317516,9.809958457946777,-2.857716253856779e-06,1.980689376068767e-05,3.264591941842809e-05,90.01575975089338,-1.7623136201905254e-05,0.0018308407324205587
635.9000094756484,0.24654564261436462,-0.0008050375618040562,9.81003189086914,1.4891828641339089e-06,0.00022720597917214036,5.52706342205056e-06,90.01584171316343,-1.762512589209564e-05,0.001837977250815395
636.0000094771385,0.10148150473833084,-0.00019334268290549517,9.81008529663086,6.871099458294339e-07,0.00044987525325268507,1.0181029210798442e-06,90.01584854335259,-1.762709950980934e-05,0.0018451226788924618
636.1000094786286,-0.09248032420873642,-0.014527021907269955,9.81005859375,-3.1654664780944586e-05,0.000525430659763515,-0.0014284469652920961,90.01007020331477,-1.7627772024297883e-05,0.0018522598826474696
636.2000094801188,-0.1939118355512619,0.000989881926216185,9.80999755859375,3.7356821849243715e-05,0.00042412622133269906,0.00015702912060078233,90.0081714107255,-1.762852912179369e-05,0.0018593798153261531
636.3000094816089,-0.1439426988363266,0.0042702010832726955,9.809919357299805,-1.2959102377863019e-06,0.0002444017445668578,2.7604533897829242e-05,90.0085607315082,-1.7629668548124755e-05,0.001866486589089542
636.400009483099,0.002426757477223873,-0.00059539481298998,9.809951782226562,1.823140394208167e-07,0.00012409726332407445,4.7990265557018574e-06,90.00862220321072,-1.7630753347930295e-05,0.0018735939111410682
636.5000094845891,0.12884235382080078,-0.0001456677564419806,9.809999465942383,1.232403178619279e-06,0.00014052208280190825,5.874991870769009e-07,90.00863586358906,-1.7631825272701462e-05,0.0018807124730994085
636.6000094860792,0.13767775893211365,9.26378652366111e-06,9.810016632080078,9.730741794555797e-07,0.00026361687923781574,3.172387152972078e-07,90.00863586358906,-1.7632898291708443e-05,0.0018878435086128718
636.7000094875693,0.05263259634375572,-0.014564341865479946,9.81004810333252,-3.164308873238042e-05,0.0003884117177221924,-0.0014312909916043282,90.00283703298372,-1.7632668075862057e-05,0.0018949793416475364
636.8000094890594,-0.057489458471536636,0.0009098266018554568,9.810009956359863,3.785456283367239e-05,0.00042511822539381683,0.0001574921334395185,90.00093824039446,-1.763252028297302e-05,0.001902109965944897
636.9000094905496,-0.11758872121572495,0.004446759819984436,9.810009002685547,-1.8315132592761074e-06,0.0003624450182542205,2.7678046535584144e-05,90.00132756117715,-1.7632767651321046e-05,0.0019092298986235804
637.0000094920397,-0.07758884131908417,-0.0007299458375200629,9.809999465942383,-6.661057483370314e-08,0.0002577907289378345,5.143946054886328e-06,90.00132756117715,-1.7632949720791657e-05,0.0019163431147725823
637.1000094935298,0.01246864814311266,-9.387233149027452e-06,9.809883117675781,9.387023283125018e-07,0.0001933930179802701,1.1100311212430825e-06,90.00140269325802,-1.7633132827654663e-05,0.0019234571533537901
637.2000094950199,0.0750654861330986,-1.0918339285126422e-05,9.81004810333252,1.3220885364262358e-07,0.00020781991770491004,6.807487551441227e-08,90.00140269325802,-1.763331060544715e-05,0.0019305783196807826
637.30000949651,0.07510992139577866,8.613922545919195e-06,9.810009002685547,6.170492952151108e-07,0.00028002666658721864,1.9535391970748606e-07,90.00140269325802,-1.7633489434842886e-05,0.0019377060654654221
637.4000094980001,0.027579521760344505,-9.754108759807423e-06,9.810039520263672,6.578508759957913e-07,0.0003505658532958478,4.023983422030142e-07,90.00140269325802,-1.7633667212635373e-05,0.001944836004402611
637.5000094994903,-0.03749297931790352,3.0899573175702244e-05,9.809990882873535,3.387946279076459e-08,0.00036872801138088107,7.252507998600777e-07,90.00140269325802,-1.763384496200615e-05,0.001951962927755045
637.6000095009804,-0.0675470232963562,-7.427714990626555e-06,9.810039520263672,-6.741589118064439e-07,0.00032945271232165396,5.297563347994583e-07,90.00140269325802,-1.7634023805612742e-05,0.0019590836828659343
637.7000095024705,-0.03755113109946251,-0.014603164047002792,9.809931755065918,-3.21429870382417e-05,0.0002688245440367609,-0.001428827759809792,89.99560386265267,-1.7632892962637925e-05,0.001966201011175966
637.8000095039606,0.007494663819670677,0.0010268940823152661,9.810009956359863,3.760760591831058e-05,0.00023485205019824207,0.00015874016389716417,89.99374605119843,-1.7631853125976704e-05,0.001973319024846169
637.9000095054507,0.04754674807190895,0.019013313576579094,9.809981346130371,2.9207014449639246e-05,0.00024542000028304756,0.0014589817728847265,89.99990688182979,-1.7632517071319853e-05,0.0019804412877494357
638.0000095069408,0.040068939328193665,-0.0017096061492338777,9.810029983520508,-3.7946996599202976e-05,0.00028828202630393207,-0.0001532119495095685,90.00187397631075,-1.763302573465353e-05,0.001987567114525595
638.100009508431,0.012550167739391327,-0.0045015932992100716,9.810009956359863,2.391030648141168e-06,0.0003272602625656873,-2.635771488712635e-05,90.00149148571722,-1.7633129601790642e-05,0.001994694174950063
638.2000095099211,-0.024992965161800385,0.0006751349428668618,9.809990882873535,-1.0114927562199227e-08,0.0003349343896843493,-3.981723693868844e-06,90.00142318382552,-1.763329240134226e-05,0.002001818905149948
638.3000095114112,-0.0400208942592144,0.00016768809291534126,9.810029983520508,-1.586408643561299e-06,0.0003109430253971368,-1.9084907876276702e-07,90.00141635363636,-1.7633470164923892e-05,0.002008940208548975
638.4000095129013,-0.022520899772644043,1.1005859050783329e-05,9.80997085571289,1.5544206632966961e-07,0.00027704518288373947,3.005695816682419e-07,90.00141635363636,-1.7633647928505525e-05,0.0020160593187954524
638.5000095143914,0.010004677809774876,2.9734927011304535e-05,9.809990882873535,1.087986447600997e-07,0.00025743863079696894,3.636220355929254e-07,90.0014095234472,-1.7633825692087157e-05,0.00202317938854617
638.6000095158815,0.025035081431269646,-9.697140740172472e-06,9.809990882873535,-4.083617284322827e-07,0.000266703253146261,3.636110932347947e-07,90.0014095234472,-1.7634004521482893e-05,0.002030301651449437
638.7000095173717,0.025035081431269646,2.9365357477217913e-05,9.809990882873535,1.1027582047518081e-07,0.0002920019323937595,2.581056719463959e-07,90.0014095234472,-1.7634182285064526e-05,0.002037426107505253
638.8000095188618,0.007535082753747702,-9.265758308174554e-06,9.810078620910645,9.555294582241913e-07,0.0003132262791041285,4.368819759292819e-07,90.0014095234472,-1.7634361128671117e-05,0.002044551385993275
638.9000095203519,-0.01749064400792122,3.0412498745135963e-05,9.809951782226562,1.9584830113217322e-07,0.0003159390762448311,4.2143619793932885e-07,90.0014095234472,-1.763453889225275e-05,0.002051675019616885
639.000009521842,-0.022503407672047615,0.014529102481901646,9.810009956359863,3.2915209885686636e-05,0.0003010655927937478,0.0014303139178082347,90.0071946936742,-1.7636016693245438e-05,0.0020587965971599806
639.1000095233321,-0.010001689195632935,0.013689029030501842,9.809990882873535,-3.6701328554045176e-06,0.000282526743831113,0.0012726145796477795,90.01487865649045,-1.763871529192329e-05,0.00206591735227087
639.2000095248222,0.005008966661989689,-0.005434972699731588,9.809990882873535,-3.487154026515782e-05,0.0002721238706726581,-0.00018515576084610075,90.01638129810786,-1.7640927737261336e-05,0.0020730385185978627
639.3000095263124,0.015025886707007885,-0.0036213055718690157,9.809990882873535,2.9496566185116535e-06,0.000278075021924451,-3.1648385629523546e-05,90.01592367543347,-1.764281140026469e-05,0.002080160918573164
639.4000095278025,0.017527125775814056,0.0008311243145726621,9.810009956359863,-3.0279841212177416e-07,0.00029329120297916234,-5.15225246999762e-06,90.01592367543347,-1.7644770025526668e-05,0.002087285100484911
639.5000095292926,0.0025269242469221354,0.00011263688065810129,9.810039520263672,-2.1962832761346363e-06,0.00030443654395639896,-5.111405698698945e-07,90.01592367543347,-1.764673508830583e-05,0.002094409419468693
639.6000095307827,-0.01247310172766447,1.914931635838002e-05,9.810009956359863,-6.800396477046888e-07,0.00030570910894311965,5.037773007643409e-07,90.01592367543347,-1.7648702296924057e-05,0.0021015326418762003
639.7000095322728,-0.0099976547062397,3.2743952033342794e-05,9.809922218322754,9.844687838267419e-07,0.00029683703905902803,2.350993781874422e-07,90.01582805278508,-1.765067055714553e-05,0.0021086549047794672
639.8000095337629,-0.012497665360569954,-5.627805876429193e-06,9.810019493103027,-1.2169556384833413e-06,0.0002848522854037583,5.129583655616443e-07,90.01582805278508,-1.7652637751552902e-05,0.002115775934034425
639.900009535253,0.0125023378059268,6.99705742590595e-06,9.809990882873535,-4.6204487347267786e-08,0.0002802904637064785,5.013819190935465e-07,90.01582805278508,-1.7654604945960273e-05,0.0021228984710817606
640.0000095367432,0.0025222194381058216,9.759695785760414e-06,9.81005859375,-1.2663681445701513e-06,0.0002844537084456533,3.3029016321961535e-07,90.01582805278508,-1.7656572140367643e-05,0.0021300208710570622
640.1000095382333,0.010022218339145184,7.687758625252172e-06,9.809961318969727,1.187545763059461e-06,0.0002930185873992741,2.1966090457681275e-07,90.01582805278508,-1.7658539334775014e-05,0.002137144230536604
640.2000095397234,0.005022219382226467,9.069042789633386e-06,9.810019493103027,-1.3527598241580563e-07,0.00029958196682855487,4.6277975229713775e-07,90.01582805278508,-1.766050546336828e-05,0.0021442681383042825
640.3000095412135,-0.014977780170738697,1.4593932064599358e-05,9.810019493103027,-1.8641178201050934e-07,0.00029999695834703743,2.4796352704470337e-07,90.01582805278508,-1.7662472671986507e-05,0.002151390675351618
640.4000095427036,4.4737503230862785e-06,-0.014561246149241924,9.809942245483398,-3.212189403711818e-05,0.000293901190161705,-0.001429882482625544,90.01004288255808,-1.76631366031188e-05,0.0021585132123989534
640.5000095441937,7.628392268088646e-06,-0.013606177642941475,9.810049057006836,4.402998001751257e-06,0.0002882061817217618,-0.0012719820952042937,90.00235891974182,-1.7662580830801744e-05,0.002165635612374255
640.6000095456839,1.4113829820416868e-05,0.005415381398051977,9.809981346130371,3.379280315130018e-05,0.0002855434431694448,0.00018580627511255443,90.00085627812442,-1.7662512291849453e-05,0.0021727581494215904
640.700009547174,-0.0024800358805805445,0.003657625988125801,9.8100004196167,-1.4789677607041085e-06,0.00028717436362057924,3.245069456170313e-05,90.0013139007988,-1.7662772521020997e-05,0.0021798805493968916
640.8000095486641,0.002519861562177539,-0.0008151445654220879,9.809981346130371,1.0561615226833965e-06,0.00029275179258547723,5.985419193166308e-06,90.0013139007988,-1.7662957773723065e-05,0.0021870030864442275
640.9000095501542,1.9878376406268217e-05,-9.243110253009945e-05,9.810039520263672,1.1078395800723229e-06,0.0002967902983073145,1.3777325875707902e-06,90.0013139007988,-1.76631366031188e-05,0.002194125623491563
641.0000095516443,1.9880959371221252e-05,2.4756367565714754e-05,9.809990882873535,5.947725867372355e-07,0.00029642018489539623,7.35835897103243e-07,90.0013139007988,-1.7663314366700433e-05,0.002201248023466864
641.1000095531344,1.988010262721218e-05,-1.4306122466223314e-05,9.810009956359863,-9.317539451103585e-08,0.00029279442969709635,4.412692646837968e-07,90.0013139007988,-1.766349214449292e-05,0.0022083705605142
641.2000095546246,1.9880941181327216e-05,2.4756362108746544e-05,9.809981346130371,8.666660846756713e-07,0.0002889244060497731,3.2164678032131633e-07,90.0013139007988,-1.766367098809951e-05,0.002215492960489501
641.3000095561147,-0.002480119466781616,5.282296569930622e-06,9.809981346130371,7.612150625391223e-07,0.0002880858664866537,4.927249506181397e-07,90.0013139007988,-1.7663848751681144e-05,0.0022226154975368367
641.4000095576048,0.0025198799557983875,-1.4363306036102585e-05,9.810009956359863,6.52309068982504e-08,0.00029024184914305806,1.2612248667664971e-07,90.0013139007988,-1.766402758107688e-05,0.002229738034584172
641.5000095590949,1.9880997569998726e-05,2.4756376660661772e-05,9.810009956359863,-5.413603503257036e-07,0.0002925060107372701,4.5928479153189983e-07,90.0013139007988,-1.7664205344658512e-05,0.0022368604345594737
641.600009560585,1.988010262721218e-05,-1.4306122466223314e-05,9.810009956359863,-3.4197145737380197e-07,0.00029434554744511843,5.184648443901096e-07,90.0013139007988,-1.7664383108240145e-05,0.002243982971606809
641.7000095620751,1.9880959371221252e-05,2.4756367565714754e-05,9.809990882873535,-1.2243708624737337e-06,0.00029436187469400465,2.2775012098463776e-07,90.0013139007988,-1.766456193763588e-05,0.0022511053715821103
641.8000095635653,1.9880084437318146e-05,-1.4306127013696823e-05,9.8100004196167,-1.2858812681315612e-07,0.00029231474036350846,6.123655111878179e-07,90.0013139007988,-1.7664739715428368e-05,0.0022582279086294462
641.9000095650554,-0.002480119001120329,2.4813556592562236e-05,9.8100004196167,-1.1924838645427371e-06,0.00028999612550251186,4.37426507460259e-07,90.0013139007988,-1.766491855903496e-05,0.0022653504456767817
642.0000095665455,0.0025198799557983875,-1.4363311493070796e-05,9.8100004196167,-1.2725496389975888e-07,0.00028994312742725015,3.216592858734657e-07,90.0013139007988,-1.7665096308405737e-05,0.002272472845652083
642.1000095680356,1.9880959371221252e-05,2.4756367565714754e-05,9.809990882873535,-8.640860471587075e-08,0.0002909382455982268,5.364769890547905e-07,90.0013139007988,-1.766527407198737e-05,0.0022795953826994183
642.2000095695257,1.9880550098605454e-05,5.22512755196658e-06,9.810009956359863,8.156786179824849e-07,0.00029256896232254803,2.7922268941438233e-07,90.0013139007988,-1.766545291559396e-05,0.00228671778267472
642.3000095710158,1.988010262721218e-05,-1.4306122466223314e-05,9.810009956359863,7.851166401451337e-07,0.00029373468714766204,5.802252189823776e-07,90.0013139007988,-1.7665630693386447e-05,0.0022938403197220554
642.400009572506,1.9880959371221252e-05,2.4756367565714754e-05,9.809990882873535,1.7945145600606338e-06,0.00029327234369702637,3.666954171421821e-07,90.0013139007988,-1.7665809522782183e-05,0.0023009627196973565
642.5000095739961,1.4675050806545187e-05,0.014506745152175426,9.809990882873535,3.203204687451944e-05,0.0002917282690759748,0.0014308313839137554,90.00718786348502,-1.7667285192146664e-05,0.0023080852567446924
642.6000095754862,-0.0024872752837836742,-0.0008680595783516765,9.810009956359863,-3.760426989174448e-05,0.00029105591238476336,-0.0001577486691530794,90.00908665607429,-1.7668682659177648e-05,0.002315207793792028
642.7000095769763,0.002514529973268509,-0.004423522390425205,9.8100004196167,1.935423142640502e-06,0.0002911169140134007,-2.6657155103748664e-05,90.00869050510242,-1.7669679650111902e-05,0.0023223303308393633
642.8000095784664,1.530944609839935e-05,0.0007135752239264548,9.8100004196167,1.0376908221587655e-06,0.00029146307497285306,-4.432957211975008e-06,90.00869050510242,-1.7670741954134428e-05,0.0023294525937426302
642.9000095799565,1.5217578038573265e-05,0.00010810648382175714,9.8100004196167,-1.4952221363273566e-06,0.00029196555260568857,-2.8579680133589136e-07,90.00869050510242,-1.7671811775699098e-05,0.002336575130789966
643.0000095814466,1.448344028176507e-05,-0.014638395048677921,9.8100004196167,-3.273850234108977e-05,0.0002926579036284238,-0.001429968629963696,90.00282337260538,-1.767157191068236e-05,0.0023436976678373016
643.1000095829368,1.4050105164642446e-05,0.001045606448315084,9.8100004196167,3.64812440238893e-05,0.00029247128986753523,0.00015838260878808796,90.00093141020528,-1.7671424117793322e-05,0.002350820204884637
643.2000095844269,-0.0024858657270669937,0.004385508131235838,9.8100004196167,-2.823592012646259e-06,0.0002919269900303334,2.7850635888171382e-05,90.00132073098798,-1.7671670420327246e-05,0.002357942741931973
643.300009585917,0.002514017280191183,-0.0006927322829142213,9.8100004196167,1.163655497293803e-06,0.00029099147650413215,4.943396106682485e-06,90.00132073098798,-1.7671852461376147e-05,0.00236506500483524
643.4000095874071,1.7027483409037814e-05,0.014618707820773125,9.8100004196167,3.262205427745357e-05,0.00029149820329621434,0.0014316175365820527,90.00718786348502,-1.7673340991564146e-05,0.0023721875418825753
643.5000095888972,1.5023174455564003e-05,-0.0011223622132092714,9.809981346130371,-3.60024168912787e-05,0.0002914713986683637,-0.00015765598800498992,90.00907982588511,-1.767472990366059e-05,0.002379310078929911
643.6000095903873,1.4545052181347273e-05,-0.004325487185269594,9.810019493103027,2.84426869257004e-06,0.00029180775163695216,-2.69773827312747e-05,90.00869050510242,-1.767572796040895e-05,0.0023864326159772466
643.7000095918775,1.5309449736378156e-05,0.0007135752239264548,9.810019493103027,-7.697427690800396e-07,0.0002921614795923233,-4.13960970035987e-06,90.00869050510242,-1.7676788132803267e-05,0.002393555153024582
643.8000095933676,-0.002484785160049796,8.895445353118703e-05,9.809981346130371,-3.4252155955982744e-07,0.00029239559080451727,-4.606608854373917e-07,90.00869050510242,-1.7677857940157082e-05,0.002400677415927849
643.9000095948577,0.002515202620998025,1.0071007636724971e-05,9.8100004196167,-1.6238297462223272e-07,0.00029195277602411807,2.455408321111463e-07,90.00869050510242,-1.7678926681696794e-05,0.002407799952975185
644.0000095963478,1.3316558579390403e-05,-0.014599855989217758,9.8100004196167,-3.34946635121014e-05,0.0002919113903772086,-0.0014301628107205033,90.00282337260538,-1.7678686788258346e-05,0.0024149224900225203
644.1000095978379,1.52188786159968e-05,0.001006543985567987,9.8100004196167,3.734178972081281e-05,0.0002914900833275169,0.0001584185811225325,90.00092458001612,-1.7678539023791018e-05,0.0024220450270698557
644.200009599328,1.530427107354626e-05,0.004424512851983309,9.8100004196167,-1.41559371513722e-06,0.00029191828798502684,2.7846737793879583e-05,90.00132073098798,-1.7678785312114087e-05,0.0024291675641171916
644.3000096008182,1.5186140444711782e-05,-0.0007122060051187873,9.8100004196167,-1.057153667716193e-06,0.00029173141228966415,5.176161721465178e-06,90.00132073098798,-1.7678968418977092e-05,0.0024362898270204585
644.4000096023083,1.5201411770249251e-05,-4.814350540982559e-05,9.8100004196167,6.277705892898666e-07,0.0002929315669462085,1.3209681810621987e-06,90.00132073098798,-1.767914619676958e-05,0.002443412364067794
644.5000096037984,-0.002484796568751335,3.0038987461011857e-05,9.8100004196167,-4.086826663751708e-07,0.00029193953378126025,6.005998898217513e-07,90.00132073098798,-1.7679323960351212e-05,0.0024505349011151294
644.6000096052885,0.0025152023881673813,-9.138497262028977e-06,9.8100004196167,8.16493297861598e-07,0.00029211994842626154,4.449493928859738e-07,90.00132073098798,-1.7679502803957803e-05,0.0024576574381624653
644.7000096067786,1.5203208931779955e-05,2.9981494662933983e-05,9.8100004196167,-3.817125104887964e-07,0.0002916086232289672,2.970321304474055e-07,90.00132073098798,-1.767968058175029e-05,0.0024647799752098008
644.8000096082687,1.5202759641397279e-05,1.045024509949144e-05,9.8100004196167,-7.479644068553171e-07,0.0002913824573624879,5.157007194611651e-07,90.00132073098798,-1.767985939693517e-05,0.0024719022381130677
644.9000096097589,1.5202310351014603e-05,-9.081004463951103e-06,9.8100004196167,-7.458150435013522e-07,0.00029170207562856376,4.6036592493692297e-07,90.00132073098798,-1.768003717472766e-05,0.0024790247751604036
645.000009611249,1.5203208931779955e-05,2.9981494662933983e-05,9.8100004196167,-5.768078494838846e-07,0.0002917974488809705,4.4748807681571634e-07,90.00132073098798,-1.7680214924098436e-05,0.002486147312207739
645.1000096127391,-0.0024847975000739098,-9.02351166587323e-06,9.8100004196167,-1.2927106354254647e-06,0.0002919126127380878,5.297909524415445e-07,90.00132073098798,-1.7680393767705027e-05,0.0024932698492550745
645.2000096142292,0.002515203319489956,2.992400186485611e-05,9.8100004196167,-3.474658853974688e-07,0.00029198586707934737,3.5226068462179683e-07,90.00132073098798,-1.768057153128666e-05,0.0025003923863024104
645.3000096157193,1.5202310351014603e-05,-9.081004463951103e-06,9.8100004196167,4.2807030808944546e-07,0.00029170350171625614,3.6770370570593514e-07,90.00132073098798,-1.768075037489325e-05,0.0025075146492056772
645.4000096172094,1.5203208931779955e-05,2.9981494662933983e-05,9.8100004196167,-2.3925667846924625e-07,0.00029181374702602625,4.062964080731035e-07,90.00132073098798,-1.7680928124264028e-05,0.0025146371862530127
645.5000096186996,1.5202310351014603e-05,-9.081004463951103e-06,9.8100004196167,-1.2637201507459395e-06,0.0002917648816946894,4.062896437062591e-07,90.00132073098798,-1.7681105902056515e-05,0.002521759723300348
645.6000096201897,1.5203208931779955e-05,2.9981494662933983e-05,9.8100004196167,-1.121760419664497e-06,0.00029157925746403635,5.053116183262318e-07,90.00132073098798,-1.7681284745663106e-05,0.002528882260347684
645.7000096216798,-0.0024847970344126225,1.0507737897569314e-05,9.8100004196167,-2.548557347381575e-07,0.00029200175777077675,4.2168130676145665e-07,90.00132073098798,-1.768146250924474e-05,0.0025360047973950195
645.8000096231699,0.0025152023881673813,-9.138497262028977e-06,9.8100004196167,-1.0660953648766736e-06,0.0002919338585343212,4.988435762243171e-07,90.00132073098798,-1.768164135285133e-05,0.0025431270602982864
645.90000962466,1.5203208931779955e-05,2.9981494662933983e-05,9.8100004196167,-1.1520123521790993e-08,0.00029188540065661073,6.390376370291051e-07,90.00132073098798,-1.7681819102222107e-05,0.0025502495973456223
646.0000096261501,1.701954533928074e-05,0.014565338380634785,9.8100004196167,3.394459417904727e-05,0.00029189648921601474,0.001430818228982389,90.00718103329585,-1.7683301209103774e-05,0.0025573721343929577
646.1000096276402,1.872465873020701e-05,0.013647369109094143,9.8100004196167,-4.710933808382833e-06,0.0002914149372372776,0.001272821449674666,90.01486499611211,-1.7685999793570772e-05,0.002564494671440293
646.2000096291304,1.3640276847581845e-05,-0.005453074350953102,9.8100004196167,-3.4902393963420764e-05,0.0002917712845373899,-0.00018474174430593848,90.01636763772952,-1.7688209013044798e-05,0.002571617208487629
646.3000096306205,-0.0024858114775270224,-0.0036359739024192095,9.8100004196167,1.0519985380597063e-06,0.00029230889049358666,-3.1863390177022666e-05,90.01591001505513,-1.769009053020909e-05,0.002578739471390896
646.4000096321106,0.002515435917302966,0.0008548247278667986,9.8100004196167,-2.3614468318555737e-06,0.00029203834128566086,-5.055961082689464e-06,90.01591001505513,-1.7692047038053715e-05,0.0025858620084382314
646.5000096336007,1.5224457456497476e-05,9.380035771755502e-05,9.8100004196167,-3.6007472203891666e-07,0.00029187294421717525,-5.280162440612912e-07,90.01591001505513,-1.7694009940782962e-05,0.002592984545485567
646.6000096350908,1.5213609003694728e-05,5.473786222864874e-05,9.8100004196167,-9.819443675951334e-07,0.00029184966115280986,1.215744731553059e-07,90.01591001505513,-1.7695977135190333e-05,0.0026001070825329028
646.700009636581,1.520276055089198e-05,1.567536855873186e-05,9.8100004196167,-6.885212844309763e-09,0.0002914892102126032,3.0938801387492276e-07,90.01591001505513,-1.7697944343808558e-05,0.002607229619580238
646.8000096380711,1.520276055089198e-05,1.567536855873186e-05,9.8100004196167,6.308781053121493e-07,0.0002919559774454683,3.2226563462245394e-07,90.01591001505513,-1.7699911552426784e-05,0.002614351882483505
646.9000096395612,1.5208184777293354e-05,3.520661994116381e-05,9.8100004196167,-4.8807262231775894e-08,0.0002917721576523036,2.811101182942366e-07,90.01591001505513,-1.7701878746834154e-05,0.0026214744195308406
647.0000096410513,-0.0024848023895174265,-3.161578206345439e-06,9.8100004196167,-4.95016251989e-07,0.00029169279150664806,4.200385319563793e-07,90.01591001505513,-1.770384487542742e-05,0.0026285969565781764
647.1000096425414,0.002515202620998025,1.4981063941377215e-05,9.8100004196167,-7.341462833210244e-07,0.00029178918339312077,4.997836526854371e-07,90.01591001505513,-1.7705812055623937e-05,0.002635719493625512
647.2000096440315,1.520276055089198e-05,1.567536855873186e-05,9.8100004196167,-8.981231189864047e-07,0.00029197908588685095,4.7018272653076565e-07,90.01591001505513,-1.7707779250031308e-05,0.0026428420306728474
647.3000096455216,2.0667093849624507e-05,0.01456533744931221,9.809981346130371,3.29404319927562e-05,0.0002914434880949557,0.0014309182297438383,90.02160639282292,-1.771104864189965e-05,0.0026499642935761147
647.4000096470118,1.4834322428214364e-05,-0.0008879870874807239,9.810019493103027,-3.756327714654617e-05,0.0002917360980063677,-0.0001576888025738299,90.02349835522301,-1.7714236633992186e-05,0.00265708683062345
647.5000096485019,2.0275476344977506e-05,0.010131744667887688,9.8100004196167,3.5829696571454406e-05,0.0002915128134191036,0.0014037671498954296,90.02889420466732,-1.7718328464866318e-05,0.0026642093676707856
647.600009649992,-0.00247569871135056,0.014352086000144482,9.810019493103027,-5.499951384990709e-06,0.00029206936596892774,0.0012680523796007037,90.03650986559188,-1.77237010348108e-05,0.0026713319047181215
647.7000096514821,-0.010013958439230919,-0.005270658992230892,9.809981346130371,-3.538733653840609e-05,0.0003426028706599027,-0.0001851862616604194,90.03800567702012,-1.7728600283817286e-05,0.0026784530710451137
647.8000096529722,-0.19528460502624512,-0.0036651231348514557,9.810102462768555,1.5396576600323897e-06,0.0008392632589675486,-3.074824053328484e-05,90.03754805434572,-1.7733156866484023e-05,0.0026855569662957816
647.9000096544623,-0.8611021637916565,0.0008321619243361056,9.810099601745605,-1.167867935691902e-06,0.001369679463095963,-2.2037913822714472e-06,90.03747975245403,-1.773773593072292e-05,0.0026925835529190935
648.0000096559525,-1.5446478128433228,0.00016550172585994005,9.809741020202637,-1.6786099195087445e-06,0.0013529867865145206,3.405832785574603e-06,90.0374865826432,-1.7742237886864132e-05,0.002699471696787742
648.1000096574426,-1.792868733406067,0.00010802423639688641,9.809359550476074,-1.2139622640461312e-06,0.0008204422774724662,4.638023710867856e-06,90.0375070732107,-1.7746644545013623e-05,0.0027061989180880985
648.2000096589327,-1.5179548263549805,-0.013824422843754292,9.80929183959961,-2.8158194254501723e-05,0.00012369647447485477,-0.0013221598928794265,90.03209073319888,-1.774973507906452e-05,0.0027127901639304097
648.3000096604228,-0.9474445581436157,0.0016257177339866757,9.809598922729492,3.430625656619668e-05,-0.00033292415901087224,0.00016032888379413635,90.03043782741975,-1.7752926282810222e-05,0.0027192964251114425
648.4000096619129,-0.46927952766418457,0.004226789344102144,9.809818267822266,-3.1674567253503483e-06,-0.0002642504405230284,2.6727107979240827e-05,90.03082031801327,-1.775647515955825e-05,0.0027257607422499735
648.500009663403,-0.4089373052120209,-0.0005706348456442356,9.810057640075684,-1.6309758166244137e-07,0.0002292366261826828,5.617844180960674e-06,90.03088861990497,-1.7759950168283467e-05,0.002732188324083307
648.6000096648932,-0.759104311466217,-8.871447789715603e-05,9.810091018676758,7.234238523778913e-07,0.0007339660660363734,3.408732254683855e-06,90.03090911047248,-1.7763380171231802e-05,0.0027385479181876175
648.7000096663833,-1.197084903717041,4.998481381335296e-05,9.809815406799316,-1.4487349631053803e-07,0.0008925641304813325,3.377694383743801e-06,90.03092277085081,-1.776675557607632e-05,0.0027448003219610897
648.8000096678734,-1.4049872159957886,4.524651376414113e-05,9.809663772583008,-1.3354830343814683e-06,0.0006577891763299704,3.5167865917173913e-06,90.03094326141833,-1.777006563941086e-05,0.0027509263453189188
648.9000096693635,-1.2775447368621826,-2.3232167222886346e-05,9.80952262878418,-6.611605840589618e-07,0.00024112692335620522,3.586684897527448e-06,90.03096375198584,-1.7773311469682085e-05,0.002756938324744194
649.0000096708536,-0.9197311401367188,1.8154021745431237e-05,9.809664726257324,-6.786464723518293e-07,-7.566470594611019e-05,2.439565150780254e-06,90.030970582175,-1.7776515534251303e-05,0.0027628677868048084
649.1000096723437,-0.5867765545845032,7.286838808795437e-05,9.809836387634277,-4.6489537908200873e-07,-6.755225331289694e-05,1.4002199577589636e-06,90.03098424255334,-1.777969389138434e-05,0.002768744339060175
649.2000096738338,-0.5114969611167908,0.01270770002156496,9.809961318969727,2.1023492081440054e-05,0.00024329771986231208,0.0012132516130805016,90.03603858253915,-1.7783980609920036e-05,0.0027745753834001476
649.300009675324,-0.7140796184539795,-0.0022387548815459013,9.81006145477295,-3.000648030138109e-05,0.0006006379262544215,-0.0001557788928039372,90.03744560150818,-1.7788022077525056e-05,0.0027803422780280584
649.4000096768141,-1.0168890953063965,-0.0041176918894052505,9.809883117675781,2.121310217262362e-06,0.000742382078897208,-2.0979159671696834e-05,90.03709043167133,-1.7791634149944002e-05,0.002786018156825181
649.5000096783042,-1.1796683073043823,0.0005179051659069955,9.809700965881348,1.9089561646978837e-06,0.0005964602460153401,-2.765199837995169e-07,90.03704945053632,-1.779522585820814e-05,0.002791588216011808
649.6000096797943,-1.09721040725708,0.00013263818982522935,9.80969524383545,-4.403453317536332e-07,0.0002975814859382808,2.571647200966254e-06,90.03704945053632,-1.779876190255436e-05,0.002797059857477794
649.7000096812844,-0.8394857048988342,5.31569594386383e-06,9.809713363647461,6.320704528661736e-07,6.156002928037196e-05,2.4613038931420306e-06,90.03706311091466,-1.780225080949549e-05,0.0028024561093249033
649.8000096827745,-0.5841459631919861,5.529811096494086e-05,9.809864044189453,-6.373795713443542e-07,6.184798257891089e-05,1.9132653505948838e-06,90.03706994110382,-1.7805707599904963e-05,0.0028078002737989714
649.9000096842647,-0.5289422273635864,-1.9289431293145753e-05,9.809971809387207,-1.4518697071252973e-06,0.0002963462902698666,2.154830553990905e-06,90.037076771293,-1.7809133311175174e-05,0.0028130970113491647
650.0000096857548,-0.6840049624443054,2.251268051622901e-05,9.809992790222168,-3.7299224686648813e-07,0.0005723024369217455,2.3321006210608175e-06,90.03708360148217,-1.781252049681825e-05,0.002818332066483914
650.1000096872449,-0.9167400598526001,5.598648567683995e-05,9.80992603302002,-6.282295430537488e-07,0.0006775212241336703,2.820783947754535e-06,90.03709726186051,-1.7815856281799825e-05,0.0028234854266862086
650.200009688735,-1.039454460144043,-2.0714545826194808e-05,9.809744834899902,4.0598879991193826e-07,0.000554350670427084,3.0782093745074235e-06,90.03711092223885,-1.781913101694954e-05,0.0028285455779051656
650.3000096902251,-0.9594542980194092,4.465916208573617e-05,9.809800148010254,1.3213566489866935e-06,0.0003076400316786021,2.1857636056665797e-06,90.03711092223885,-1.782235220559869e-05,0.0028335196478865695
650.4000096917152,-0.7317609190940857,3.4292213968001306e-05,9.809713363647461,-3.242161312755343e-07,0.00012084627087460831,1.9980859633506043e-06,90.03713141280636,-1.782553270857079e-05,0.0028384279232915
650.5000096932054,-0.5439788103103638,1.0509212188480888e-05,9.809918403625488,1.2084956324542873e-06,0.0001428475952707231,1.7331057051706011e-06,90.03713824299552,-1.7828682160825338e-05,0.002843287401052212
650.6000096946955,-0.49883249402046204,2.0453646357054822e-05,9.809981346130371,2.8073156954633305e-07,0.0003611981519497931,1.647968815632339e-06,90.03714507318469,-1.7831803759804643e-05,0.0028481024674738053
650.7000096961856,-0.6639108657836914,4.9385373131372035e-05,9.810002326965332,9.838888672675239e-07,0.0005948596517555416,2.344957920286106e-06,90.03715190337387,-1.7834888936363313e-05,0.0028528580446325028
650.8000096976757,-0.8616356253623962,-3.725142596522346e-05,9.809896469116211,-1.4957987559682806e-06,0.000659704499412328,2.0309437331889058e-06,90.03715873356303,-1.7837920594843126e-05,0.0028575360390197756
650.9000096991658,-0.9442976117134094,1.6429075913038105e-05,9.80982780456543,1.4042418570170412e-06,0.0005195714766159654,2.123828380717896e-06,90.03717239394138,-1.7840899772636476e-05,0.0028621295970339073
651.0000097006559,-0.6838683485984802,4.317386992624961e-05,9.804563522338867,-6.619960117859591e-07,-0.0024865176528692245,2.3156945871960488e-07,90.03717922413054,-1.7843839316356025e-05,0.0028666620209207325
651.100009702146,0.42163705825805664,2.929922084149439e-05,9.820047378540039,2.382724630933808e-07,0.0013316075783222914,2.9343341338972095e-06,90.03717239394138,-1.7846805633325857e-05,0.0028712320025449612
651.2000097036362,-0.7634500861167908,-2.6034476832137443e-06,9.79948616027832,1.5790789120728732e-07,0.0002615285338833928,4.229912065056851e-07,90.03717922413054,-1.784972698715137e-05,0.0028757337222960985
651.3000097051263,-0.31093087792396545,-0.013594113290309906,9.792607307434082,-2.011574906646274e-05,0.00046324310824275017,-0.0010894883889704943,90.03220684641478,-1.785141576249316e-05,0.002880207479352234
651.4000097066164,-1.3293817043304443,0.007094229105859995,9.832695007324219,2.978177508339286e-05,0.001157295540906489,0.0002717160095926374,90.03215903509059,-1.7853672090950568e-05,0.0028845622578825805
651.5000097081065,-1.637457013130188,0.01645832695066929,9.814569473266602,1.1265905413893051e-05,4.911957876174711e-05,0.0010417901212349534,90.03726801658976,-1.7857305564916715e-05,0.002888769821048067
651.6000097095966,-0.6718668341636658,0.004932173527777195,9.808485984802246,-1.2421285646269098e-05,-0.0010882534552365541,0.0007590082823298872,90.04195352636039,-1.7861333148516678e-05,0.0028929173466625217
651.7000097110868,0.20411860942840576,0.007975841872394085,9.808417320251465,3.3495787192805437e-06,-0.0007462003850378096,0.0011625338811427355,90.04829194191015,-1.7866088910523104e-05,0.0028970835140736434
651.8000097125769,-0.19582012295722961,0.005784760694950819,9.809222221374512,-7.60711009206716e-06,0.0005235035787336528,0.0009605452069081366,90.05454839518988,-1.7871341526642937e-05,0.0029012318621203037
651.900009714067,-1.1941384077072144,-0.013833479955792427,9.809539794921875,-2.7975007469649427e-05,0.0008530222694389522,-0.0004818961606360972,90.05401564043463,-1.787525235386056e-05,0.002905273019836126
652.0000097155571,-1.3445723056793213,-0.0028864198829978704,9.809287071228027,1.4531004126183689e-05,-8.781041105976328e-05,-9.349784704681952e-06,90.05358533851691,-1.7878790558256696e-05,0.002909193828305815
652.1000097170472,-0.4239201843738556,0.001220585429109633,9.809402465820312,3.6048465972271515e-06,-0.0010900155175477266,-6.078319643165742e-07,90.05357167813858,-1.7882403668068036e-05,0.002913076530749963
652.2000097185373,0.2818993628025055,0.00015646981773898005,9.809890747070312,2.7476282866700785e-06,-0.00047102299868129194,-1.1269935207280923e-08,90.05357167813858,-1.788605322872172e-05,0.0029169844544484264
652.3000097200274,-0.4258761703968048,0.01222092192620039,9.810303688049316,1.6803085600258783e-05,0.0007520244689658284,0.000962094112765044,90.05802496147743,-1.7890756510041683e-05,0.002920854546265417
652.4000097215176,-1.2291380167007446,-0.007040670607239008,9.809952735900879,-2.50439734372776e-05,0.0006054187542758882,-0.00024318763462360948,90.0579839803424,-1.7894716606292604e-05,0.002924614158022746
652.5000097230077,-1.0793216228485107,-0.002796551212668419,9.80964469909668,7.084815024427371e-06,-0.00031743632280267775,-5.119030447531259e-06,90.0576902822081,-1.7898327598686592e-05,0.0029282769969238447
652.6000097244978,-0.18596480786800385,1.869523048400879,9.807927131652832,0.007608669809997082,-0.001534556387923658,0.20857150852680206,90.77216222033728,-1.806888911914939e-05,0.002931921194028276
652.7000097259879,2.096731662750244,3.139920711517334,9.804852485656738,0.0012010756181553006,-0.0030799508094787598,0.29161331057548523,92.30542357578925,-1.852770776622492e-05,0.0029357419399129118
652.800009727478,4.326686859130859,1.1726137399673462,9.806294441223145,-0.0010654858779162169,-0.0028282932471483946,0.2605990469455719,93.80084568323936,-1.911644285712555e-05,0.002939942923620751
652.9000097289681,4.931857585906982,0.6163484454154968,9.836280822753906,0.0005530231283046305,-0.00022597706993110478,0.23921099305152893,95.13785521326935,-1.9799217938043512e-05,0.002944579796397728
653.0000097304583,2.2366323471069336,0.4589531123638153,9.780277252197266,0.0006591174751520157,0.0006631719297729433,0.19239407777786255,96.29016959795302,-2.054439077880943e-05,0.0029494115856075077
653.1000097319484,2.9213433265686035,0.4498053193092346,9.800833702087402,0.0010549937142059207,-0.004092592746019363,0.1746450513601303,97.26355351694988,-2.13622995914875e-05,0.0029544977805129853
653.2000097334385,5.136456489562988,0.5124988555908203,9.806281089782715,0.0009869008790701628,-0.0010534346802160144,0.14151011407375336,98.11517565361292,-2.2290395065738267e-05,0.0029600338458351015
653.3000097349286,4.421316146850586,2.283771276473999,9.804990768432617,0.008239341899752617,-0.0005689910030923784,0.3426033854484558,99.58408296670504,-2.348565251963919e-05,0.002965926572590518
653.4000097364187,5.114622592926025,4.505228519439697,9.795761108398438,0.008065915666520596,0.00019888411043211818,0.490757018327713,102.08924609010397,-2.5170764700988002e-05,0.00297218308852502
653.5000097379088,4.629118919372559,6.4983086585998535,9.782187461853027,0.017426613718271255,0.0037242858670651913,0.8454418182373047,106.01438505138105,-2.7528324423542472e-05,0.0029786786580873756
653.600009739399,3.741511106491089,8.735366821289062,9.766295433044434,0.00964324176311493,0.006749883759766817,0.9940615892410278,111.37175320990727,-3.073498118055795e-05,0.002985201916200664
653.7000097408891,0.854313850402832,9.63535213470459,9.754298210144043,0.013928333297371864,0.012817362323403358,1.2366214990615845,117.80129714358542,-3.473834128442377e-05,0.002991391540982418
653.8000097423792,-2.8574235439300537,12.11184024810791,9.7261381149292,0.010793587192893028,0.015384373255074024,1.4205899238586426,125.43819995646838,-3.947445850371878e-05,0.0029967450263548197
653.9000097438693,-4.202226638793945,12.795062065124512,9.710257530212402,0.0068844459019601345,0.01479306910187006,1.5138460397720337,133.81616463391939,-4.477418593751281e-05,0.003001035106884967
654.0000097453594,-3.28859281539917,12.734947204589844,9.705172538757324,0.005978913977742195,0.012413593009114265,1.5561299324035645,142.5432066194714,-5.0531451250890314e-05,0.0030042434149202607
654.1000097468495,-0.36188650131225586,11.821109771728516,9.715470314025879,0.0027593986596912146,0.009257659316062927,1.5113804340362549,151.17309599426915,-5.676936821430445e-05,0.0030065119570882566
654.2000097483397,2.6583023071289062,9.14925765991211,9.746453285217285,-0.003414130536839366,0.004903447814285755,1.2852357625961304,158.93473172177488,-6.352347706695127e-05,0.003008105556559261
654.3000097498298,3.891526222229004,6.795267581939697,9.768372535705566,-0.0024600091855973005,0.0052232882007956505,1.1056219339370728,165.53541287529686,-7.076710868147984e-05,0.0030092002138253403
654.4000097513199,1.8207523822784424,5.442155838012695,9.783734321594238,-0.00508615979924798,0.006060529034584761,0.8652028441429138,170.90652337443314,-7.824871876493944e-05,0.003009842533378164
654.50000975281,-1.060781478881836,3.527385950088501,9.797370910644531,-0.007021245546638966,0.00456452090293169,0.5859120488166809,174.77107172758303,-8.566410166110927e-05,0.0030101638302266103
654.6000097543001,-2.396596908569336,2.232330083847046,9.802663803100586,-0.005641515366733074,0.002395210089161992,0.38254314661026,177.31277636304154,-9.287401354640679e-05,0.003010277325871027
654.7000097557902,-2.522871494293213,1.6337101459503174,9.805093765258789,-0.004386688582599163,0.0005702278576791286,0.25960564613342285,179.00043414468163,-9.98602238979629e-05,0.003010241687142104
654.8000097572803,-1.5936787128448486,0.4305471181869507,9.808233261108398,-0.005591847933828831,-0.001708224881440401,0.10588130354881287,179.87805881151493,-0.00010670366515341811,0.003010168490675777
654.9000097587705,0.4259833097457886,0.1726660132408142,9.809167861938477,-0.002197946421802044,-0.00331936520524323,0.072535939514637,180.34775726035835,-0.0001135854094655997,0.003010079942141606
655.0000097602606,2.370847702026367,0.36203432083129883,9.80915355682373,-0.001437387429177761,-0.002707846462726593,0.05550162121653557,180.69098792652986,-0.00012067957258921069,0.0030099568514547867
655.1000097617507,2.381848096847534,0.23970437049865723,9.809775352478027,-0.0010976212797686458,-0.0003028259379789233,0.040064625442028046,180.9448250768442,-0.00012798706265471083,0.00300980908780179
655.2000097632408,0.5046881437301636,0.14783799648284912,9.810778617858887,-0.0008068028837442398,0.0017941012047231197,0.027283627539873123,181.12240999526452,-0.00013533946093957638,0.0030096473428012924
655.3000097647309,-1.3797651529312134,0.10673761367797852,9.810267448425293,-0.0005550837377086282,0.0018995775608345866,0.018271587789058685,181.24192464536142,-0.00014256777475907256,0.0030094790183431475
655.400009766221,-2.0731637477874756,0.07657289505004883,9.809406280517578,-0.00037976517342031,0.0007821979816071689,0.012389970012009144,181.32264382097262,-0.00014960996189472553,0.0030093079524443163
655.5000097677112,-1.520049810409546,-0.4829738140106201,9.808965682983398,-0.0019401609897613525,-0.0008995307143777609,-0.046157460659742355,181.16953830053762,-0.00015651671328953398,0.003009183216893085
655.6000097692013,0.03936883807182312,-0.35195496678352356,9.809364318847656,3.194669261574745e-05,-0.0024128048680722713,-0.03087502159178257,180.96793843699552,-0.00016342761112753124,0.003009089733765679
655.7000097706914,1.6591699123382568,-0.05277204513549805,9.809565544128418,0.000138881616294384,-0.0022118331398814917,-0.01758686639368534,180.84511797534034,-0.0001704875233912162,0.0030089989920789586
655.8000097721815,1.8056552410125732,-0.042326927185058594,9.80997371673584,7.55812507122755e-05,-0.00015855880337767303,-0.011347628198564053,180.76999955484854,-0.0001777094719273009,0.0030089093469685135
655.9000097736716,-0.09275379776954651,-0.03677601367235184,9.810952186584473,5.999486893415451e-05,0.002029784955084324,-0.007854937575757504,180.71929223045038,-0.00018492305905226658,0.003008823539875029
656.0000097751617,-2.116570472717285,-0.03754472732543945,9.809962272644043,6.41189981251955e-05,0.002040425781160593,-0.005193386692553759,180.68500468081692,-0.00019194675006417583,0.0030087432156629176
656.1000097766519,-2.7765541076660156,-0.22043204307556152,9.808725357055664,-0.000586091773584485,0.0010020998306572437,-0.024610109627246857,180.5821693526732,-0.00019872151821687112,0.0030086848229762975
656.200009778142,-2.6488327980041504,-0.1663978099822998,9.80843734741211,0.00016324846365023404,-0.00011054307105951011,-0.016240861266851425,180.47602821297122,-0.0002052588947520917,0.003008643427221933
656.3000097796321,-1.8621400594711304,-0.019750118255615234,9.808813095092773,0.00014662195462733507,-0.0013943914091214538,-0.009569638408720493,180.4097480572654,-0.00021162935179575015,0.0030086053211963917
656.4000097811222,-0.5220921039581299,-0.034535765647888184,9.809466361999512,6.992812268435955e-05,-0.00218137726187706,-0.00643986975774169,180.36798828067995,-0.00021795315296913031,0.003008570230755606
656.5000097826123,0.5226792097091675,-0.013363838195800781,9.809976577758789,4.0770391933619976e-05,-0.0016620969399809837,-0.004847323056310415,180.3380447313586,-0.0002243239869841318,0.003008535962747026
656.6000097841024,0.411775141954422,-0.0324673056602478,9.810380935668945,4.394858842715621e-05,-0.00025044145877473056,-0.003310970962047577,180.31652963547307,-0.0002307318647183365,0.0030085044361791323
656.7000097855926,-0.7138137221336365,0.0060950517654418945,9.810433387756348,2.201442839577794e-05,0.0008985972963273525,-0.0026118806563317776,180.3006699362203,-0.00023707567841313448,0.0030084729096112386
656.8000097870827,-1.8008880615234375,-0.08726155757904053,9.80978012084961,-0.00020516134100034833,0.0009204350062645972,-0.009496313519775867,180.25945657476845,-0.00024325800409030762,0.003008449881509473
656.9000097885728,-2.1907479763031006,-0.054491281509399414,9.809136390686035,5.9479367337189615e-05,0.00021499398280866444,-0.006458604708313942,180.21761483591294,-0.00024924383703250896,0.00300843233628908
657.0000097900629,-1.8081611394882202,-0.014173507690429688,9.809028625488281,5.1520008128136396e-05,-0.0008186721242964268,-0.00399651937186718,180.19078585285314,-0.00025506756513493656,0.003008416435933099
657.100009791553,-0.8416145443916321,-0.015057682991027832,9.809414863586426,3.401143476366997e-05,-0.0016700085252523422,-0.002440096577629447,180.17584139894913,-0.00026081592076820925,0.003008402454585598
657.2000097930431,0.13506148755550385,-0.002971738576889038,9.809869766235352,8.362228982150555e-06,-0.001591371838003397,-0.00193306477740407,180.16313724709292,-0.0002665765100999806,0.0030083884732380974
657.3000097945333,0.32895347476005554,0.004049569368362427,9.810229301452637,-1.6900594346225262e-06,-0.0005899817333556712,-0.0017582094296813011,180.15324713317474,-0.0002723666898276633,0.0030083739436024596
657.4000097960234,-0.41299721598625183,-0.0014820992946624756,9.810397148132324,2.054162905551493e-05,0.0004858125757891685,-0.000893767923116684,180.14671747232822,-0.0002781198258645645,0.003008359962254959
657.5000097975135,-1.416279911994934,-0.001392960548400879,9.80997085571289,2.9396265745162964e-05,0.0007766819326207042,0.00021376747463364154,180.14537875525087,-0.00028374593037483464,0.003008346255051527
657.6000097990036,-1.9316824674606323,-0.028232812881469727,9.809388160705566,-0.0001185756700579077,0.00026534032076597214,-0.003887253813445568,180.13122660329063,-0.0002891987587076983,0.0030083352892887813
657.7000098004937,-1.7128576040267944,-0.03665173053741455,9.80917739868164,3.140809712931514e-05,-0.0006320355460047722,-0.0023146409075707197,180.11704713057367,-0.0002944979978281026,0.003008328435687065
657.8000098019838,-0.8973856568336487,-0.0009652972221374512,9.809470176696777,-4.10561915487051e-06,-0.0015028149355202913,-0.0021111874375492334,180.10279935596503,-0.0002997168441964959,0.0030083213079412805
657.900009803474,0.06853268295526505,-0.00015421956777572632,9.809793472290039,1.5828758478164673e-05,-0.0016038090689107776,-0.0011915895156562328,180.09487633652782,-0.0003049419616161231,0.003008314180195496
658.0000098049641,0.3881208896636963,0.016887187957763672,9.81017017364502,3.8135622162371874e-05,-0.0007091189036145806,0.00032532154000364244,180.09487633652782,-0.0003102019295795344,0.003008305955873437
658.1000098064542,-0.27092981338500977,0.0029689371585845947,9.810393333435059,-8.361443178728223e-06,0.00038961655809544027,4.5705473894486204e-05,180.09487633652782,-0.00031543767006780854,0.0030082971832632406
658.2000098079443,-1.282639503479004,-0.018002748489379883,9.810074806213379,-3.4540193155407906e-05,0.0007514010649174452,-0.0011220230953767896,180.09279995902014,-0.0003205583043097704,0.003008290055517456
658.3000098094344,-1.8435927629470825,0.0077092647552490234,9.80945110321045,6.717164069414139e-08,0.00028833281248807907,-0.0009404885349795222,180.0862429774169,-0.0003255135954276511,0.0030082826536276023
658.4000098109245,-1.682055115699768,-0.025296688079833984,9.809259414672852,-2.5438901502639055e-05,-0.0005795123288407922,-0.0016922812210395932,180.07662607106553,-0.00033031803877747734,0.003008277719034367
658.5000098124146,-0.8872746229171753,0.011192500591278076,9.809422492980957,5.1641836762428284e-05,-0.001537951990030706,0.0003341320843901485,180.07662607106553,-0.0003350429803390398,0.0030082719620089255
658.6000098139048,0.18436232209205627,0.012274444103240967,9.809783935546875,-9.424518793821335e-06,-0.0017716728616505861,3.703806214616634e-05,180.07662607106553,-0.00033978457614125546,0.003008264834263141
658.7000098153949,0.6211926341056824,-0.030808687210083008,9.810137748718262,-5.4848380386829376e-05,-0.0007880300981923938,-0.0019314505625516176,180.06853912708823,-0.0003445819945397943,0.003008260722102111
658.800009816885,-0.16976429522037506,-0.00736197829246521,9.810491561889648,1.2254342436790466e-05,0.000502023845911026,-0.0012465695617720485,180.05935935284376,-0.0003493641636822531,0.003008257158229219
658.9000098183751,-1.2774547338485718,0.0038492679595947266,9.810076713562012,3.881152952089906e-05,0.0007732118247076869,0.00026568432804197073,180.05935935284376,-0.0003540317063226439,0.003008253320212258
659.0000098198652,-1.5892467498779297,-0.0008215904235839844,9.805273056030273,-9.766081348061562e-06,-0.0018384759314358234,2.837686588463839e-05,180.05935935284376,-0.0003585566940529361,0.003008249756339366
659.1000098213553,-0.3183601200580597,-0.002152174711227417,9.801826477050781,-2.525630407035351e-06,-0.0006422867882065475,9.012241548589373e-07,180.05935935284376,-0.0003630532050635793,0.0030082461924664733
659.2000098228455,-0.1973235309123993,0.002652183175086975,9.807214736938477,-2.2464901121566072e-05,-7.243850268423557e-05,-0.001095122774131596,180.0559579186371,-0.0003675321023166589,0.003008242628593581
659.3000098243356,-0.7808032035827637,-0.004230499267578125,9.8278169631958,2.9338756576180458e-05,0.0006284774863161147,0.000275511818472296,180.05235157875532,-0.0003719409900355686,0.0030082396130088262
659.4000098258257,-1.2384698390960693,0.006211280822753906,9.811468124389648,-7.304275641217828e-06,0.0002788532874546945,8.720368896319997e-06,180.0559579186371,-0.00037623878088766105,0.0030082360491359337
659.5000098273158,-0.8370704650878906,0.003204166889190674,9.80819034576416,-1.848995452746749e-05,-0.0005102154100313783,-0.001043399446643889,180.05235157875532,-0.000380461524756015,0.0030082322111189726
659.6000098288059,-0.21242980659008026,-0.004786983132362366,9.808431625366211,2.6206427719444036e-05,-0.0005620447918772697,0.00027925666654482484,180.05235157875532,-0.0003846653184496063,0.0030082286472460805
659.700009830296,-0.26599034667015076,0.002751648426055908,9.809231758117676,-7.132359314709902e-06,0.0001646788587095216,3.913373438990675e-05,180.05235157875532,-0.0003888452958591415,0.003008225083373188
659.8000098317862,-0.8601603507995605,0.0007819533348083496,9.809622764587402,-1.573353074491024e-06,0.0005487643065862358,0.00019904474902432412,180.05235157875532,-0.0003929481017337366,0.0030082217936443644
659.9000098332763,-1.0636008977890015,-0.0015261173248291016,9.809569358825684,-5.109577614348382e-06,5.379982030717656e-05,0.0029534355271607637,180.05235157875532,-0.0003969555739899988,0.0030082182297714723
660.0000098347664,-0.5842573046684265,0.0030412673950195312,9.80957317352295,-4.7057983465492725e-06,-0.000521607231348753,0.003852902678772807,180.05235157875532,-0.0004009106504696547,0.0030082146658985797
660.1000098362565,-0.18695318698883057,-0.002378031611442566,9.809884071350098,-1.9634084310382605e-05,-0.0002921434643212706,0.0031270484905689955,180.04847203130674,-0.0004048490041554942,0.0030082111020256876
660.2000098377466,-0.4532821774482727,-0.03220945596694946,9.810087203979492,-4.6056811697781086e-07,0.0003353165811859071,0.003783590393140912,180.03957912500738,-0.00040874678454372315,0.0030082108278816186
660.3000098392367,-0.9161227345466614,0.030706942081451416,9.809990882873535,2.5156972697004676e-05,0.0003679828078020364,0.006060272455215454,180.03957912500738,-0.00041256239022402497,0.003008207538152795
660.4000098407269,-0.8474801182746887,0.0056536197662353516,9.80974006652832,-1.7786092939786613e-05,-0.00018388903117738664,0.005976800341159105,180.0442509743997,-0.00041630195518393975,0.0030082042484239715
660.500009842217,-0.12798349559307098,-0.0023904740810394287,9.809687614440918,-5.030888132750988e-06,-0.0015038535930216312,0.0041762711480259895,180.0442509743997,-0.00042003014318936494,0.003008200684551079
660.6000098437071,1.8729047775268555,-0.003833174705505371,9.80906867980957,-1.2665987014770508e-06,-0.003174656303599477,5.8383378927828744e-05,180.03957912500738,-0.00042392641576327605,0.0030081973948222554
660.7000098451972,4.013912200927734,-0.017568111419677734,9.807689666748047,-2.4254200980067253e-05,-0.0031066720839589834,-0.001108266063965857,180.03427889821145,-0.00042818284509849036,0.0030081957499578436
660.8000098466873,4.64137077331543,0.01710367202758789,9.83836841583252,1.6828766092658043e-05,0.0015585441142320633,0.00031405535992234945,180.03427889821145,-0.00043285556220951094,0.003008192186084951
660.9000098481774,1.944715142250061,-0.003728508949279785,9.778077125549316,-7.794704288244247e-06,0.0007813281263224781,4.4760017772205174e-05,180.03957912500738,-0.0004377024978623467,0.003008188622212059
661.0000098496675,2.9162960052490234,0.0006427764892578125,9.802797317504883,-2.9070070013403893e-06,-0.0009861516300588846,-6.93090187269263e-05,180.03957912500738,-0.000442810829923701,0.003008185058339167
661.1000098511577,4.368466854095459,-0.002773761749267578,9.80771255493164,2.2277235984802246e-06,-0.0013412091648206115,0.00024523239699192345,180.03957912500738,-0.00044831084531438137,0.003008181768610343
661.2000098526478,5.086188316345215,-0.005893230438232422,9.806892395019531,-1.9578845240175724e-05,-0.0010712060611695051,6.886173650855199e-05,180.03427889821145,-0.0004542669678500033,0.0030081782047374508
661.3000098541379,5.460193157196045,0.004996776580810547,9.80531120300293,1.3321114238351583e-05,-0.0007248641340993345,-0.0015975296264514327,180.01979889717103,-0.0004607126432176756,0.0030081743667204897
661.400009855628,5.678467750549316,-0.013178348541259766,9.804213523864746,9.138748282566667e-06,-0.00020918433438055217,0.0006904969341121614,180.0279814637967,-0.0004676674040808848,0.003008171076991666
661.5000098571181,5.059561252593994,-4.7206878662109375e-05,9.805201530456543,-1.8118880689144135e-06,0.002051720628514886,-0.0001873691362561658,180.0279814637967,-0.0004750757020559604,0.0030081675131187736
661.6000098586082,1.9622188806533813,0.0015045404434204102,9.809867858886719,6.677582859992981e-07,0.005045183934271336,4.363579591881717e-06,180.0279814637967,-0.000482659623585846,0.00300816422338995
661.7000098600984,-1.4225788116455078,-0.0017561912536621094,9.810879707336426,5.541369318962097e-08,0.0049507105723023415,6.235498858586652e-06,180.0279814637967,-0.0004901154855332379,0.003008160659517058
661.8000098615885,-2.6517415046691895,0.0038747787475585938,9.809239387512207,1.4253892004489899e-06,0.0031447429209947586,6.911440323165152e-06,180.0279814637967,-0.0004973332876545555,0.0030081570956441653
661.9000098630786,-2.601123809814453,0.0013475418090820312,9.808609962463379,6.9465022534132e-07,0.0013884687796235085,5.952330866421107e-06,180.0279814637967,-0.0005043176903569702,0.0030081535317712732
662.0000098645687,-1.5828431844711304,-0.001676321029663086,9.80879020690918,-5.200272426009178e-07,-0.0008614347316324711,2.437564489810029e-06,180.0279814637967,-0.0005111601892195949,0.0030081499678983807
662.1000098660588,0.5706189870834351,0.0022163987159729004,9.809295654296875,-4.882458597421646e-07,-0.0026269499212503433,-3.227019305995782e-06,180.0279814637967,-0.0005180539873208545,0.003008146678169557
662.2000098675489,2.529646396636963,0.008511066436767578,9.809233665466309,3.608968108892441e-05,-0.0020424651447683573,0.001479212543927133,180.03957912500738,-0.0005251748109742493,0.0030081420177203904
662.3000098690391,2.4457406997680664,0.003420114517211914,9.809779167175293,-3.837526310235262e-05,0.0003720303357113153,-0.0001748674112604931,180.03957912500738,-0.0005325150526829248,0.0030081370831271546
662.4000098705292,0.43430423736572266,-0.015267908573150635,9.81092643737793,1.428648829460144e-06,0.002543649636209011,-2.9481365345418453e-05,180.03957912500738,-0.0005398941543006686,0.0030081335192542625
662.5000098720193,-1.4667632579803467,-0.0015472173690795898,9.81020736694336,5.704350769519806e-08,0.002612497890368104,-9.5652649179101e-07,180.03957912500738,-0.0005471414954314469,0.00300812995538137
662.6000098735094,-2.1247498989105225,0.003874540328979492,9.809287071228027,-6.702030077576637e-07,0.0014852824388071895,4.296603492548456e-06,180.03957912500738,-0.0005541982379071442,0.0030081266656525464
662.7000098749995,-1.5355958938598633,0.0009958744049072266,9.809046745300293,4.851026460528374e-07,-0.00028477737214416265,2.735439466050593e-06,180.03957912500738,-0.0005611172229862404,0.003008123101779654
662.8000098764896,0.06651610881090164,-0.0025329366326332092,9.809431076049805,1.0710209608078003e-08,-0.0018494304968044162,-1.3330296724234358e-06,180.03957912500738,-0.0005680422734997137,0.0030081195379067617
662.9000098779798,1.7305995225906372,0.0013988018035888672,9.80948257446289,-7.12461769580841e-08,-0.001748242531903088,-3.99841428588843e-06,180.03957912500738,-0.0005751227294439332,0.003008115974033869
663.0000098794699,1.9949039220809937,-0.0012701749801635742,9.809903144836426,1.4858960639685392e-07,-3.986175943282433e-05,-3.1459296678804094e-06,180.03957912500738,-0.0005823820643797717,0.003008112410160977
663.10000988096,0.6798073649406433,-0.002925395965576172,9.810585975646973,2.012820914387703e-07,0.0017706332728266716,6.354534889396746e-07,180.03957912500738,-0.0005897023963683523,0.0030081091204321535
663.2000098824501,-0.9425957202911377,0.03327381610870361,9.810368537902832,3.247964195907116e-05,0.0022223966661840677,0.001423408160917461,180.03957912500738,-0.0005969380178498795,0.0030081028151185745
663.3000098839402,-1.6791220903396606,0.011319875717163086,9.809623718261719,-3.552529960870743e-05,0.001375954714603722,-0.00014141846622806042,180.0442509743997,-0.0006040229971517874,0.00300809568737279
663.4000098854303,-1.2731801271438599,-0.009008526802062988,9.809301376342773,2.0922270778100938e-06,-5.879301534150727e-05,-2.2568439817405306e-05,180.04847203130674,-0.0006109937954619227,0.0030080893820592113
663.5000098869205,-0.030868206173181534,-0.03252642601728439,9.809490203857422,-3.236043266952038e-05,-0.001302849967032671,-0.0014283558120951056,180.03957912500738,-0.00061796178377449,0.003008085818186319
663.6000098884106,1.2464436292648315,0.0017151832580566406,9.809700965881348,3.702950198203325e-05,-0.0012808104511350393,0.00017384417878929526,180.03957912500738,-0.0006250418284849957,0.0030080822543134267
663.7000098899007,1.4992620944976807,-0.0009565353393554688,9.809975624084473,-2.7806709113065153e-06,-4.614335557562299e-05,2.7899950509890914e-05,180.03957912500738,-0.0006322562723397596,0.003008078964584603
663.8000098913908,0.576934278011322,-0.0028618574142456055,9.810430526733398,5.479669198393822e-07,0.0013165298150852323,5.498088739841478e-06,180.03957912500738,-0.0006395224608866101,0.0030080754007117106
663.9000098928809,-0.6281174421310425,0.0029167532920837402,9.810342788696289,1.2337695807218552e-06,0.0017193792155012488,3.5219072742620483e-06,180.03957912500738,-0.0006467322442773593,0.0030080718368388185
664.000009894371,-1.21174955368042,-0.0017066001892089844,9.809743881225586,4.591420292854309e-07,0.0011159469140693545,3.0851522296870826e-06,180.03957912500738,-0.0006538332610119824,0.003008068272965926
664.1000098958611,-0.9263618588447571,0.0031087398529052734,9.809569358825684,4.6220520744100213e-07,5.067338133812882e-05,1.8294373376193107e-06,180.03957912500738,-0.0006608512120891419,0.003008064709093034
664.2000098973513,-0.029356084764003754,2.9044225811958313e-05,9.809666633605957,-1.5494879335165024e-07,-0.000816945917904377,-6.112318828854768e-07,180.03957912500738,-0.0006678664902892706,0.00300806141936421
664.3000098988414,0.8480373024940491,-0.003037691116333008,9.80978775024414,-1.8543214537203312e-06,-0.0007912004366517067,-1.8448386072122958e-06,180.03957912500738,-0.0006749579805074291,0.0030080578554913177
664.4000099003315,1.0124348402023315,0.0018563270568847656,9.810053825378418,1.2669843272306025e-06,5.284941289573908e-05,-1.398068434355082e-06,180.03957912500738,-0.0006821402809578103,0.003008054291618425
664.5000099018216,0.39463871717453003,-0.0002442300319671631,9.81031608581543,2.959277480840683e-07,0.0009702492388896644,3.7622245940838184e-07,180.03957912500738,-0.0006893579460012234,0.003008050727745533
664.6000099033117,-0.4156077802181244,-0.002220749855041504,9.810235977172852,-1.0128132998943329e-08,0.001247371663339436,1.9337514913786435e-06,180.03957912500738,-0.0006965383274319947,0.0030080471638726405
664.7000099048018,-0.8007296919822693,0.0030279159545898438,9.809871673583984,5.202600732445717e-07,0.000831525947432965,2.233872464785236e-06,180.03957912500738,-0.0007036468146139896,0.003008043874143817
664.800009906292,-0.5939938426017761,-0.002105891704559326,9.809722900390625,1.5798432286828756e-06,0.00010817334259627387,1.4885159771438339e-06,180.03957912500738,-0.0007107019807506276,0.003008040310270925
664.9000099077821,0.0058910902589559555,0.0025064065121114254,9.809775352478027,-5.257315933704376e-07,-0.0004280521534383297,-1.395307123175371e-07,180.03957912500738,-0.0007177577637236254,0.0030080367463980323
665.0000099092722,0.5484850406646729,-0.0003440380096435547,9.8098726272583,7.826020009815693e-07,-0.00037636954220943153,-8.933758977036632e-07,180.03957912500738,-0.0007248627555469511,0.00300803318252514
665.1000099107623,0.6176088452339172,-0.0028885602951049805,9.810110092163086,-3.4998811315745115e-07,0.00017070004832930863,-8.128561717057892e-07,180.03957912500738,-0.0007320231930094678,0.0030080296186522477
665.2000099122524,0.220536008477211,0.0023681670427322388,9.810174942016602,7.353373803198338e-07,0.0007221075356937945,3.610551857491373e-07,180.03957912500738,-0.000739203368851804,0.003008026328923424
665.3000099137425,-0.2693801522254944,0.00018468499183654785,9.810147285461426,1.5328987501561642e-06,0.0008738671895116568,1.3526885140890954e-06,180.03957912500738,-0.0007463593514813738,0.0030080227650505316
665.4000099152327,-0.48669561743736267,-0.002175062894821167,9.80993938446045,1.5777768567204475e-06,0.0005980156711302698,1.5960832797645708e-06,180.03957912500738,-0.0007534716766599558,0.0030080192011776394
665.5000099167228,-0.3379999101161957,0.002728760242462158,9.809846878051758,1.6082922229543328e-06,0.00015251358854584396,8.079946951511374e-07,180.03957912500738,-0.0007605536403900715,0.0030080156373047473
665.6000099182129,0.030440498143434525,-0.0025093574076890945,9.809853553771973,-1.3234239304438233e-06,-0.00014120647392701358,-1.4363034495090687e-07,180.03957912500738,-0.000767638345550381,0.003008012073431855
665.700009919703,0.329611599445343,0.002297431230545044,9.809934616088867,-9.975628927350044e-07,-8.334971062140539e-05,-4.6912052198422316e-07,180.03957912500738,-0.0007747527267980558,0.0030080087837030312
665.8000099211931,0.3510599434375763,-0.00021633505821228027,9.810102462768555,-4.703033482655883e-07,0.00024140837194863707,-3.793964538090222e-07,180.03957912500738,-0.0007818984975642707,0.0030080052198301387
665.9000099226832,0.11405123770236969,-0.0025631189346313477,9.810084342956543,-4.3446198105812073e-07,0.0005532391369342804,1.7470750890424824e-07,180.03957912500738,-0.0007890544801796295,0.0030080016559572466
666.0000099241734,-0.16876402497291565,0.002619609236717224,9.810078620910645,-4.5367050915956497e-07,0.000628907058853656,6.698803076687909e-07,180.03957912500738,-0.0007961953848791836,0.003007998092084354
666.1000099256635,-0.2858861982822418,0.0001952052116394043,9.810011863708496,-4.82192263007164e-07,0.0004557396750897169,1.0096317737406935e-06,180.03957912500738,-0.0008033105885658642,0.003007994528211462
666.2000099271536,-0.18526284396648407,-0.002369895577430725,9.809926986694336,1.6275153029710054e-06,0.00019369514484424144,9.159984415418876e-07,180.03957912500738,-0.0008104092065366331,0.0030079912384826384
666.3000099286437,0.03366801142692566,0.0024886205792427063,9.809814453125,-1.2319578672759235e-06,3.709270458784886e-05,9.931194000500909e-08,180.03957912500738,-0.000817510840093405,0.003007987674609746
666.4000099301338,0.19577768445014954,-0.0026160627603530884,9.810016632080078,5.891197361052036e-07,8.47363771754317e-05,-2.634726570249768e-07,180.03957912500738,-0.0008246300874361623,0.0030079841107368537
666.5000099316239,0.1958838403224945,0.0023839324712753296,9.810072898864746,-1.330190571025014e-06,0.0002756267786026001,2.191850256849648e-08,180.03957912500738,-0.0008317668799691091,0.003007980546863961
666.600009933114,0.055170729756355286,-2.512335777282715e-05,9.81004810333252,-6.539048627018929e-07,0.0004495892790146172,2.7643417865874653e-07,180.03957912500738,-0.0008389085385687167,0.003007976982991069
666.7000099346042,-0.21645013988018036,-0.002349674701690674,9.810113906860352,8.147908374667168e-07,0.0008931364282034338,1.7733126469465788e-06,180.03957912500738,-0.0008460308700080077,0.003007973693262245
666.8000099360943,-0.8397548794746399,0.03319406509399414,9.810097694396973,2.8972746804356575e-05,0.001349592232145369,0.0013985058758407831,180.0442509743997,-0.0008530778118256421,0.0030079673879486665
666.9000099375844,-1.4914246797561646,-0.0013294219970703125,9.809728622436523,-3.5165692679584026e-05,0.0013320305151864886,-0.00014089676551520824,180.0442509743997,-0.0008599909713353782,0.0030079613567791565
667.0000099390745,-1.739664912223816,-0.026146531105041504,9.80942153930664,2.032378688454628e-06,0.0008359919884242117,-2.0112011043238454e-05,180.0442509743997,-0.0008667480743440592,0.003007957792906264
667.1000099405646,-1.5028856992721558,-0.001330256462097168,9.809324264526367,-1.115360646508634e-06,0.00017764164658728987,-5.5007421906339e-07,180.0442509743997,-0.0008733704355279315,0.003007954229033372
667.2000099420547,-0.9836982488632202,0.0032686591148376465,9.80955982208252,2.2680615074932575e-07,-0.0002674537827260792,1.7838685835158685e-06,180.0442509743997,-0.0008799047279381966,0.0030079506651604793
667.3000099435449,-0.5243409872055054,-0.0020858049392700195,9.809823989868164,-8.453498594462872e-07,-0.00022765767062082887,1.8687201190914493e-06,180.0442509743997,-0.0008863920046451312,0.0030079473754316558
667.400009945035,-0.453372597694397,0.002859652042388916,9.810068130493164,-6.085756467655301e-07,0.00021290339645929635,1.945484427778865e-06,180.0442509743997,-0.0008928387080260336,0.0030079438115587632
667.5000099465251,-0.7591299414634705,0.0005957484245300293,9.8100004196167,4.3126055970788e-07,0.0006843601586297154,2.4673283860465745e-06,180.0442509743997,-0.0008992173551405358,0.003007940247685871
667.6000099480152,-1.1620653867721558,-0.0015932321548461914,9.809873580932617,-9.169452823698521e-07,0.0008495340589433908,3.541214937285986e-06,180.0442509743997,-0.000905491758985022,0.003007936683812979
667.7000099495053,-1.3680418729782104,0.03374171257019043,9.809650421142578,2.415123162791133e-05,0.0006465670303441584,0.0012533327098935843,180.04847203130674,-0.0009116435518734534,0.0030079303784994
667.8000099509954,-1.260002851486206,0.00612950325012207,9.809590339660645,-3.1827454222366214e-05,0.00026675109984353185,-0.00015240120410453528,180.04847203130674,-0.0009176823974144099,0.003007923799041753
667.9000099524856,-0.9397667050361633,-0.03416121006011963,9.80962085723877,3.2342995837097988e-06,-2.9308755983947776e-05,-2.15391737583559e-05,180.04847203130674,-0.000923636943667816,0.0030079202351688604
668.0000099539757,-0.6293203234672546,-0.001935422420501709,9.809874534606934,1.1114025255665183e-08,-3.678138818941079e-05,-1.2073762718500802e-06,180.05235157875532,-0.0009295352218288144,0.0030079166712959683
668.1000099554658,-0.5459296703338623,0.0029911398887634277,9.809932708740234,-1.2136733857914805e-06,0.00023509457241743803,1.2132259143982083e-06,180.05235157875532,-0.0009353845652952941,0.0030079131074230757
668.2000099569559,-0.7197288870811462,0.0006446242332458496,9.809990882873535,1.8265563994646072e-07,0.0005631005042232573,2.229167421319289e-06,180.05235157875532,-0.0009411693478114103,0.003007909817694252
668.300009958446,-0.9931276440620422,-0.001614212989807129,9.809918403625488,-1.789303496479988e-07,0.0007041731150820851,3.162916073051747e-06,180.05235157875532,-0.0009468651020512198,0.0030079062538213596
668.4000099599361,-1.1496343612670898,0.0035238265991210938,9.809749603271484,-1.228763721883297e-06,0.0005844882689416409,2.553256535975379e-06,180.05235157875532,-0.0009524577781405696,0.0030079026899484675
668.5000099614263,-1.0834336280822754,0.0009652376174926758,9.809671401977539,4.884495865553617e-07,0.0003163592191413045,2.96008897748834e-06,180.05235157875532,-0.0009579534072088336,0.003007899126075575
668.6000099629164,-0.8507373332977295,-0.001740097999572754,9.809731483459473,-4.252142389304936e-07,9.694387699710205e-05,1.7974044794755173e-06,180.05235157875532,-0.0009633726871527415,0.003007895562202683
668.7000099644065,-0.6216800212860107,0.0030579566955566406,9.809864044189453,7.056223694235086e-08,8.61273510963656e-05,1.262318733097345e-06,180.05235157875532,-0.0009687362473016492,0.0030078922724738593
668.8000099658966,-0.5577359199523926,-0.0019983649253845215,9.809945106506348,-9.866198524832726e-09,0.0002895750803872943,1.972184463738813e-06,180.05235157875532,-0.0009740499818065018,0.0030078887086009668
668.9000099673867,-0.6877731680870056,0.003116428852081299,9.809971809387207,-8.162460289895535e-07,0.0005404198891483247,2.1700043362216093e-06,180.05235157875532,-0.0009793018967911848,0.0030078851447280746
669.0000099688768,-0.8967342972755432,0.0008007287979125977,9.809920310974121,-7.433118298649788e-08,0.0006461063167080283,2.5249382815673016e-06,180.05235157875532,-0.0009844735561159723,0.003007881580855182
669.100009970367,-1.0131797790527344,-0.0015965700149536133,9.80981159210205,-5.847541615366936e-07,0.0005457260413095355,3.1013128136692103e-06,180.05235157875532,-0.0009895542681306324,0.00300787801698229
669.2000099718571,-0.9481965899467468,0.003226757049560547,9.809694290161133,-1.644832082092762e-05,0.00032592518255114555,-0.0010595711646601558,180.04847203130674,-0.0009945499954966408,0.003007874727253466
669.3000099733472,-0.7542658448219299,0.0006074309349060059,9.80986499786377,2.6242545573040843e-05,0.00015268831339199096,0.0001664782757870853,180.04847203130674,-0.0009994782148794457,0.003007871163380574
669.4000099748373,-0.5652670860290527,-0.0020374059677124023,9.809855461120605,-5.4507836466655135e-06,0.00016109236457850784,2.2838637960376218e-05,180.0442509743997,-0.001004355786136557,0.0030078675995076814
669.5000099763274,-0.5251168608665466,0.002926051616668701,9.809946060180664,-1.298496499657631e-06,0.00034993712324649096,4.3487561924848706e-06,180.0442509743997,-0.0010091861361161136,0.0030078640356347892
669.6000099778175,-0.6664282083511353,-0.001961946487426758,9.810001373291016,1.446460373699665e-07,0.0005640608142130077,2.467967760821921e-06,180.0442509743997,-0.0010139569282472394,0.0030078604717618967
669.7000099793077,-0.8378676176071167,0.003174006938934326,9.809901237487793,-3.434251993894577e-08,0.000632576469797641,2.4138682874763617e-06,180.0442509743997,-0.0010186526049267286,0.003007857182033073
669.8000099807978,-0.9230263233184814,0.0007415413856506348,9.809823989868164,-2.469751052558422e-07,0.0005170331569388509,2.5091728730330942e-06,180.0442509743997,-0.0010232654215656112,0.003007853618160181
669.9000099822879,-0.8355074524879456,-0.0018279552459716797,9.809792518615723,-7.927010301500559e-07,0.0003083331976085901,1.1458367907835054e-06,180.0442509743997,-0.00102780325980234,0.0030078500542872885
670.000009983778,0.3808339238166809,0.002207934856414795,9.808307647705078,-1.829757820814848e-07,0.00028354895766824484,2.2408694348996505e-06,180.0442509743997,-0.0010323755716399319,0.0030078464904143964
670.1000099852681,-0.43831488490104675,0.00035759806632995605,9.808333396911621,1.0565563570708036e-06,-0.00032302693580277264,1.8787010276355431e-06,180.0442509743997,-0.0010369084752710478,0.003007842926541504
670.2000099867582,-3.8600573539733887,0.0005681514739990234,9.792771339416504,1.3122335076332092e-06,0.011791947297751904,5.694794253940927e-06,180.0442509743997,-0.0010410951349655306,0.0030078396368126803
670.3000099882483,-6.332129955291748,0.0075283050537109375,9.817727088928223,-3.390014171600342e-07,-0.0034808015916496515,-9.503913815933629e-07,180.0442509743997,-0.00104471363106029,0.0030078360729397877
670.4000099897385,1.6937634944915771,-0.0038356781005859375,9.818798065185547,3.57162207365036e-07,-0.005320142023265362,-3.5707219012692804e-06,180.0442509743997,-0.001048484551276374,0.0030078325090668956
670.5000099912286,3.9161877632141113,-0.0005948543548583984,9.80894947052002,-1.126900315284729e-07,-0.004525736905634403,-5.369420250644907e-06,180.0442509743997,-0.0010526070612399963,0.0030078289451940035
670.6000099927187,4.197657108306885,-0.0033159255981445312,9.831666946411133,-5.027977749705315e-07,-0.0008843755349516869,4.142764282732969e-06,180.04847203130674,-0.0010571061766171397,0.003007825381321111
670.7000099942088,-1.2519079446792603,-0.001460433006286621,9.778901100158691,-1.0952353477478027e-06,0.01746251806616783,0.0006568258977495134,180.04847203130674,-0.0010614928243910526,0.0030078220915922874
670.8000099956989,-20.04210662841797,0.00457000732421875,9.763289451599121,9.948620572686195e-06,0.0038004901725798845,4.955652912030928e-05,180.04847203130674,-0.0010640807443849098,0.003007819898439738
670.900009997189,-2.884976625442505,0.014965057373046875,9.81662654876709,-6.835907697677612e-07,-0.010467867366969585,-3.34325932271895e-06,180.0442509743997,-0.0010664105577689043,0.003007816334566846
671.0000099986792,5.135786533355713,-0.0068607330322265625,9.813453674316406,-1.7741695046424866e-06,-0.008401136845350266,-5.327524377207737e-06,180.04847203130674,-0.001069201824137167,0.003007813318982091
671.1000100001693,5.917178630828857,-2.574920654296875e-05,9.807991027832031,-1.469627022743225e-06,-0.004940040875226259,-5.697681899619056e-06,180.04847203130674,-0.0010725243131588513,0.0030078097551091984
671.2000100016594,5.714365005493164,-0.0019316673278808594,9.805588722229004,-2.1548476070165634e-05,-0.0025461723562330008,-0.0010294461390003562,180.03957912500738,-0.0010763592460136806,0.0030078059170922373
671.3000100031495,4.753727436065674,-0.006141185760498047,9.806280136108398,2.9346905648708344e-05,0.001391598954796791,0.00027565908385440707,180.03957912500738,-0.0010806205414155556,0.0030078023532193452
671.4000100046396,0.6662256121635437,-0.002998948097229004,9.811040878295898,-6.648246198892593e-06,0.0052133179269731045,1.0632758858264424e-05,180.03957912500738,-0.0010849412575595352,0.0030077987893464527
671.5000100061297,-2.8862507343292236,-0.010513544082641602,9.81026554107666,-1.7721205949783325e-05,0.004556429572403431,-0.0009692953899502754,180.0442509743997,-0.0010890027019172521,0.003007796596193904
671.6000100076199,-2.833481550216675,0.014509439468383789,9.808239936828613,2.564238093327731e-05,3.98833944927901e-05,0.0002243095077574253,180.0442509743997,-0.0010928097406122106,0.0030077933064650802
671.70001000911,0.6234485507011414,0.0020755529403686523,9.808438301086426,-6.349058821797371e-06,-0.003300153184682131,1.925537617353257e-06,180.0442509743997,-0.0010966728417400873,0.0030077897425921877
671.8000100106001,3.548327922821045,-0.002490997314453125,9.808152198791504,-2.7616042643785477e-06,-0.003670689882710576,-5.072044132248266e-06,180.0442509743997,-0.0011008542926873588,0.0030077861787192956
671.9000100120902,4.719046115875244,-0.005815982818603516,9.83582592010498,-9.924406185746193e-07,-0.0018028446938842535,3.740941974683665e-05,180.03957912500738,-0.0011054592276735775,0.003007782614846403
672.0000100135803,2.4129748344421387,0.0008118152618408203,9.7839937210083,3.073364496231079e-08,0.0011127012548968196,-5.445875785881071e-07,180.03427889821145,-0.00111028039381722,0.003007779050973511
672.1000100150704,2.4983737468719482,-0.0017457008361816406,9.799978256225586,-1.331500243395567e-06,-0.0008610181976109743,-3.118070526397787e-05,180.03427889821145,-0.0011153253985582978,0.003007775761244687
672.2000100165606,4.1436638832092285,-0.005418300628662109,9.807554244995117,-1.4932593330740929e-06,-0.0014017752837389708,0.00023586013412568718,180.03427889821145,-0.0011207420741357055,0.003007772197371795
672.3000100180507,4.983988285064697,-0.000804901123046875,9.807215690612793,1.0206131264567375e-05,-0.0011771910358220339,-0.0019518949557095766,180.03427889821145,-0.0011266056045542427,0.0030077686334989023
672.4000100195408,5.425292015075684,-0.006830692291259766,9.805610656738281,-4.192878259345889e-05,-0.0008100601262412965,0.002761926269158721,180.04847203130674,-0.001132955466545127,0.00300776506962601
672.5000100210309,5.681164741516113,-0.0010738372802734375,9.80431079864502,2.492070780135691e-05,-0.00026117716333828866,-0.002088025910779834,180.03957912500738,-0.0011398147567547312,0.003007761505753118
672.600010022521,5.095822811126709,-0.003604412078857422,9.805222511291504,-3.187567926943302e-06,0.0017044838750734925,0.0005415561026893556,180.03427889821145,-0.0011471309765767046,0.003007758216024294
672.7000100240111,2.484088897705078,0.0207827091217041,9.809185028076172,8.353963494300842e-07,0.004403676837682724,4.0997906580741983e-07,180.03957912500738,-0.0011546694586996864,0.0030077524589988526
672.8000100255013,-0.816775381565094,-0.019417405128479004,9.810934066772461,1.3923272490501404e-07,0.004965383093804121,4.571068984660087e-06,180.03957912500738,-0.0011621344016958801,0.003007748620981892
672.9000100269914,-2.419238805770874,-0.003301858901977539,9.809578895568848,-8.926726877689362e-07,0.003434903221204877,6.442918220272986e-06,180.03957912500738,-0.0011693819484293044,0.0030077450571089994
673.0000100284815,-2.613922595977783,0.004332304000854492,9.808741569519043,4.557659849524498e-07,0.001704767462797463,5.973884071863722e-06,180.03957912500738,-0.0011763951019929664,0.0030077414932361073
673.1000100299716,-1.7440917491912842,0.0012254714965820312,9.808772087097168,6.970949470996857e-07,-0.0005221536266617477,2.9003997497056844e-06,180.03957912500738,-0.0011832517192971181,0.0030077382035072833
673.2000100314617,0.2778443396091461,-0.0026840269565582275,9.809234619140625,-4.21423465013504e-08,-0.002437870018184185,-2.19302773984964e-06,180.03957912500738,-0.0011901332837140899,0.003007734639634391
673.3000100329518,2.3268418312072754,0.0010683536529541016,9.809261322021484,-3.6253826692700386e-05,-0.0021723820827901363,-0.0014846265548840165,180.03427889821145,-0.0011972237459048074,0.0030077310757614987
673.400010034442,2.520686626434326,-0.001399993896484375,9.80971908569336,3.882672172039747e-05,6.650331488344818e-05,0.00017080578254535794,180.03427889821145,-0.0012045405140383991,0.0030077275118886066
673.5000100359321,0.7032904624938965,-0.0028876662254333496,9.810772895812988,-1.671724021434784e-06,0.0023392774164676666,3.2383530196966603e-05,180.03427889821145,-0.0012119200611380165,0.003007723948015714
673.6000100374222,-1.2877544164657593,0.003243565559387207,9.81037712097168,-8.640345185995102e-07,0.0026868737768381834,9.913109352055471e-06,180.03427889821145,-0.001219184056509448,0.0030077206582868905
673.7000100389123,-2.1246275901794434,-0.0012805461883544922,9.809403419494629,4.91156242787838e-07,0.0016508244443684816,6.349839168251492e-06,180.03427889821145,-0.0012262573847010572,0.0030077170944139984
673.8000100404024,-1.6475218534469604,0.0034475326538085938,9.808991432189941,3.6798883229494095e-07,-0.00010351795936003327,3.154989371978445e-06,180.03427889821145,-0.0012331829492211455,0.003007713530541106
673.9000100418925,-0.10992556065320969,7.240474224090576e-05,9.809381484985352,2.761371433734894e-07,-0.0017555936938151717,-8.555676913601928e-07,180.03427889821145,-0.0012400989187142386,0.0030077099666682137
674.0000100433826,1.6222890615463257,-0.003413081169128418,9.809496879577637,6.844056770205498e-07,-0.001852288842201233,-3.658446530607762e-06,180.03427889821145,-0.001247160184576046,0.003007706402795321
674.1000100448728,2.0586414337158203,0.001338958740234375,9.809821128845215,1.6999547369778156e-07,-0.00023950646573211998,-3.329416813357966e-06,180.03427889821145,-0.001254406360587268,0.0030077031130664976
674.2000100463629,0.8555896282196045,-0.00047594308853149414,9.810543060302734,-9.147915989160538e-07,0.0016457532765343785,-1.7453601230954519e-07,180.03427889821145,-0.0012617292969565597,0.003007699549193605
674.300010047853,-0.8186869621276855,-0.0020231008529663086,9.810463905334473,-1.3550743460655212e-06,0.002263543428853154,3.188649770891061e-06,180.03427889821145,-0.0012689786256316893,0.003007695985320713
674.4000100493431,-1.6715346574783325,0.0034619569778442383,9.809670448303223,-3.5762786865234375e-07,0.0015048935310915112,4.114274361199932e-06,180.03427889821145,-0.001276077860424607,0.0030076924214478204
674.5000100508332,-1.3694761991500854,-0.0017104148864746094,9.80927562713623,-6.212940206751227e-08,8.748920663492754e-05,2.807453029163298e-06,180.03427889821145,-0.0012830542786872456,0.0030076888575749283
674.6000100523233,-0.1760069578886032,0.002610146999359131,9.80948543548584,-1.1711381375789642e-07,-0.0012325627030804753,-2.810745058923203e-07,180.03427889821145,-0.0012900149336445565,0.0030076855678461047
674.7000100538135,1.1631711721420288,-0.0006518363952636719,9.809667587280273,5.50062395632267e-07,-0.001367627875879407,-2.5565132091287524e-06,180.03427889821145,-0.001297080037517162,0.003007682003973212
674.8000100553036,1.5529991388320923,-0.003373384475708008,9.809919357299805,-3.8796861190348864e-07,-0.00020242627942934632,-2.448259692755528e-06,180.03427889821145,-0.001304284680713863,0.00300767844010032
674.9000100567937,0.7101781368255615,0.0021066665649414062,9.810443878173828,-3.5995617508888245e-07,0.0012251657899469137,1.9507453430378519e-07,180.03427889821145,-0.0013115527882519018,0.0030076748762274275
675.0000100582838,-0.5361073017120361,0.0003159642219543457,9.810320854187012,-1.0780058801174164e-07,0.0017504936549812555,2.6026148134405958e-06,180.03427889821145,-0.0013187726464423122,0.0030076713123545354
675.1000100597739,-1.2110618352890015,-0.0018002986907958984,9.809879302978516,6.798654794692993e-07,0.0012160505866631866,3.290041831860435e-06,180.03427889821145,-0.0013258840806713579,0.0030076680226257114
675.200010061264,-0.9976539611816406,0.0030780434608459473,9.8095064163208,-2.2930908016860485e-07,0.00015744012489449233,2.033001010204316e-06,180.03427889821145,-0.0013329058697593155,0.0030076644587528193
675.3000100627542,-0.13447244465351105,-0.002413347363471985,9.80966854095459,-2.932501956820488e-07,-0.0007763043395243585,-4.2299780034227297e-07,180.03427889821145,-0.0013399155965174714,0.0030076608948799268
675.4000100642443,0.7954433560371399,0.0020575523376464844,9.809730529785156,7.274211384356022e-07,-0.0008556763641536236,-1.5137492255234974e-06,180.03427889821145,-0.001346996874872275,0.0030076573310070347
675.5000100657344,1.0561786890029907,-0.0005905628204345703,9.810039520263672,-2.0086408767383546e-06,-5.30000907019712e-05,-1.4115610156295588e-06,180.03427889821145,-0.001354172732945358,0.0030076537671341426
675.6000100672245,0.4847191572189331,-0.002765148878097534,9.810314178466797,-2.059387043118477e-07,0.0009096328285522759,1.4909130641171942e-07,180.03427889821145,-0.0013613921799304762,0.0030076504774053186
675.7000100687146,-0.3523862361907959,0.002711266279220581,9.810248374938965,1.6614794731140137e-06,0.0012717250501736999,1.9277520095783984e-06,180.03427889821145,-0.0013685798261775517,0.0030076469135324265
675.8000100702047,-0.8044395446777344,0.00046831369400024414,9.809925079345703,8.220667950809002e-07,0.0009055549744516611,2.2651686322205933e-06,180.03427889821145,-0.001375695372544783,0.003007643349659534
675.9000100716949,-0.6484052538871765,-0.002120673656463623,9.80970573425293,1.8034916138276458e-06,0.00017987171304412186,1.4914912753738463e-06,180.03427889821145,-0.0013827528003957923,0.003007639785786642
676.000010073185,-0.061687469482421875,0.002545345574617386,9.809773445129395,1.6918929759413004e-06,-0.0004111025482416153,-1.814868255678448e-07,180.03427889821145,-0.0013898047453153595,0.0030076362219137493
676.1000100746751,0.5202990174293518,-0.0027857422828674316,9.809866905212402,-9.467767085880041e-07,-0.0004227957979310304,-7.436057103404892e-07,180.03427889821145,-0.0013969034318535023,0.0030076329321849257
676.2000100761652,0.6457380652427673,0.002142965793609619,9.81006908416748,5.968031473457813e-07,0.00010363377077737823,-1.1145909866172587e-06,180.03427889821145,-0.0014040599627520578,0.0030076293683120336
676.3000100776553,0.27433469891548157,-0.0001455247402191162,9.810189247131348,-1.973239704966545e-07,0.0006890317308716476,3.487199933260854e-07,180.03427889821145,-0.0014112410295581412,0.003007625804439141
676.4000100791454,-0.22994877398014069,-0.0023585110902786255,9.810138702392578,-1.2007658369839191e-06,0.0008917313534766436,1.30555861233006e-06,180.03427889821145,-0.0014184013984817057,0.003007622240566249
676.5000100806355,-0.4891717731952667,0.002788931131362915,9.809988975524902,1.8296996131539345e-06,0.0006437031552195549,1.5142319398364634e-06,180.03427889821145,-0.0014255180414153301,0.0030076186766933564
676.6000100821257,-0.45563796162605286,0.02287265658378601,9.809852600097656,3.265615669079125e-05,0.00048620309098623693,0.0014167778426781297,180.03957912500738,-0.0014325938369097457,0.0030076131938119835
676.7000100836158,-0.533417820930481,0.015500485897064209,9.809959411621094,-5.322159267961979e-06,0.0007172417244873941,0.0012522644829005003,180.0442509743997,-0.0014396216571697096,0.003007606066066199
676.8000100851059,-0.9264732003211975,0.000782310962677002,9.809968948364258,-3.3307354897260666e-05,0.0009905940387398005,-0.00017185386968776584,180.04847203130674,-0.0014465664118006316,0.003007599212464483
676.900010086596,-1.3296189308166504,0.0036063194274902344,9.809781074523926,2.48919241130352e-06,0.0009680079529061913,-2.6230623916490003e-05,180.04847203130674,-0.0014533919137420526,0.0030075920847186985
677.0000100880861,-1.4788168668746948,-0.0012725591659545898,9.8095064163208,-1.2899399735033512e-06,0.000635294709354639,-1.2533253084257012e-06,180.04847203130674,-0.00146008472997039,0.0030075852311169824
677.1000100895762,-1.3038619756698608,0.001078486442565918,9.809496879577637,-6.90997694619e-07,0.00021007021132390946,2.4804132863209816e-06,180.04847203130674,-0.0014666607607978221,0.003007578103371198
677.2000100910664,-0.9623416662216187,-0.03684568405151367,9.809676170349121,-2.6646843252819963e-05,-5.172945384401828e-05,-0.0013143941760063171,180.03957912500738,-0.0014731505733465156,0.0030075745394983052
677.3000100925565,-0.6831796765327454,-0.0020142197608947754,9.809826850891113,3.431783989071846e-05,-7.379207090707496e-06,0.0001603073178557679,180.03957912500738,-0.0014795791146866577,0.003007570975625413
677.4000100940466,-0.6442171335220337,0.002963423728942871,9.809946060180664,-3.443652531132102e-06,0.0002748283150140196,2.7778429284808226e-05,180.03957912500738,-0.0014859499487016592,0.0030075676858965896
677.5000100955367,-0.848052442073822,0.0006077885627746582,9.809942245483398,1.9208528101444244e-07,0.0005635630222968757,6.78254036756698e-06,180.0442509743997,-0.0014922448447975967,0.003007564122023697
677.6000100970268,-1.0858205556869507,-0.0017246007919311523,9.809859275817871,4.962785169482231e-07,0.000657789409160614,3.7955749121465487e-06,180.0442509743997,-0.001498442282681367,0.003007560558150805
677.7000100985169,-1.2147672176361084,0.003368854522705078,9.864705085754395,-6.658956408500671e-07,-0.002293790690600872,3.2709735933167394e-06,180.0442509743997,-0.001504530474150556,0.0030075569942779124
677.8000101000071,-1.086707592010498,0.0007787942886352539,9.777287483215332,-7.255002856254578e-07,0.000317918777000159,2.85424630419584e-06,180.0442509743997,-0.0015105209332801905,0.0030075534304050203
677.9000101014972,-0.9166886210441589,-0.001841127872467041,9.787684440612793,-2.04920070245862e-07,0.00023164786398410797,2.620193981783814e-06,180.0442509743997,-0.0015164287379576535,0.0030075501406761963
678.0000101029873,-0.7352930307388306,0.003031015396118164,9.807656288146973,-1.1820520740002394e-06,0.0001599057432031259,1.6272476841550088e-06,180.0442509743997,-0.0015222704738988568,0.003007546576803304
678.1000101044774,-0.6562908887863159,-0.0020254850387573242,9.821653366088867,-5.159527063369751e-07,0.011527355760335922,1.304888428421691e-06,180.0442509743997,-0.0015280529947290233,0.0030075430129304116
678.2000101059675,-0.6995116472244263,0.003002762794494629,9.845375061035156,-9.388895705342293e-07,0.0010477403411641717,2.3079583115759306e-06,180.0442509743997,-0.0015337730107347625,0.0030075394490575195
678.3000101074576,-1.0122060775756836,0.0007232427597045898,9.769645690917969,1.3041426427662373e-07,0.0004817561712116003,2.871958940886543e-06,180.0442509743997,-0.0015394021479551157,0.003007535885184627
678.4000101089478,-1.072257161140442,-0.0017342567443847656,9.803592681884766,1.964508555829525e-07,0.00039468222530558705,3.1575930279359454e-06,180.0442509743997,-0.0015449351976855041,0.0030075325954558034
678.5000101104379,-0.9921767711639404,0.003209233283996582,9.809946060180664,-9.536306606605649e-07,0.00023280121968127787,2.0643135485443054e-06,180.0442509743997,-0.0015503792876785383,0.0030075290315829113
678.600010111928,-0.8107040524482727,0.0005812644958496094,9.810737609863281,9.243740350939333e-07,0.0001153294142568484,1.69147335782327e-06,180.0442509743997,-0.0015557508665580144,0.0030075254677100188
678.7000101134181,-0.6416945457458496,-0.0020378828048706055,9.810514450073242,1.70330167748034e-07,0.00015550457464996725,1.9924129901482956e-06,180.0442509743997,-0.00156106473811235,0.0030075219038371266
678.8000101149082,-0.6177937984466553,0.010543107986450195,9.810333251953125,1.7013924662023783e-05,0.00033540555159561336,0.0011138023110106587,180.0442509743997,-0.0015663233696301404,0.003007517791676097
678.9000101163983,-0.7441041469573975,-0.0069997310638427734,9.810113906860352,-4.441296914592385e-05,0.0005206294590607285,-0.001255073701031506,180.03957912500738,-0.0015715153841426854,0.0030075142278032044
679.0000101178885,-0.8830071687698364,-0.0018714070320129395,9.809988975524902,3.065366763621569e-05,0.0005766914109699428,0.00013929748092778027,180.03957912500738,-0.0015766280339448713,0.0030075106639303123
679.1000101193786,-0.9581290483474731,0.003186821937561035,9.809835433959961,-2.190296072512865e-06,0.00047901360085234046,2.1351324903662317e-05,180.03957912500738,-0.0015816548766451888,0.00300750710005742
679.2000101208687,-0.8768616318702698,-0.00186997652053833,9.809815406799316,-1.4075194485485554e-06,0.00030881358543410897,4.199383056402439e-06,180.03957912500738,-0.0015866031771025746,0.0030075038103285962
679.3000101223588,-0.712946355342865,0.0029147863388061523,9.809808731079102,-1.5517493011429906e-05,0.00019745042663998902,-0.0010464019142091274,180.03427889821145,-0.001591487601970698,0.003007500246455704
679.4000101238489,-0.5927495956420898,0.00037807226181030273,9.809948921203613,2.584935282357037e-05,0.00023437952040694654,0.00016781037265900522,180.03427889821145,-0.0015963188428855801,0.0030074966825828116
679.500010125339,-0.5789121985435486,-0.002126753330230713,9.809956550598145,-3.499822923913598e-06,0.0003932601248379797,2.3419479475705884e-05,180.03957912500738,-0.0016010981335057295,0.0030074931187099195
679.6000101268291,-0.6989768147468567,0.0030434727668762207,9.809914588928223,1.2230884749442339e-05,0.0005457450170069933,0.0010208114981651306,180.03957912500738,-0.0016058149192730298,0.003007489554837027
679.7000101283193,-0.8253782987594604,-0.0044068098068237305,9.809942245483398,-2.3736560251563787e-05,0.000572987599298358,-0.0001578815863467753,180.03957912500738,-0.001610457686140876,0.003007486539252272
679.8000101298094,-0.8629635572433472,0.008114814758300781,9.809800148010254,4.399189492687583e-06,0.0004628081514965743,-1.7375583411194384e-05,180.03957912500738,-0.0016150228702400682,0.003007482701235311
679.9000101312995,-0.3345142602920532,-0.002253502607345581,9.806243896484375,2.0512379705905914e-06,-0.002259260043501854,2.80983158518211e-06,180.03957912500738,-0.0016195583097271538,0.0030074791373624187
680.0000101327896,-5.378057956695557,0.0013089179992675781,9.788400650024414,8.372589945793152e-07,0.011424900032579899,4.447950232133735e-06,180.03427889821145,-0.0016236112556242688,0.003007475573489526
680.1000101342797,-5.9414215087890625,-0.0237579345703125,9.822122573852539,-1.593679189682007e-05,-0.004631777293980122,-0.0009147435775958002,180.03957912500738,-0.0016271312654652093,0.003007475025201389
680.2000101357698,2.2414228916168213,0.023587942123413086,9.817380905151367,2.4280045181512833e-05,-0.005658573936671019,0.0002576721890363842,180.03957912500738,-0.0016308527711998977,0.0030074717354725655
680.30001013726,4.112697124481201,-0.00013017654418945312,9.808577537536621,-7.247552275657654e-06,-0.004530743695795536,1.6756099512349465e-06,180.03957912500738,-0.0016349434119433681,0.003007468171599673
680.4000101387501,4.491938591003418,-0.0003771781921386719,9.831172943115234,-2.3978063836693764e-06,-0.0012718322686851025,-9.50708727032179e-06,180.03957912500738,-0.001639437044431702,0.0030074648818708494
680.5000101402402,0.49608114361763,-0.0003076791763305664,9.787714004516602,-2.7939677238464355e-07,0.00998224038630724,-3.285455022705719e-06,180.03957912500738,-0.0016439752253347706,0.003007461317997957
680.6000101417303,-15.505531311035156,0.004992485046386719,9.761760711669922,6.239861249923706e-07,0.0036693918518722057,3.756143541977508e-06,180.03427889821145,-0.0016471215768092407,0.0030074580282691333
680.7000101432204,-3.7460103034973145,0.00491786003112793,9.82570743560791,6.002373993396759e-07,-0.005732226185500622,-1.1079282558057457e-06,180.03427889821145,-0.001649932375940466,0.003007454464396241
680.8000101447105,1.7112685441970825,0.001405477523803711,9.814850807189941,-1.7671845853328705e-06,-0.006434270180761814,-3.5981761357106734e-06,180.03957912500738,-0.0016528971069647014,0.003007451174667417
680.9000101462007,4.244600772857666,-0.005222797393798828,9.809138298034668,5.681067705154419e-08,-0.005277661141008139,-4.931765033688862e-06,180.03427889821145,-0.0016562430353275204,0.003007447610794525
681.0000101476908,5.228694438934326,-0.0008540153503417969,9.80644702911377,1.3622920960187912e-06,-0.0033166264183819294,-5.766993126599118e-06,180.03427889821145,-0.0016600580241714624,0.0030074440469216326
681.1000101491809,5.011864185333252,-0.0032138824462890625,9.805984497070312,-1.6479752957820892e-06,-0.0007261662394739687,-4.613082182913786e-06,180.03957912500738,-0.0016643226093151497,0.0030074404830487404
681.200010150671,2.747769355773926,-0.004255533218383789,9.831568717956543,-4.307366907596588e-08,0.003507298184558749,-4.567662472254597e-06,180.03427889821145,-0.0016688332387388982,0.003007436919175848
681.3000101521611,-1.640575885772705,0.0035686492919921875,9.766583442687988,5.816109478473663e-07,0.004876626655459404,3.5945063245890196e-06,180.03957912500738,-0.0016731965157248396,0.0030074336294470243
681.4000101536512,-2.563415288925171,0.0016613006591796875,9.827730178833008,3.5634730011224747e-07,0.0007440278423018754,3.6309316442384443e-07,180.03957912500738,-0.001677329511707626,0.0030074300655741322
681.5000101551414,0.614190399646759,-0.002884984016418457,9.812570571899414,1.2938398867845535e-06,-0.0027694187592715025,-3.2094942525873194e-06,180.03957912500738,-0.0016815177477269572,0.0030074265017012397
681.6000101566315,3.478856086730957,0.00027179718017578125,9.829818725585938,1.0710209608078003e-06,-0.0036213849671185017,-4.998317308491096e-06,180.03427889821145,-0.0016860180967483984,0.0030074229378283476
681.7000101581216,3.1281697750091553,-0.004502058029174805,9.798619270324707,2.953165676444769e-07,0.00047656477545388043,-6.124416813690914e-06,180.03427889821145,-0.0016907990322323485,0.003007419373955455
681.8000101596117,1.7909562587738037,0.0013604164123535156,9.793242454528809,1.0279472917318344e-07,-0.0014937188243493438,4.091102709935512e-06,180.03427889821145,-0.0016957404790645114,0.0030074160842266315
681.9000101611018,3.6826374530792236,-0.0023534297943115234,9.806802749633789,-6.298068910837173e-07,-0.0022571191657334566,-0.0001056964392773807,180.03427889821145,-0.001701011995379531,0.003007412520353739
682.0000101625919,4.763227462768555,-0.0076808929443359375,9.807685852050781,-3.515975549817085e-05,-0.002033855998888612,-0.00040382446604780853,180.03427889821145,-0.0017067109022548266,0.0030074092306249154
682.100010164082,5.264694690704346,-0.00013494491577148438,9.806297302246094,9.618350304663181e-06,-0.0015608211979269981,-0.005384933203458786,180.0279814637967,-0.001712881748176187,0.003007405940896092
682.2000101655722,5.508261203765869,-0.0006909370422363281,9.804851531982422,6.783625576645136e-05,-0.0012983162887394428,0.012831752188503742,180.0279814637967,-0.001719546464613586,0.0030074023770231993
682.3000101670623,5.408544063568115,-0.009778022766113281,9.804607391357422,-8.245425124187022e-05,0.0001306957274209708,-0.007052500266581774,180.0279814637967,-0.0017266960048658575,0.0030073993614384443
682.4000101685524,3.992079496383667,0.003444671630859375,9.80699634552002,4.5304885134100914e-05,0.0026618570555001497,0.00037329280166886747,180.0279814637967,-0.0017342034401650608,0.0030073960717096207
682.5000101700425,0.659105122089386,0.0022478699684143066,9.810765266418457,-2.334360033273697e-06,0.004828807432204485,3.605061647249386e-05,180.01979889717103,-0.0017417694052426214,0.0030073925078367286
682.6000101715326,-2.1716701984405518,-0.001613616943359375,9.81035041809082,6.719492375850677e-07,0.003747382899746299,1.185641303891316e-05,180.01979889717103,-0.0017491403168179431,0.003007388943963836
682.7000101730227,-2.7833127975463867,0.003635406494140625,9.80879020690918,-4.182802513241768e-07,0.0016807342180982232,6.6553752731124405e-06,180.01979889717103,-0.0017562614831518886,0.003007385380090944
682.8000101745129,-2.2793846130371094,0.0009312629699707031,9.80862808227539,5.331530701369047e-07,-0.00015029078349471092,4.370141596155008e-06,180.01979889717103,-0.0017631780009139675,0.0030073818162180514
682.900010176003,-0.8997214436531067,-0.0021265149116516113,9.809063911437988,-4.1211023926734924e-07,-0.0022080405615270138,-1.4429278394345602e-07,180.01979889717103,-0.0017700139203356002,0.003007378526489228
683.0000101774931,1.2778130769729614,0.0019937753677368164,9.80937385559082,-1.9387807697057724e-06,-0.0032192417420446873,-4.627474027074641e-06,180.01979889717103,-0.001776964569046413,0.0030073749626163353
683.1000101789832,2.6464033126831055,-0.0010585784912109375,9.809353828430176,-1.1203810572624207e-06,-0.0018024459714069963,-5.524118023458868e-06,180.01979889717103,-0.0017841529006688006,0.003007371398743443
683.2000101804733,1.8128619194030762,-0.0032216310501098633,9.810262680053711,-7.72357452660799e-07,0.0007147070718929172,-2.579565261839889e-06,180.01979889717103,-0.0017915036626590108,0.0030073678348705507
683.3000101819634,-0.3302794098854065,0.002644449472427368,9.810784339904785,1.4137476682662964e-06,0.0021215612068772316,1.8222006019641412e-06,180.01979889717103,-0.0017988246800086927,0.0030073642709976586
683.4000101834536,-1.812457799911499,-0.0017570257186889648,9.809885025024414,8.891802281141281e-07,0.0015385483857244253,3.824372925009811e-06,180.01979889717103,-0.0018059829928489535,0.003007360981268835
683.5000101849437,-1.9423757791519165,0.003537774085998535,9.80917739868164,4.3849649955518544e-05,0.0001441681815776974,0.0014359246706590056,180.03427889821145,-0.0018129670871189774,0.0030073574173959425
683.6000101864338,-0.965698778629303,0.0005261898040771484,9.80919361114502,-4.0368176996707916e-05,-0.0015475597465410829,-0.0001638955727685243,180.0279814637967,-0.0018198645518907597,0.0030073538535230504
683.7000101879239,0.7261335849761963,-0.002873063087463379,9.809511184692383,2.239365130662918e-06,-0.0025301259011030197,-3.055815977859311e-05,180.03427889821145,-0.001826827262945585,0.003007350289650158
683.800010189414,1.9242843389511108,0.0014990568161010742,9.809650421142578,-1.1352822184562683e-06,-0.0016855713911354542,-8.988267836684827e-06,180.03427889821145,-0.0018339626847705404,0.0030073467257772657
683.9000101909041,1.5359761714935303,-0.0007963180541992188,9.810140609741211,-6.697518983855844e-07,0.00017913889314513654,-3.4253246212756494e-06,180.03427889821145,-0.0018412358639778859,0.0030073434360484417
684.0000101923943,0.023514993488788605,-0.002501385286450386,9.810643196105957,2.153683453798294e-07,0.0014456690987572074,8.221965686061594e-07,180.03427889821145,-0.0018485112363322287,0.0030073398721755496
684.1000101938844,-1.2731858491897583,0.023361802101135254,9.810094833374023,4.339509177953005e-05,0.0012605679221451283,0.0014626734191551805,180.03957912500738,-0.0018556721535532006,0.0030073346634382453
684.2000101953745,-1.5329996347427368,-0.016679883003234863,9.80944538116455,-8.539159898646176e-05,0.0001688447082415223,-0.0015924531035125256,180.03427889821145,-0.0018626954504412652,0.0030073308254212846
684.3000101968646,-0.8040072321891785,-0.004569888114929199,9.809427261352539,4.188308957964182e-05,-0.001175795216113329,0.00013760715955868363,180.03427889821145,-0.0018696466474352746,0.003007327261548392
684.4000101983547,0.47234681248664856,0.02227678894996643,9.809637069702148,4.252977669239044e-05,-0.0019413649570196867,0.0014909276505932212,180.03957912500738,-0.00187664047383862,0.0030073220528110877
684.5000101998448,1.3887392282485962,-0.013407707214355469,9.809736251831055,-4.072126466780901e-05,-0.0013718080008402467,-0.00018017779802903533,180.03957912500738,-0.0018837588987423715,0.0030073176665059895
684.600010201335,1.1541318893432617,-0.010743379592895508,9.81021785736084,2.4233486328739673e-06,-2.7891859645023942e-05,-3.244577965233475e-05,180.03957912500738,-0.00189098067592397,0.0030073141026330974
684.7000102028251,0.07581908255815506,0.0024615228176116943,9.810434341430664,2.3655593395233154e-07,0.0009359999094158411,-5.2288128244981635e-06,180.03427889821145,-0.0018982094437944852,0.003007310812904274
684.8000102043152,-0.8704245686531067,-0.001922011375427246,9.81011962890625,-4.346948117017746e-07,0.0008546806639060378,1.0344473366785678e-06,180.03427889821145,-0.0019053599435352453,0.0030073072490313813
684.9000102058053,-1.0986840724945068,0.0032263994216918945,9.80968189239502,-7.987400749698281e-07,6.266503623919562e-05,1.6912207456698525e-06,180.03427889821145,-0.0019124121626106216,0.003007303685158489
685.0000102072954,-0.5685343146324158,0.00038063526153564453,9.80961799621582,3.1065428629517555e-07,-0.000905424531083554,3.2031266528065316e-09,180.03427889821145,-0.0019194129796886727,0.0030073001212855967
685.1000102087855,0.3173728585243225,-0.002696692943572998,9.809701919555664,4.463363438844681e-07,-0.0014069845201447606,-1.6351059457520023e-06,180.03427889821145,-0.0019264427189682465,0.0030072965574127045
685.2000102102757,0.9158246517181396,0.0019135475158691406,9.809942245483398,3.015156835317612e-08,-0.0010147694265469909,-2.5629362880863482e-06,180.03427889821145,-0.001933554290246775,0.0030072932676838806
685.3000102117658,0.766089677810669,-0.000488579273223877,9.810140609741211,8.825300028547645e-07,-0.0001324968907283619,-1.5630354255335988e-06,180.03427889821145,-0.0019407348087696619,0.0030072897038109885
685.4000102132559,0.0680643618106842,-0.0025335848331451416,9.810318946838379,2.6775524020195007e-08,0.0005031517939642072,-1.4607840626013058e-07,180.03427889821145,-0.001947921358450344,0.003007286139938096
685.500010214746,-0.5652385950088501,0.002879023551940918,9.810064315795898,1.9145081751048565e-06,0.00046548465616069734,8.598930207881494e-07,180.03427889821145,-0.0019550571914805914,0.003007282576065204
685.6000102162361,-0.7032433748245239,-0.002031266689300537,9.809830665588379,-1.089574652723968e-07,-6.605154339922592e-05,8.127863679874281e-07,180.03427889821145,-0.001962129697218984,0.0030072790121923117
685.7000102177262,-0.35813045501708984,0.002743631601333618,9.809772491455078,-2.9691727831959724e-07,-0.0006950243841856718,-1.70662687537515e-07,180.03427889821145,-0.001969170402276177,0.0030072757224634877
685.8000102192163,0.20994246006011963,-0.0001265406608581543,9.80978775024414,-7.672933861613274e-07,-0.000983710866421461,-1.5249158877850277e-06,180.03427889821145,-0.0019762297490899527,0.0030072721585905956
685.9000102207065,0.5705232620239258,-0.0028613805770874023,9.810038566589355,-1.1280062608420849e-06,-0.0007283830782398582,-1.5740162098154542e-06,180.03427889821145,-0.001983340223816299,0.003007268594717703
686.0000102221966,0.45317739248275757,0.0022152960300445557,9.810076713562012,-5.649053491652012e-08,-0.0001844272337621078,-1.1268959951848956e-06,180.03427889821145,-0.0019904916830455477,0.003007265030844811
686.1000102236867,0.03535199910402298,-1.237913966178894e-05,9.810173988342285,-9.181094355881214e-07,0.00019209044694434851,-5.535516152122e-07,180.03427889821145,-0.0019976461578892213,0.0030072614669719184
686.2000102251768,-0.3426373600959778,-0.002266138792037964,9.810073852539062,-1.1135271051898599e-06,0.0001648360484978184,5.128476345817035e-07,180.03427889821145,-0.002004769654433858,0.003007258177243095
686.3000102266669,-0.4204266667366028,0.0027844011783599854,9.809904098510742,-1.105639967136085e-06,-0.00017204054165631533,2.6103734285243263e-07,180.03427889821145,-0.002011855593238465,0.0030072546133702027
686.400010228157,-0.1978464424610138,-0.002360701560974121,9.809837341308594,-1.1594966053962708e-07,-0.000547837873455137,-4.1004170725500444e-07,180.03427889821145,-0.002018923712682863,0.00300725104949731
686.5000102296472,0.14250509440898895,0.0024174898862838745,9.809931755065918,-3.5815173760056496e-07,-0.0006948687951080501,-1.0530789040785749e-06,180.03427889821145,-0.002026004853973973,0.003007247485624418
686.6000102311373,0.32783082127571106,-0.00020316243171691895,9.809998512268066,-3.4907134249806404e-07,-0.0005311300046741962,-1.0493755553397932e-06,180.03427889821145,-0.0020331151916082035,0.0030072439217515255
686.7000102326274,0.2579040825366974,-0.0026575326919555664,9.810077667236328,9.046489140018821e-07,-0.00021720313816331327,-1.0355366839576163e-06,180.03427889821145,-0.002040248694413549,0.003007240632022702
686.8000102341175,0.010210959240794182,0.002503925934433937,9.810088157653809,6.606828719668556e-07,-7.55491328163771e-06,-1.5844565837142e-07,180.03427889821145,-0.002047383156707383,0.0030072370681498094
686.9000102356076,-0.2100730836391449,0.0001474320888519287,9.810047149658203,-1.947886630659923e-06,-3.166078749927692e-05,1.1428789292722286e-07,180.03427889821145,-0.0020544985660251314,0.0030072335042769173
687.0000102370977,-0.24023669958114624,-0.0023329704999923706,9.809897422790527,-3.151508281007409e-07,-0.00023489352315664291,-6.422391951588224e-09,180.03427889821145,-0.0020615925920708378,0.0030072299404040248
687.1000102385879,-0.10517076402902603,0.002578943967819214,9.809988975524902,1.0041403584182262e-06,-0.00044893461745232344,-4.860254989580426e-07,180.03427889821145,-0.002068677023089549,0.0030072263765311327
687.200010240078,0.09002991020679474,-0.0025482550263404846,9.809903144836426,-9.023933671414852e-07,-0.0005239921738393605,-8.075436426224769e-07,180.03427889821145,-0.0020757696784414748,0.003007223086802309
687.3000102415681,0.1877167522907257,0.0023881345987319946,9.810035705566406,6.892369128763676e-07,-0.00042193965055048466,-9.89028308140405e-07,180.03427889821145,-0.0020828793307146043,0.0030072195229294166
687.4000102430582,0.14525021612644196,-8.413195610046387e-05,9.810015678405762,1.7745624063536525e-06,-0.0002414641494397074,-7.859658239794953e-07,180.03427889821145,-0.0020900018677423304,0.0030072159590565244
687.5000102445483,-0.00234343484044075,0.03257501870393753,9.810078620910645,4.431791603565216e-05,-0.00012508549843914807,0.0014735384611412883,180.03957912500738,-0.002097124130642669,0.003007209379598877
687.6000102460384,-0.12252539396286011,0.007612086832523346,9.809981346130371,-4.105077823624015e-05,-0.0001452056021662429,-0.00016188040899578482,180.0442509743997,-0.0021042354277653885,0.0030072022518530923
687.7000102475286,-0.13512209057807922,-0.0023842602968215942,9.81000804901123,1.7677084542810917e-06,-0.0002659563615452498,-2.7993664843961596e-05,180.0442509743997,-0.0021113345254946125,0.003007195398251376
687.8000102490187,-0.052578359842300415,5.1349401473999023e-05,9.809951782226562,2.413580659776926e-07,-0.0003873934911098331,-5.199507995712338e-06,180.0442509743997,-0.0021184289627740327,0.0030071882705055915
687.9000102505088,0.05254325643181801,-3.0446797609329224e-05,9.809961318969727,-3.132154233753681e-07,-0.0004249024495948106,-1.4973477391322376e-06,180.0442509743997,-0.0021255281975669504,0.003007181142759807
688.0000102519989,0.11012066155672073,-0.037623330950737,9.810037612915039,-4.5623426558449864e-05,-0.0003624635573942214,-0.0014751559356227517,180.03957912500738,-0.0021326371644789788,0.0030071778530309833
688.100010253489,0.08017808198928833,0.02250845730304718,9.809988975524902,8.691239054314792e-05,-0.00025842091417871416,0.0016377249266952276,180.0442509743997,-0.002139753396221522,0.003007172096005542
688.2000102549791,-0.004894232377409935,0.02001437172293663,9.810039520263672,-4.356724093668163e-05,-0.0001939490612130612,-0.00013489571574609727,180.04847203130674,-0.0021468692167303516,0.0030071646941156886
688.3000102564692,-0.07503587752580643,-0.04499845206737518,9.810009956359863,-4.380458267405629e-05,-0.00020950683392584324,-0.0014954060316085815,180.03957912500738,-0.00215397818364238,0.003007161130242796
688.4000102579594,-0.08005061745643616,0.0025620311498641968,9.8100004196167,4.135147901251912e-05,-0.0002810081350617111,0.00015853767399676144,180.03957912500738,-0.0021610801598797025,0.0030071578405139725
688.5000102594495,-0.022520894184708595,2.512335777282715e-05,9.80997085571289,-3.15051875077188e-06,-0.0003505987988319248,2.6836485631065443e-05,180.03957912500738,-0.002168179805892123,0.0030071542766410804
688.6000102609396,0.03754396736621857,-0.0025140345096588135,9.80997085571289,9.684590622782707e-07,-0.0003689307486638427,4.145361799601233e-06,180.03957912500738,-0.0021752830157595326,0.003007150712768188
688.7000102624297,0.05760570243000984,0.002472899854183197,9.809981346130371,1.0682852007448673e-06,-0.0003301086835563183,1.8080191921399091e-07,180.03957912500738,-0.002182391434402575,0.0030071471488952958
688.8000102639198,0.04760407283902168,-2.0567327737808228e-05,9.810039520263672,-1.496518962085247e-07,-0.00026982053532265127,-3.131926007426955e-07,180.03957912500738,-0.002189504102233286,0.0030071435850224032
688.90001026541,-0.007433803286403418,-0.0024846517480909824,9.81006908416748,-8.942442946135998e-07,-0.00023630575742572546,-4.0197699036070844e-07,180.03957912500738,-0.0021966160847455285,0.0030071402952935797
689.0000102669001,-0.04248432815074921,0.002538200467824936,9.809942245483398,1.5871773939579725e-06,-0.0002451739856041968,-4.663007473482139e-07,180.03957912500738,-0.002203724229232762,0.003007136731420687
689.1000102683902,-0.050012074410915375,-0.0024568960070610046,9.810009956359863,1.1408701539039612e-07,-0.00028762914007529616,-9.835728320695125e-08,180.03957912500738,-0.002210827850333885,0.003007133167547795
689.2000102698803,-0.0024925200268626213,0.0025120822247117758,9.810009956359863,1.4129909686744213e-06,-0.00032715173438191414,-3.658918217297469e-07,180.03957912500738,-0.00221793119729341,0.0030071296036749025
689.3000102713704,0.01504677627235651,6.537884473800659e-07,9.809951782226562,-1.38636096380651e-06,-0.0003358184185344726,-5.125277198203548e-07,180.03957912500738,-0.0022250360520246204,0.0030071260398020104
689.4000102728605,0.035077884793281555,-0.002512402832508087,9.810009956359863,1.5629047993570566e-06,-0.0003128588723484427,-5.511483323061839e-07,180.03957912500738,-0.0022321439223702555,0.003007122750073187
689.5000102743506,0.025081148371100426,0.0024941246956586838,9.810019493103027,-1.2199452612549067e-06,-0.0002783247618936002,-4.2639672415134555e-07,180.03957912500738,-0.0022392541229407925,0.0030071191862002943
689.6000102758408,-0.002443866105750203,1.2082746252417564e-05,9.810029983520508,-5.121110007166862e-07,-0.0002591369266156107,-3.7881505932091386e-07,180.03957912500738,-0.0022463641864050032,0.003007115622327402
689.7000102773309,-0.02497589960694313,-0.0024732258170843124,9.80997085571289,-5.150213837623596e-07,-0.000266426766756922,-3.466504381322011e-07,180.03957912500738,-0.00225347178260904,0.0030071120584545096
689.800010278821,-0.027472633868455887,0.0025284066796302795,9.810049057006836,-3.16067598760128e-08,-0.00029082049150019884,-3.877889014347602e-07,180.03957912500738,-0.002260577048573964,0.0030071084945816175
689.9000102803111,-0.0024759043008089066,-0.0024879169650375843,9.809922218322754,-4.2808824218809605e-07,-0.0003128235402982682,-3.6203974218551593e-07,180.03957912500738,-0.002267681903319385,0.0030071052048527935
690.0000102818012,0.0075484090484678745,0.0025055520236492157,9.810009956359863,-1.094216713681817e-06,-0.0003175907477270812,-4.1863845012812817e-07,180.03957912500738,-0.0022747877175675058,0.0030071016409799014
690.1000102832913,0.022565484046936035,-4.241243004798889e-06,9.810009956359863,-9.505311027169228e-08,-0.00030308234272524714,-7.209441150735074e-07,180.03957912500738,-0.00228189558789893,0.0030070980771070093
690.2000102847815,0.010063854046165943,-0.002496078610420227,9.810009956359863,8.83184839040041e-07,-0.00028343035955913365,-7.312684147109394e-07,180.03957912500738,-0.0022890040065277617,0.0030070945132341168
690.3000102862716,-0.002432878129184246,0.0025120824575424194,9.81005859375,8.810602594166994e-07,-0.000273164885584265,-4.714309227438207e-07,180.03957912500738,-0.0022961124251423826,0.0030070909493612246
690.4000102877617,-0.012467253021895885,1.8612481653690338e-05,9.809883117675781,6.069021765142679e-07,-0.0002771160507109016,-3.9682117858319543e-07,180.03957912500738,-0.00230321974719061,0.0030070876596324007
690.5000102892518,-0.014968886971473694,-0.0024797525256872177,9.81006908416748,6.233749445527792e-07,-0.0002921953855548054,-2.1670825844921637e-07,180.03957912500738,-0.0023103255614529417,0.0030070840957595085
690.6000102907419,0.05134880170226097,0.002474479377269745,9.755420684814453,-2.2980384528636932e-07,0.0024128062650561333,-7.442228024956421e-07,180.03957912500738,-0.0023174363102924644,0.003007080531886616
690.700010292232,-0.03428836539387703,0.0350959450006485,9.842876434326172,4.4899352360516787e-05,-0.0003842761798296124,0.001475038006901741,180.0442509743997,-0.0023245443176875824,0.003007073952428969
690.8000102937222,-0.021671989932656288,0.0025294944643974304,9.832472801208496,-4.14341629948467e-05,-0.00048407362191937864,-0.00016358117864001542,180.0442509743997,-0.002331651228530518,0.0030070668246831842
690.9000102952123,-0.004045258741825819,1.0452931746840477e-05,9.812459945678711,4.190660547465086e-06,-0.0004368383379187435,-2.856537321349606e-05,180.04847203130674,-0.002338757591076046,0.0030070596969373996
691.0000102967024,-0.0524069108068943,5.132704973220825e-05,9.759414672851562,-1.7808051779866219e-06,-0.0018149393144994974,-5.4400134104071185e-06,180.0442509743997,-0.0023458592931717703,0.0030070528433356835
691.1000102981925,0.04039992764592171,0.002479303628206253,9.84833812713623,1.0962103260681033e-06,-0.00021521207236219198,-1.2055990055159782e-06,180.0442509743997,-0.002352965107419891,0.003007045715589899
691.2000102996826,0.03278254345059395,-0.002514878287911415,9.821220397949219,1.3062090147286654e-06,-0.00017717579612508416,-5.68895302421879e-07,180.0442509743997,-0.0023600733889566072,0.0030070388619881827
691.3000103011727,0.005162212997674942,-0.04005226492881775,9.810506820678711,-4.654951044358313e-05,-0.00020543261780403554,-0.0014734425349161029,180.03957912500738,-0.002367182218804942,0.0030070352981152906
691.4000103026628,-0.004864463582634926,0.025071630254387856,9.809014320373535,8.709738904144615e-05,-0.0002275334409205243,0.0016352384118363261,180.03957912500738,-0.002374290500341658,0.003007029541089849
691.500010304153,-0.012416446581482887,0.020020272582769394,9.809209823608398,-4.430688568390906e-05,-0.0002536735846661031,-0.00013548460265155882,180.04847203130674,-0.002381397685326192,0.003007022139199996
691.6000103056431,-0.019959459081292152,-0.004973940551280975,9.809541702270508,3.59184923581779e-06,-0.0002806631673593074,-2.3959790269145742e-05,180.0442509743997,-0.002388503225446925,0.00300701528559828
691.7000103071332,-0.004981085658073425,-0.037545427680015564,9.809746742248535,-4.475811147131026e-05,-0.00029998901300132275,-0.0014768323162570596,180.03957912500738,-0.00239560821725604,0.0030070117217253873
691.8000103086233,0.017554961144924164,-6.103701889514923e-05,9.809873580932617,-4.119036020711064e-06,-0.0003040964365936816,-0.0013106082333251834,180.03427889821145,-0.0024027148539431664,0.003007008157852495
691.9000103101134,0.015060684643685818,-0.002502533607184887,9.809961318969727,3.8850208511576056e-05,-0.0002953460207208991,0.0001909008715301752,180.03427889821145,-0.002409822587210897,0.0030070045939796027
692.0000103116035,0.005059786140918732,0.002502594143152237,9.809951782226562,-2.1302257664501667e-06,-0.0002835521590895951,3.2282929169014096e-05,180.03427889821145,-0.0024169311429034224,0.003007001304250779
692.1000103130937,5.847232387168333e-05,5.2251361921662465e-06,9.810029983520508,1.4134857337921858e-06,-0.00027885360759682953,5.2516511459543835e-06,180.03427889821145,-0.0024240394244401386,0.003006997740377887
692.2000103145838,-0.017466232180595398,-0.0024803224951028824,9.809931755065918,1.3274257071316242e-07,-0.00028359409770928323,5.669375582328939e-07,180.0279814637967,-0.0024311463352830742,0.0030069941765049945
692.3000103160739,-0.0024635978043079376,0.002511768601834774,9.810039520263672,2.9103830456733704e-07,-0.00029392290161922574,-2.7175718742000754e-07,180.0279814637967,-0.0024382529719702006,0.0030069906126321023
692.400010317564,0.0025337643455713987,-0.0024908678606152534,9.809961318969727,3.7447898648679256e-07,-0.0003016637056134641,-3.70798886706325e-07,180.0279814637967,-0.002445359608643116,0.00300698704875921
692.5000103190541,-0.0024391505867242813,0.022569483146071434,9.810019493103027,4.4444663217291236e-05,-0.0003016168193425983,0.0014720812905579805,180.03427889821145,-0.0024524662453302426,0.003006981840021906
692.6000103205442,0.007544361986219883,-0.012494501657783985,9.8100004196167,-4.062848165631294e-05,-0.00029530294705182314,-0.00016386137576773763,180.03427889821145,-0.0024595734303147765,0.0030069777278608763
692.7000103220344,0.01504491362720728,-0.009999358095228672,9.8100004196167,2.006127033382654e-06,-0.000287570379441604,-2.8780987122445367e-05,180.03957912500738,-0.002466681986007302,0.0030069741639879837
692.8000103235245,-0.012446906417608261,0.002518624998629093,9.810019493103027,4.964531399309635e-07,-0.00028475766885094345,-5.2460118240560405e-06,180.03957912500738,-0.0024737894451192233,0.0030069706001150916
692.9000103250146,-0.0074485428631305695,1.5355180948972702e-05,9.809990882873535,-5.916517693549395e-07,-0.00028786069015040994,-1.302073883380217e-06,180.03957912500738,-0.0024808960818063497,0.0030069673103862676
693.0000103265047,-0.0024501788429915905,-0.002487914403900504,9.810009956359863,-6.441259756684303e-07,-0.00029373588040471077,-6.112990718065703e-07,180.03957912500738,-0.0024880029926208636,0.0030069637465133755
693.1000103279948,0.002553089987486601,0.0025088144466280937,9.809961318969727,-1.231383066624403e-07,-0.0002981593133881688,-5.907175477659621e-07,180.03957912500738,-0.00249510962930799,0.003006960182640483
693.2000103294849,-0.0024501788429915905,-0.002487914403900504,9.810009956359863,1.5425030142068863e-08,-0.00029741061734966934,-4.77521211905696e-07,180.03957912500738,-0.0025022162659809055,0.003006956618767591
693.300010330975,0.002553089987486601,0.0025088144466280937,9.809990882873535,-3.942986950278282e-07,-0.00029376562451943755,-3.6304234640738287e-07,180.03957912500738,-0.002509322902682243,0.0030069530548946987
693.4000103324652,-0.002448543906211853,1.2085307389497757e-05,9.810019493103027,-4.82628820464015e-07,-0.00028947641840204597,-6.550495186274929e-07,180.03957912500738,-0.002516429539369369,0.0030069497651658748
693.5000103339553,0.002549820113927126,-0.002491184277459979,9.810019493103027,2.3294705897569656e-07,-0.00028782832669094205,-3.296161423804733e-07,180.03957912500738,-0.002523536450183883,0.0030069462012929826
693.6000103354454,-0.0024469089694321156,0.002512084785848856,9.809990882873535,-1.3361568562686443e-07,-0.0002904209541156888,-2.717313520861353e-07,180.03957912500738,-0.0025306430868710095,0.00300694263742009
693.7000103369355,0.0025514550507068634,8.815200999379158e-06,9.809990882873535,-2.230517566204071e-07,-0.0002934185031335801,-2.0226460151206993e-07,180.03957912500738,-0.002537749723558136,0.003006939073547198
693.8000103384256,-0.002450179308652878,-0.002487914403900504,9.809990882873535,7.589987944811583e-07,-0.00029571683262474835,-2.447127940286009e-07,180.03957912500738,-0.002544856360259473,0.0030069355096743054
693.9000103399158,0.002553090453147888,0.002508814912289381,9.810009956359863,1.1343508958816528e-06,-0.0002950710477307439,-6.460585950662789e-07,180.03957912500738,-0.0025519629969323887,0.003006932219945482
694.0000103414059,-0.002450179308652878,-0.002487914403900504,9.809981346130371,-2.0253355614840984e-07,-0.000293076183879748,-2.2156137902129558e-07,180.03957912500738,-0.0025590699077611134,0.0030069286560725898
694.100010342896,0.002553090453147888,0.002508814912289381,9.810019493103027,-1.7895945347845554e-06,-0.00029023090610280633,-4.492389962251764e-07,180.03957912500738,-0.002566176544434029,0.0030069250921996972
694.2000103443861,-0.002448543906211853,1.2085307389497757e-05,9.810019493103027,-2.1979212760925293e-07,-0.0002897969970945269,-8.649254112924609e-08,180.03957912500738,-0.0025732831811211554,0.003006921528326805
694.3000103458762,0.0025498198810964823,-0.0024911845102906227,9.809981346130371,-1.8067366909235716e-06,-0.0002913298667408526,-6.177481282065855e-07,180.03957912500738,-0.0025803898178224927,0.0030069179644539126
694.4000103473663,-0.002446908736601472,0.0025120850186794996,9.810009956359863,9.134237188845873e-07,-0.0002926655288320035,-5.534352567337919e-07,180.03957912500738,-0.002587496454495408,0.003006914674725089
694.5000103488564,0.0025514550507068634,8.815200999379158e-06,9.809981346130371,1.925713149830699e-06,-0.0002946711319964379,-7.425284138662391e-07,180.03957912500738,-0.002594603365324133,0.0030069111108521965
694.6000103503466,4.9820635467767715e-05,-0.002489549107849598,9.810009956359863,-9.538198355585337e-07,-0.00029424665262922645,-5.135523224453209e-07,180.03957912500738,-0.0026017100020112593,0.0030069075469793044
694.7000103518367,-0.09260283410549164,0.00257081538438797,9.810029029846191,-1.8401624402031302e-06,2.4740680601098575e-05,4.439831968738872e-08,180.03427889821145,-0.0026088086885209805,0.003006903983106412
694.8000103533268,-0.5531911849975586,-0.0021289587020874023,9.81015682220459,9.747454896569252e-07,0.0005241798935458064,1.2646711411434808e-06,180.03427889821145,-0.0026158574808050616,0.0030069004192335197
694.9000103548169,-1.2541491985321045,0.00332796573638916,9.809916496276855,-1.0192161425948143e-06,0.0006979585159569979,2.8389374620019225e-06,180.03427889821145,-0.0026227935998690555,0.003006897129504696
695.000010356307,-1.6975231170654297,0.0011167526245117188,9.809534072875977,9.96515154838562e-08,0.00034686471917666495,3.298551291663898e-06,180.03427889821145,-0.002629577843137554,0.0030068935656318036
695.1000103577971,-1.6553773880004883,0.02379930019378662,9.809316635131836,4.089297726750374e-05,-0.0002835661289282143,0.0013841312611475587,180.0442509743997,-0.0026362135003239473,0.003006887808606362
695.2000103592873,-1.2101538181304932,0.0009504556655883789,9.809468269348145,-4.015472950413823e-05,-0.0008420799276791513,-0.00015897898992989212,180.04847203130674,-0.002642740596428439,0.0030068823257249893
695.3000103607774,-0.6720672249794006,-0.024472475051879883,9.809723854064941,3.6456622183322906e-06,-0.0010016885353252292,-2.5254459615098312e-05,180.04847203130674,-0.0026492073808697114,0.003006878761852097
695.4000103622675,-0.4290132224559784,0.03293675184249878,9.809952735900879,4.0066312067210674e-05,-0.0006886966875754297,0.0013610735768452287,180.05235157875532,-0.0026556363334009347,0.003006872456538518
695.5000103637576,-0.5789567828178406,0.013026833534240723,9.810089111328125,-3.882871533278376e-05,-0.00018771362374536693,-0.00016287420294247568,180.05235157875532,-0.002662012924446344,0.003006865054648665
695.6000103652477,-0.9943171739578247,-0.004109084606170654,9.809953689575195,3.60565900336951e-06,0.0001086309421225451,-2.465535726514645e-05,180.05235157875532,-0.002668300418648073,0.0030068579269028803
695.7000103667378,-1.3197649717330933,0.003678560256958008,9.809735298156738,7.684775482630357e-07,3.0024064471945167e-05,-1.6259016319963848e-06,180.05235157875532,-0.0026744694826135174,0.0030068510733011642
695.800010368228,-1.359999179840088,-0.0012859106063842773,9.809585571289062,1.6047852113842964e-06,-0.000312619871692732,1.904199166347098e-06,180.05235157875532,-0.0026805168266292867,0.00300684394555538
695.9000103697181,-1.0923693180084229,-0.014023065567016602,9.809611320495605,-6.064074113965034e-07,-0.0006809485494159162,1.4773792145206244e-06,180.05235157875532,-0.0026864663011707535,0.003006838462674007
696.0000103712082,-0.7394790053367615,-0.021835684776306152,9.809736251831055,-3.2264506444334984e-07,-0.0008235866553150117,6.285568474595493e-07,180.05235157875532,-0.0026923491587353965,0.0030068348988011146
696.1000103726983,-0.5240799784660339,-0.0020263195037841797,9.809954643249512,-4.784669727087021e-08,-0.0006500390591099858,6.33546562767151e-07,180.05235157875532,-0.002698185411802001,0.0030068313349282225
696.2000103741884,-0.6014761924743652,0.0030423998832702637,9.80999755859375,-1.3597309589385986e-07,-0.00030963763128966093,8.596094289714529e-07,180.05235157875532,-0.00270396765850478,0.00300682777105533
696.3000103756785,-0.8666896224021912,-0.0017226338386535645,9.80993938446045,-1.3720491551794112e-06,-7.497755723306909e-05,1.8395350025457446e-06,180.05235157875532,-0.002709672048268885,0.0030068244813265064
696.4000103771687,-1.109493374824524,0.0034923553466796875,9.809832572937012,-1.3854296412318945e-06,-9.914847032632679e-05,1.8163916593039175e-06,180.05235157875532,-0.0027152769237659413,0.003006820917453614
696.5000103786588,-1.1621679067611694,0.0010389089584350586,9.80969524383545,-6.570189725607634e-07,-0.0003366701421327889,1.8217914430351811e-06,180.05235157875532,-0.0027207778986308995,0.0030068173535807217
696.6000103801489,-0.979581356048584,-0.001622915267944336,9.809675216674805,-4.4191256165504456e-07,-0.0006117401062510908,1.003953002509661e-06,180.05235157875532,-0.002726191147402801,0.0030068137897078296
696.700010381639,-0.7017792463302612,0.0031310319900512695,9.809814453125,1.1122901923954487e-06,-0.0007327339262701571,9.501093245489756e-07,180.05235157875532,-0.0027315410689112696,0.003006810225834937
696.8000103831291,-0.5389888882637024,0.0004870295524597168,9.809938430786133,-8.828938007354736e-07,-0.0006106661166995764,7.415360414597671e-07,180.05235157875532,-0.0027368430151852863,0.0030068069361061135
696.9000103846192,-0.5839075446128845,-0.001973092555999756,9.809956550598145,-1.6925041563808918e-06,-0.00034802823211066425,9.084948828785855e-07,180.05235157875532,-0.0027420925999592782,0.003006803372233221
697.0000103861094,-0.7915596961975098,0.0032108426094055176,9.809982299804688,1.3158860383555293e-06,-0.00015985866775736213,1.0576312661214615e-06,180.05235157875532,-0.0027472711814056083,0.003006799808360329
697.1000103875995,-0.9918096661567688,-0.0016118288040161133,9.809865951538086,2.470769686624408e-07,-0.00017949564789887518,1.3560543266066816e-06,180.05235157875532,-0.0027523606660508904,0.0030067962444874363
697.2000103890896,-1.0169411897659302,0.00341033935546875,9.809720993041992,-7.750059012323618e-07,-0.00037579258787445724,1.4848346836515702e-06,180.05235157875532,-0.002757359134832882,0.003006792680614544
697.3000103905797,-0.8643493056297302,0.0007751584053039551,9.809779167175293,-7.341150194406509e-07,-0.0006064549088478088,1.3306978416949278e-06,180.05235157875532,-0.0027622800208604303,0.0030067893908857207
697.4000103920698,-0.6415903568267822,-0.0019221305847167969,9.80983829498291,4.493631422519684e-08,-0.0007030941778793931,6.156110430310946e-07,180.05235157875532,-0.00276714361076813,0.003006785827012828
697.5000103935599,-0.49134042859077454,0.0029449164867401123,9.809924125671387,1.0923831723630428e-06,-0.0005834775511175394,7.184386277003796e-07,180.05235157875532,-0.002771963063480598,0.003006782263139936
697.60001039505,-0.5487956404685974,0.0004958510398864746,9.809996604919434,-5.179608706384897e-07,-0.00034509002580307424,-1.4111699897512153e-07,180.05235157875532,-0.0027767334444206426,0.0030067786992670435
697.7000103965402,-0.7564544677734375,-0.0018202662467956543,9.809996604919434,9.992218110710382e-07,-0.00018961945897899568,1.0756535857581184e-06,180.05235157875532,-0.0027814358376190285,0.0030067751353941513
697.8000103980303,-0.9141746163368225,0.0033195018768310547,9.809844017028809,1.2439850252121687e-06,-0.00022964309027884156,5.328548127181421e-07,180.05235157875532,-0.0027860562617547657,0.0030067718456653274
697.9000103995204,-0.9242783188819885,-0.00167161226272583,9.809783935546875,-7.636845111846924e-07,-0.00042742592631839216,1.024383095682424e-06,180.05235157875532,-0.002790593894374638,0.0030067682817924352
698.0000104010105,0.33188560605049133,0.002215653657913208,9.808692932128906,-1.660664565861225e-07,-0.00023891491582617164,8.144153298417223e-07,180.05235157875532,-0.002795161408698732,0.0030067647179195427
698.1000104025006,-0.49817895889282227,0.0004515349864959717,9.808443069458008,-9.631039574742317e-07,-0.0018452273216098547,5.838505217070633e-07,180.05235157875532,-0.0027996842375301867,0.0030067611540466506
698.2000104039907,-4.8523945808410645,0.0018067359924316406,9.788711547851562,8.642673492431641e-07,0.012121199630200863,5.361656349123223e-06,180.04847203130674,-0.0028037717255955386,0.003006757590173758
698.3000104054809,-8.086566925048828,0.009673118591308594,9.819616317749023,1.0496005415916443e-06,-0.004123499151319265,-1.041488985720207e-06,180.04847203130674,-0.0028071338284405556,0.0030067543004449345
698.400010406971,1.903967261314392,-0.011579632759094238,9.816573143005371,-1.724017783999443e-05,-0.006139939650893211,-0.0009416691027581692,180.0442509743997,-0.002810666997191902,0.0030067512848601795
698.5000104084611,4.094510555267334,0.006688594818115234,9.808812141418457,2.4710316210985184e-05,-0.00496301706880331,0.0002673442359082401,180.04847203130674,-0.002814567793151923,0.003006747995131356
698.6000104099512,4.630396842956543,-0.0034322738647460938,9.806612968444824,-2.8489623218774796e-05,-0.002040594583377242,-0.001101117581129074,180.0442509743997,-0.002818884465654037,0.0030067444312584634
698.7000104114413,2.2013742923736572,-0.0039479732513427734,9.841076850891113,2.5280751287937164e-05,0.011228728108108044,-0.0007450813427567482,180.03427889821145,-0.002823398247727482,0.0030067408673855713
698.8000104129314,-17.444122314453125,-0.027044296264648438,9.723827362060547,2.331659197807312e-05,0.022324727848172188,-0.00029439799254760146,180.03427889821145,-0.0028263463930500166,0.0030067408673855713
698.9000104144216,-16.31186866760254,-0.3577747344970703,9.79643440246582,-0.0005170237272977829,-0.00906608160585165,-0.026601117104291916,179.89721066194764,-0.0028278308831772847,0.0030067702008009156
699.0000104159117,3.3665900230407715,-0.13826227188110352,9.81398868560791,0.0002943575382232666,-0.009891746565699577,-0.03421923890709877,179.74358604713572,-0.002829618850782367,0.0030068135155637606
699.1000104174018,4.92267370223999,-0.0549769401550293,9.811314582824707,-4.395609721541405e-05,-0.00715335737913847,-0.033510152250528336,179.58362301677403,-0.0028318490127929863,0.0030068647805045964
699.2000104188919,5.8066229820251465,-0.08754348754882812,9.807202339172363,-0.00011770660057663918,-0.004610723815858364,-0.02958386391401291,179.42528557143478,-0.0028346000485015566,0.0030069289302166583
699.300010420382,5.960302829742432,-0.0816030502319336,9.80508041381836,-0.00015091034583747387,-0.0024217236787080765,-0.029633911326527596,179.26245386162168,-0.0028378856651727347,0.0030070070612762206
699.4000104218721,5.679645538330078,-0.06958770751953125,9.80429458618164,-0.0001397421583533287,-0.0011245589703321457,-0.028096014633774757,179.10452622763265,-0.0028416803673678714,0.003007099721971421
699.5000104233623,5.495833396911621,-0.07340097427368164,9.803994178771973,-0.00012908977805636823,-0.0004933947348035872,-0.025696545839309692,178.95807331144923,-0.0028459677064489597,0.0030072080088785337
699.6000104248524,4.9551167488098145,-0.05460786819458008,9.837059020996094,-0.00010905181989073753,0.0031975379679352045,-0.021433735266327858,178.83047171737505,-0.0028506988847851744,0.00300732972884501
699.7000104263425,1.9667937755584717,-0.04414331912994385,9.775145530700684,-0.00016423838678747416,0.001079067005775869,-0.02078956738114357,178.71853857725688,-0.0028556057894633113,0.0030074593989894765
699.8000104278326,3.1341464519500732,-1.675402045249939,9.801820755004883,-0.0074603077955543995,-0.0013117329217493534,-0.18897134065628052,177.9569451640438,-0.0028607882089062286,0.0030077488951259605
699.9000104293227,4.906512260437012,-1.661898136138916,9.805306434631348,0.0002686375519260764,-0.0008621457382105291,-0.15844210982322693,176.95219701637822,-0.0028664021311470833,0.00300821055373755
700.0000104308128,5.62005615234375,-0.4109025001525879,9.805562973022461,0.00019181589595973492,-0.0006558371242135763,-0.13270002603530884,176.1614113746525,-0.002872516092168098,0.003008741570798506
700.100010432303,5.256511211395264,-0.3565549850463867,9.805193901062012,-8.245365461334586e-05,-0.0005579376593232155,-0.09286903589963913,175.55564189716407,-0.0028790977429622444,0.0030093411238766216
700.2000104337931,4.87303352355957,-2.8609023094177246,9.800697326660156,-0.014794629067182541,0.0016339384019374847,-0.41770777106285095,174.0243408060039,-0.0028860870459936905,0.003010240042277692
700.3000104352832,3.464987277984619,-4.577976226806641,9.797966957092285,-0.003622136078774929,0.0034201403614133596,-0.4449765384197235,171.56152485545903,-0.002893323352807897,0.003011589653527607
700.4000104367733,0.4204978942871094,-5.441687107086182,9.792831420898438,-0.014657853171229362,0.007559622637927532,-0.7245325446128845,168.18857253763161,-0.0029004968806276565,0.003013422306626465
700.5000104382634,-1.859217643737793,-5.807642936706543,9.791908264160156,0.00025138980709016323,0.005020787473767996,-0.607871949672699,164.50983265066276,-0.0029073707690088213,0.003015710587167403
700.6000104397535,-2.3434088230133057,-4.941476821899414,9.792224884033203,-0.0038428776897490025,0.004036285914480686,-0.6543368697166443,160.91175729779175,-0.0029139017031525327,0.003018346756531445
700.7000104412436,-2.0428245067596436,-5.843416690826416,9.787256240844727,-0.003727508010342717,0.0023779377806931734,-0.6994664072990417,157.05100652982037,-0.0029200606237793636,0.0030213916747018296
700.8000104427338,-0.4274251461029053,-5.975329399108887,9.78588581085205,-0.004027378745377064,0.0005988664925098419,-0.7373539209365845,152.96361642480963,-0.00292594293306081,0.0030248944134668426
700.9000104442239,1.6359295845031738,-6.151564121246338,9.784198760986328,-0.004066152032464743,0.0005966790486127138,-0.7768058180809021,148.64945037897616,-0.002931665416340934,0.0030289426989284496
701.000010445714,2.288306951522827,-6.2737226486206055,9.783185958862305,-0.003473837859928608,0.0027477287221699953,-0.8068455457687378,144.13867050769466,-0.0029372261546143363,0.00303356476792572
701.1000104472041,0.8882993459701538,-6.310896396636963,9.783381462097168,-0.0026600195560604334,0.00511331669986248,-0.8148306012153625,139.53879764887955,-0.002942482044701933,0.0030386668631871786
701.2000104486942,-1.1477055549621582,-6.342095851898193,9.782831192016602,-0.0020918233785778284,0.005717502441257238,-0.80718994140625,134.9601530180048,-0.0029472650362549757,0.003044096012322525
701.3000104501843,-1.835143804550171,-4.566110134124756,9.793386459350586,0.004157682415097952,0.0028662108816206455,-0.6016597747802734,131.1579916127338,-0.002951632973690721,0.0030496690870939073
701.4000104516745,-1.698831558227539,-4.862374305725098,9.79071044921875,-0.0036515523679554462,0.0022096256725490093,-0.6700095534324646,127.52730893676515,-0.0029555644737797593,0.0030553855392131883
701.5000104531646,-0.6833820343017578,-6.3168416023254395,9.783713340759277,-0.004327644128352404,0.0013204814167693257,-0.7480036020278931,123.45452177619991,-0.0029589918229220302,0.00306136187990954
701.6000104546547,0.9028003215789795,-6.522336959838867,9.781754493713379,-0.004078537225723267,0.001201447332277894,-0.8001239895820618,119.03235677921018,-0.002961949563257349,0.003067691592310369
701.7000104561448,1.1624760627746582,-8.261842727661133,9.765974044799805,-0.013892064802348614,0.006039843894541264,-1.0711613893508911,113.66359586514838,-0.002964273756674629,0.0030744130565852844
701.8000104576349,0.6694538593292236,-8.094890594482422,9.770282745361328,0.0012895665131509304,0.004643192049115896,-0.9272836446762085,108.09221738935814,-0.0029659295868498248,0.003081416066818693
701.900010459125,0.44043371081352234,-4.404064655303955,9.79302978515625,0.004713860340416431,0.0033156757708638906,-0.6859241127967834,103.7429646617583,-0.0029672139518197582,0.0030885506662050484
702.0000104606152,-0.5704026818275452,-2.940631628036499,9.800926208496094,0.004222252406179905,0.0023668063804507256,-0.4968035817146301,100.58551164243397,-0.0029682318487260773,0.0030956830724388554
702.1000104621053,-1.4249217510223389,-3.9236409664154053,9.797093391418457,-0.0017618879210203886,0.002254321938380599,-0.5359597206115723,97.63968520435331,-0.002968886230632961,0.003102735428604619
702.2000104635954,-1.0601967573165894,-2.9443774223327637,9.802484512329102,0.004185524303466082,5.4728257964598015e-05,-0.37220078706741333,95.22679793664125,-0.002969270854748629,0.003109716781456605
702.3000104650855,0.01517497468739748,-1.267985463142395,9.807353019714355,0.0034541443455964327,-0.00129896926227957,-0.24666756391525269,93.60862366942769,-0.002969543353955828,0.0031167069069187874
702.4000104665756,0.9388711452484131,-0.9242891669273376,9.808603286743164,0.0024105675984174013,-0.001332277082838118,-0.17238423228263855,92.50241306164159,-0.0029697377221253873,0.0031237847584829346
702.5000104680657,1.0527231693267822,-0.7209792137145996,9.809431076049805,0.0018100746674463153,-0.00043558282777667046,-0.12406668812036514,91.71492640128497,-0.002969870681980069,0.003130958834615175
702.6000104695559,0.3616618812084198,-0.6067329049110413,9.809867858886719,0.0011527091264724731,0.0004944368847645819,-0.09747640788555145,91.11616469788497,-0.0029699507320515295,0.0031381663563237886
702.700010471046,-0.4773811995983124,-0.3967568278312683,9.810029029846191,0.0012674819445237517,0.0006878962740302086,-0.06410177797079086,90.69351942223375,-0.0029699948692467615,0.003145331659845832
702.8000104725361,-0.8599178194999695,-0.2172020524740219,9.809762954711914,0.0009361901902593672,0.00019886496011167765,-0.041577279567718506,90.41792128922374,-0.002970019268076385,0.003152419928884588
702.9000104740262,-0.6140373945236206,-0.14989066123962402,9.809691429138184,0.0006445084582082927,-0.0005629007355310023,-0.027833180502057076,90.23597187992377,-0.0029700302338113715,0.0031594530949655467
703.0000104755163,0.031929682940244675,-0.11425838619470596,9.80971908569336,0.00044576064101420343,-0.0010941271902993321,-0.01917867362499237,90.11213372008227,-0.0029700313303919756,0.003166489002487192
703.1000104770064,0.6128966212272644,-0.07646893709897995,9.809876441955566,0.00031375023536384106,-0.0009873657254502177,-0.013501343317329884,90.02571816670327,-0.0029700252992341802,0.003173580012966634
703.2000104784966,0.6483162045478821,0.004544626455754042,9.8101224899292,0.00039032523636706173,-0.00037760904524475336,-0.004024961031973362,89.98593231478795,-0.002970020090486969,0.003180729416132696
703.3000104799867,0.2205863893032074,-0.0052758133970201015,9.810192108154297,0.00013703886361327022,0.00019849282398354262,-0.0030115649569779634,89.96707416248954,-0.0029700140593291735,0.003187898283527632
703.4000104814768,-0.3049863874912262,-0.015526354312896729,9.810117721557617,9.177585161523893e-05,0.0003239507495891303,-0.0022898190654814243,89.95285370863756,-0.0029700072057181615,0.0031950400106597722
703.5000104829669,-0.5279669761657715,0.0019428394734859467,9.809975624084473,0.00012873762170784175,6.550218131451402e-06,0.0004308735078666359,89.9503197084555,-0.002970000077979762,0.003202134310868038
703.600010484457,-0.355511873960495,-0.0004535931220743805,9.809786796569824,-1.5168971913226414e-05,-0.0004709776840172708,-0.0013893855502828956,89.94579812322495,-0.0029699929502413625,0.0032091965362202727
703.7000104859471,0.04733799770474434,1.1443689800216816e-05,9.809884071350098,6.368042522808537e-05,-0.0007722582668066025,0.00017839294741861522,89.94396763252739,-0.0029699860966303504,0.003216263147877606
703.8000104874372,0.3577946126461029,-0.0021696442272514105,9.809941291809082,1.2511314707808197e-05,-0.0006889840587973595,2.9111806725268252e-05,89.94439793444509,-0.002969978968891951,0.00322336183439097
703.9000104889274,0.38548964262008667,0.015387114137411118,9.810088157653809,5.333059743861668e-05,-0.00032613836810924113,0.0014848471619188786,89.95016261410458,-0.002969973211875754,0.0032304950630569823
704.0000104904175,0.11533476412296295,0.025147221982479095,9.81009292602539,9.419385605724528e-06,4.354563316155691e-06,0.0013155745109543204,89.95788755805587,-0.002969969647992343,0.003237638709197603
704.1000104919076,-0.18249468505382538,0.002381652593612671,9.81006908416748,-3.613077933550812e-05,7.089907740009949e-05,-0.00018840424309019,89.95956095440252,-0.0029699660841231434,0.003244765906694106
704.2000104933977,-0.32525402307510376,-0.010221508331596851,9.81001091003418,3.06795550386596e-06,-0.00012648358824662864,-3.2197920518228784e-05,89.95910333172813,-0.0029699619719565362,0.0032518640449193323
704.3000104948878,-0.19026654958724976,0.00737483985722065,9.809907913208008,-1.0366885305757023e-07,-0.0004113956820219755,-5.733653324568877e-06,89.95910333172813,-0.0029699584080731256,0.003258944912068235
704.400010496378,0.03493550419807434,0.002535485662519932,9.80982494354248,2.484077015196817e-07,-0.00057353446027264,-1.808849106055277e-06,89.95901453926892,-0.002969954844203926,0.0032660290689459606
704.5000104978681,0.21019819378852844,-0.0023393307346850634,9.810026168823242,2.3282889571873966e-07,-0.0005030494648963213,-1.0756928077171324e-06,89.95901453926892,-0.002969951280334726,0.003273132141764423
704.6000104993582,0.2228051871061325,0.00021038728300482035,9.810032844543457,4.654075382859446e-05,-0.0003013043606188148,0.0014763767831027508,89.96466310571252,-0.0029699477164655264,0.0032802549529558273
704.7000105008483,0.055209290236234665,0.002599664032459259,9.810096740722656,5.4028159865993075e-06,-0.00011546593304956332,0.0013122598174959421,89.97238121947464,-0.002969944426723714,0.0032873829728845357
704.8000105023384,-0.12498950213193893,-0.0025409830268472433,9.810039520263672,-4.0328373870579526e-05,-8.444798731943592e-05,-0.0001898423070088029,89.9740272950646,-0.0029699408628545143,0.0032944997529064297
704.9000105038285,-0.1726369857788086,0.002436107723042369,9.809978485107422,2.617497784740408e-06,-0.0002095016825478524,-3.292341352789663e-05,89.97356967239021,-0.0029699372989853146,0.003301600906716411
705.0000105053186,-0.10764039307832718,0.012533985078334808,9.809920310974121,4.290416109142825e-05,-0.00036764482501894236,0.0014638940338045359,89.97912261618544,-0.002969935105838317,0.003308692191339922
705.1000105068088,0.029992839321494102,-0.009974448941648006,9.80997085571289,-4.2726700485218316e-05,-0.0004564271366689354,-0.00016620210953988135,89.98113752199059,-0.002969932090252314,0.003315786491548188
705.2000105082989,0.13013797998428345,5.943643918726593e-05,9.81000804901123,2.7156957003171556e-06,-0.00041436226456426084,-2.9185750463511795e-05,89.98071405026205,-0.002969928800510502,0.003322892305807336
705.300010509789,0.11269814521074295,-0.004946334287524223,9.810017585754395,-1.8576579350337852e-06,-0.0002916419180110097,-5.626497568300692e-06,89.98065257855951,-0.002969925236655513,0.0033300082633970244
705.4000105112791,0.03513714671134949,0.002522287890315056,9.810057640075684,-1.942658656162166e-08,-0.0001871361309895292,-1.1489951248222496e-06,89.98061842761368,-0.0029699219469279114,0.0033371275107155363
705.5000105127692,-0.07248613983392715,0.03005577251315117,9.810019493103027,4.536406777333468e-05,-0.00017403617675881833,0.0014715922297909856,89.98626699405727,-0.0029699211244889057,0.0033442404527204697
705.6000105142593,-0.10256320983171463,0.0024947654455900192,9.809980392456055,-4.057015758007765e-05,-0.0002457769587635994,-0.00016281548596452922,89.9883092206191,-0.0029699208503473074,0.0033513437996830005
705.7000105157495,-0.06255853176116943,0.004997267387807369,9.80997085571289,1.331926569037023e-06,-0.00034055684227496386,-2.8400081646395847e-05,89.98791306964725,-0.0029699208503473074,0.00335844138962009
705.8000105172396,0.02501753903925419,1.5749914382467978e-05,9.809981346130371,2.2196871896085213e-07,-0.00038730716914869845,-5.3744465731142554e-06,89.98785159794471,-0.0029699208503473074,0.0033655417209978657
705.9000105187297,0.07260057330131531,2.5857943910523318e-05,9.809980392456055,3.755948441153123e-08,-0.0003597735776565969,-1.5668874766561203e-06,89.98782427718804,-0.0029699208503473074,0.0033726480835451515
706.0000105202198,0.06763214617967606,2.4795379431452602e-05,9.810018539428711,-1.4495645928036538e-06,-0.00028848732472397387,-7.243942263812642e-07,89.98782427718804,-0.0029699208503473074,0.003379760751406016
706.1000105217099,0.012594154104590416,0.005074576940387487,9.810039520263672,4.4653002987615764e-05,-0.00023045140551403165,0.0014730574330314994,89.99346601344247,-0.0029699211244889057,0.003386874515843155
706.2000105232,-0.042473204433918,-0.004925982095301151,9.810009956359863,3.3776807413232746e-06,-0.00022497112513519824,0.0013091099681332707,90.00117046682624,-0.0029699211244889057,0.0033939844422633332
706.3000105246902,-0.06002114340662956,-0.004981382749974728,9.809981346130371,-3.8895381294423714e-05,-0.0002679751196410507,-0.00019118083582725376,90.00280971222705,-0.0029699208503473074,0.0034010888858021387
706.4000105261803,-0.04682926833629608,-0.6806269884109497,9.80979061126709,-0.002216633874922991,-0.00028673282940872014,-0.07170623540878296,89.72924697558969,-0.002969859442089273,0.003408189217179914
706.5000105276704,0.012752660550177097,-0.5147835612297058,9.809865951538086,0.00029247792554087937,-0.0003510417300276458,-0.04811552166938782,89.41507193414745,-0.0029697519775879755,0.003415289822701759
706.6000105291605,0.056542690843343735,-0.10833334922790527,9.80996322631836,0.0003671025042422116,-0.000340768980095163,-0.027865970507264137,89.22116286361079,-0.0029696351922297026,0.003422395636960907
706.7000105306506,0.053739819675683975,-0.07280337065458298,9.810001373291016,0.00021049393399152905,-0.000287114322418347,-0.017942924052476883,89.10192825126987,-0.002969511553246207,0.003429505837525154
706.8000105321407,0.008520263247191906,-0.055712927132844925,9.810044288635254,0.00014420432853512466,-0.00024363287957385182,-0.012574367225170135,89.02124322660451,-0.002969383253827118,0.0034366168605216066
706.9000105336308,-0.03378964960575104,-0.06625811010599136,9.80998706817627,0.00011685270146699622,-0.00023986441374290735,-0.009022696875035763,88.96386963757641,-0.002969248923236023,0.0034437248679333047
707.000010535121,-0.3237106502056122,-2.284722328186035,9.80724811553955,-0.013436660170555115,0.0008918715757317841,-0.3105280101299286,87.99682413412931,-0.0029689117260431885,0.003450796688327942
707.1000105366111,-0.7281874418258667,-4.2537102699279785,9.8024263381958,-0.003876343835145235,0.000638573314063251,-0.38000985980033875,85.97945946087435,-0.002968199225605872,0.0034577763963155156
707.2000105381012,-0.30632516741752625,-2.2602672576904297,9.806442260742188,0.0004897919134236872,-0.00023527334269601852,-0.29585346579551697,84.15853785833812,-0.0029672890672856056,0.003464708677379215
707.3000105395913,0.21037711203098297,-1.240181565284729,9.808401107788086,0.0011059226235374808,-0.0006362664862535894,-0.21452568471431732,82.80166613820172,-0.002966266784071081,0.0034716456188920814
707.4000105410814,0.3607325851917267,-2.9306640625,9.804288864135742,-0.0074333916418254375,7.675244705751538e-05,-0.3929729461669922,80.98852412113014,-0.0029649815966621418,0.0034785735136506827
707.5000105425715,0.39976638555526733,-5.081208229064941,9.796504974365234,-0.00666402792558074,0.0010949554853141308,-0.5457207560539246,78.20306369457222,-0.002963244071565896,0.0034854438381548697
707.6000105440617,0.3338334858417511,-5.1649699211120605,9.794493675231934,-0.00416423799470067,0.0018103524344041944,-0.6011170148849487,74.90811213706637,-0.002961053386300705,0.003492223146828268
707.7000105455518,0.011234700679779053,-5.066213607788086,9.793800354003906,-0.0034332124050706625,0.002368241548538208,-0.630544126033783,71.39947811137667,-0.002958433939724614,0.0034988590781537677
707.8000105470419,-0.09165668487548828,-3.4321062564849854,9.801164627075195,0.002823058981448412,0.0011844065738841891,-0.46123069524765015,68.46948405179211,-0.0029555329472117364,0.0035053749343772027
707.900010548532,-0.43953025341033936,-4.0118865966796875,9.797872543334961,-0.004875526763498783,0.001974473474547267,-0.5627413392066956,65.51147255623216,-0.002952322720162215,0.003511706565786512
708.0000105500221,-0.6883459091186523,-5.742130279541016,9.789907455444336,-0.0050422921776771545,0.00229794904589653,-0.6644468903541565,61.95605856491704,-0.0029486886664074063,0.003517742944033896
708.1000105515122,-0.3864153027534485,-6.090820789337158,9.786724090576172,-0.004342186730355024,0.002234403509646654,-0.7275820970535278,57.96453699509661,-0.0029446121441196738,0.0035234613151616575
708.2000105530024,0.13428592681884766,-6.203232288360596,9.784934043884277,-0.00392086710780859,0.0023800497874617577,-0.7683433294296265,53.69960978298974,-0.002940082187507187,0.0035288616791697967
708.3000105544925,0.38684070110321045,-6.320450782775879,9.783510208129883,-0.0035260235890746117,0.002949535148218274,-0.7956353425979614,49.25314980312227,-0.002935102086354391,0.003533920185524342
708.4000105559826,0.11658322811126709,-6.666719913482666,9.78065299987793,-0.0039879255928099155,0.0039514219388365746,-0.841249406337738,44.58102720326674,-0.002929696787788316,0.00353856281532676
708.5000105574727,0.09936821460723877,-4.835141658782959,9.792567253112793,0.003674672916531563,0.0021465388126671314,-0.6375039219856262,40.575411538093995,-0.002924004460339802,0.003542883599992595
708.6000105589628,-0.43982625007629395,-5.20271635055542,9.789250373840332,-0.005039331503212452,0.003494309727102518,-0.7351155281066895,36.64226759510966,-0.0029180667739723276,0.0035468082464792453
708.7000105604529,-0.9807543754577637,-6.999503135681152,9.77920150756836,-0.004755611997097731,0.003864746307954192,-0.8221221566200256,32.16485319792369,-0.0029118708438744534,0.00355015746456582
708.800010561943,-0.20977091789245605,-5.027596473693848,9.791511535644531,0.0031253197230398655,0.0012389253824949265,-0.6383219957351685,28.197624903433702,-0.0029054797232248575,0.003553102594295219
708.9000105634332,0.1745128631591797,-5.348517417907715,9.788212776184082,-0.0056130001321434975,0.002522452035918832,-0.7496301531791687,24.21188679629298,-0.0028988783340651025,0.0035556192368453345
709.0000105649233,0.029219627380371094,-6.970656394958496,9.779542922973633,-0.004499729257076979,0.0033861480187624693,-0.8250136971473694,19.688595725999328,-0.002892065031531388,0.0035575508559529717
709.1000105664134,-0.40720319747924805,-8.054110527038574,9.768976211547852,-0.008631027303636074,0.005706694442778826,-0.9971778988838196,14.434481244703482,-0.0028851072550821755,0.0035587771023719984
709.2000105679035,0.06279182434082031,-6.3112921714782715,9.783273696899414,0.004958468023687601,0.0022839526645839214,-0.7538381218910217,9.636760003747888,-0.0028780502384790907,0.003559449029484235
709.3000105693936,0.7515125274658203,-2.4539661407470703,9.802762985229492,0.006661789957433939,0.0007433942519128323,-0.47707438468933105,6.404104894114431,-0.0028709013836021313,0.003559912058816168
709.4000105708838,0.2516416311264038,-1.42954683303833,9.806866645812988,0.0043886867351830006,0.0007136070635169744,-0.314696729183197,4.332009061266506,-0.002863720179732354,0.003560250900885007
709.5000105723739,-0.4313851594924927,-1.2481093406677246,9.807939529418945,0.003074734704568982,0.0006097946316003799,-0.22072435915470123,2.9148378698163016,-0.002856572421435999,0.0035604767955975665
709.600010573864,-0.7133456468582153,-1.0618672370910645,9.808586120605469,0.002104622544720769,0.00011865748092532158,-0.16599783301353455,1.8786776821578572,-0.0028494852489870937,0.003560606465742033
709.7000105753541,-0.46705561876296997,-0.6794085502624512,9.809096336364746,0.0020927139557898045,-0.000566133763641119,-0.11061903089284897,1.154027054618062,-0.002842438923991608,0.0035606752759032617
709.8000105768442,0.06255263090133667,-0.3968372046947479,9.80957317352295,0.0015416955575346947,-0.0009752982296049595,-0.07367679476737976,0.671730108407125,-0.002835386567838327,0.0035607089956237047
709.9000105783343,0.49108457565307617,-0.2897372245788574,9.809802055358887,0.0010914349695667624,-0.0008489171741530299,-0.05020329728722572,0.34605017359694734,-0.0028282900744898143,0.003560717494089832
710.0000105798244,0.5152158737182617,-0.18909960985183716,9.810057640075684,0.0007818444864824414,-0.0003431286895647645,-0.03468026965856552,0.12194655762716466,-0.002821146976643263,0.0035607089956237047
710.1000105813146,0.14549419283866882,-0.13202394545078278,9.810132026672363,0.0005576257826760411,0.00010410574031993747,-0.024028977379202843,359.9657497890359,-0.002813990994013693,0.003560688983106694
710.2000105828047,-0.25981539487838745,-0.09211431443691254,9.810064315795898,0.0003967446682509035,0.00018494686810299754,-0.016696467995643616,359.8601277437108,-0.002806858313675775,0.0035606610204116924
710.3000105842948,-0.41800469160079956,0.040729135274887085,9.809996604919434,0.000652321323286742,-8.520705159753561e-05,0.0005298082833178341,359.83097649633316,-0.002799763191021043,0.003560636895733652
710.4000105857849,-0.26810628175735474,0.07394421100616455,9.809805870056152,0.00016859424067661166,-0.00046257226495072246,0.0008080589468590915,359.8356756664822,-0.0027926921930827575,0.003560619350513259
710.500010587275,0.05750506371259689,-0.03502127155661583,9.809931755065918,9.110482642427087e-05,-0.0006761167896911502,0.00013644738646689802,359.8368777797761,-0.0027856157122414515,0.0035605985155640427
710.6000105887651,0.29776790738105774,-0.004266709089279175,9.80997371673584,6.449403008446097e-05,-0.0005872707697562873,2.2439175154431723e-05,359.83807989307,-0.002778512913579334,0.0035605774064707573
710.7000105902553,0.2804059386253357,-0.001767963171005249,9.810047149658203,3.9159320294857025e-05,-0.000297203310765326,3.1966162623575656e-06,359.83807989307,-0.002771384619506989,0.0035605560232334034
710.8000105917454,0.07776042073965073,0.0026880204677581787,9.810115814208984,2.2308813640847802e-05,-4.9947364459512755e-05,3.57086861413336e-07,359.83807989307,-0.002764249471852054,0.003560534914140118
710.9000105932355,-0.15515956282615662,0.06231971085071564,9.810018539428711,0.000176303117768839,-1.4366218238137662e-05,0.005303173791617155,359.8587343851201,-0.0027571285796597067,0.0035605195620722744
711.0000105947256,-0.2452763319015503,0.03465022146701813,9.8099946975708,-2.084503648802638e-05,-0.00017885143461171538,0.003302902216091752,359.8796894054937,-0.002750029344866789,0.0035605072255891854
711.1000105962157,-0.14267908036708832,-0.01020057499408722,9.809919357299805,-5.0947972340509295e-05,-0.0003994664584752172,0.0009370380430482328,359.88810419855116,-0.0027429429948568895,0.003560494066673891
711.2000105977058,0.037451889365911484,0.015146225690841675,9.809931755065918,1.145014539361e-05,-0.0005140117136761546,0.0012154006399214268,359.8972293312823,-0.0027358530809493686,0.0035604820043348704
711.300010599196,0.1802007257938385,-0.014657720923423767,9.810007095336914,-3.9657403249293566e-05,-0.00045459141256287694,-0.00021026851027272642,359.89914178424993,-0.002728747266715459,0.003560468571275507
711.4000106006861,0.15776795148849487,-0.009696468710899353,9.810006141662598,1.0532676242291927e-06,-0.0002866758150048554,-3.6695910239359364e-05,359.8972293312823,-0.0027216271969763284,0.0035604545899280064
711.5000106021762,0.21790583431720734,0.06051775813102722,9.809968948364258,0.0001280292635783553,-0.001118888147175312,0.0041885050013661385,359.91378570983045,-0.002714487937126364,0.00356044581731781
711.6000106036663,1.6447259187698364,0.017118096351623535,9.80904769897461,-1.137913204729557e-05,-0.002652576193213463,0.0028841847088187933,359.9314895601591,-0.0027072006394917025,0.0035604384154279568
711.7000106051564,3.477266311645508,0.013669729232788086,9.807994842529297,-4.0572136640548706e-05,-0.002856813371181488,0.0010447914246469736,359.9440571082319,-0.0026996013659328355,0.0035604318359703092
711.8000106066465,4.519601821899414,-0.0033178329467773438,9.806801795959473,1.2734439224004745e-05,-0.0023551476188004017,0.001361063215881586,359.95154299556225,-0.0026915971815668627,0.003560424708224525
711.9000106081367,5.028846263885498,0.0014338493347167969,9.805712699890137,9.283190593123436e-06,-0.001720613450743258,0.001470114104449749,359.96044956223994,-0.0026831417560799764,0.0035604175804787403
712.0000106096268,5.285050868988037,0.008906364440917969,9.80477237701416,-5.0758011639118195e-05,-0.0012420675484463573,-0.0002718893520068377,359.9557777128477,-0.0026742123354779324,0.0035604104527329557
712.1000106111169,4.661975860595703,0.0035009384155273438,9.806144714355469,-1.3522803783416748e-06,0.0029429688584059477,-5.6091277656378224e-05,359.9557777128477,-0.002664865119314186,0.003560403324987171
712.200010612607,-0.1531277894973755,-9.73045825958252e-05,9.811827659606934,-3.245193511247635e-06,0.005731604527682066,-7.344471669057384e-06,359.9557777128477,-0.0026555321586414493,0.003560396471385455
712.3000106140971,-3.578646659851074,-0.0051691532135009766,9.809678077697754,-3.057532012462616e-06,0.004806183744221926,7.321164048335049e-06,359.9557777128477,-0.0026465204948493692,0.0035603893436396703
712.4000106155872,-4.910349369049072,-0.0011582374572753906,9.806835174560547,-4.868488758802414e-07,0.0031720909755676985,1.1691936379065737e-05,359.96044956223994,-0.0026379493805563925,0.003560382490037954
712.5000106170774,-5.380592346191406,0.02411031723022461,9.804987907409668,4.752166569232941e-05,0.0017203314928337932,0.0015527926152572036,359.96044956223994,-0.002629861033952352,0.0035603778295887874
712.6000106185675,-5.4671525955200195,0.006732940673828125,9.804235458374023,-4.4341490138322115e-05,0.0006691983435302973,-0.00011003323743352666,359.9720335630723,-0.0026222628569598783,0.003560374265715895
712.7000106200576,-5.380440711975098,0.007531166076660156,9.803996086120605,5.9485522797331214e-05,-2.263750502606854e-05,0.001954206731170416,359.9802297900763,-0.002615146899387355,0.0035603715242752084
712.8000106215477,-5.223231792449951,-0.007191658020019531,9.804102897644043,-5.8908743085339665e-05,-0.00045932966168038547,-0.00016110966680571437,359.9720335630723,-0.0026084997281401456,0.003560368234546385
712.9000106230378,-5.053236961364746,-0.007157325744628906,9.804346084594727,1.912820152938366e-06,-0.0007345316698774695,-1.90914415725274e-05,359.9720335630723,-0.0026023048946512972,0.0035603649448175613
713.0000106245279,-4.84555721282959,-0.0020685195922851562,9.804750442504883,-1.9104918465018272e-06,-0.000913656665943563,5.6766193665680476e-06,359.9802297900763,-0.0025965448536169333,0.0035603613809446688
713.100010626018,-8.076645851135254,-0.0009546279907226562,9.79232120513916,1.3597309589385986e-07,0.014609009958803654,1.3371066415857058e-05,359.9802297900763,-0.0025915085529391035,0.0035603578170717767
713.2000106275082,-23.0114803314209,0.027650833129882812,9.725008964538574,-1.2968666851520538e-07,-0.0017589711351320148,1.456473910366185e-06,359.9802297900763,-0.0025885371053817607,0.0035603578170717767
713.3000106289983,-2.9624056816101074,-0.0012538433074951172,9.822951316833496,-3.03611159324646e-07,-0.014247596263885498,-4.265652023605071e-06,359.9720335630723,-0.002585829658556804,0.0035603578170717767
713.4000106304884,5.209880828857422,0.002254962921142578,9.816078186035156,-2.04332172870636e-06,-0.010365927591919899,-5.552823949983576e-06,359.9802297900763,-0.0025826542478313286,0.0035603578170717767
713.5000106319785,5.647524356842041,0.0024399757385253906,9.80874252319336,-3.832392394542694e-07,-0.005930369254201651,-5.8463970162847545e-06,359.9720335630723,-0.0025789716705588717,0.0035603578170717767
713.6000106334686,5.509261608123779,-0.025121688842773438,9.80580997467041,-1.6211997717618942e-06,-0.003212534822523594,-6.32825140201021e-06,359.9720335630723,-0.002574794811508241,0.0035603553497751588
713.7000106349587,5.22127103805542,-0.010245323181152344,9.835411071777344,3.5538687370717525e-07,0.00015453464584425092,-5.009201686334563e-06,359.9802297900763,-0.0025701494402738945,0.0035603517859022667
713.8000106364489,2.034031391143799,0.0033829212188720703,9.780059814453125,1.34296715259552e-06,0.001142643392086029,-5.106752723804675e-06,359.9720335630723,-0.0025653223115398305,0.003560348222029374
713.900010637939,2.5390021800994873,-0.0013997554779052734,9.801043510437012,-5.66127710044384e-07,-0.0011584580643102527,2.3873928967077518e-06,359.9720335630723,-0.0025602673690485744,0.0035603449323005506
714.0000106394291,4.165297508239746,0.0018076896667480469,9.807463645935059,1.3969838619232178e-07,-0.0018043223535642028,-8.299589535454288e-05,359.9802297900763,-0.002554839042360868,0.003560341368427658
714.1000106409192,4.989206314086914,0.034234046936035156,9.806918144226074,4.0863873437047005e-05,-0.001610951847396791,0.001864700810983777,0.0,-0.0025489633125346245,0.0035603405459954524
714.2000106424093,5.347825527191162,-0.018249034881591797,9.805610656738281,-5.23827038705349e-05,-0.0012103745248168707,-0.0023514656350016594,359.9802297900763,-0.0025426083789028553,0.0035603380786988345
714.3000106438994,4.687195301055908,-0.008470535278320312,9.806632995605469,7.100170478224754e-06,0.002533384831622243,0.0004722343583125621,0.0,-0.0025358331823923663,0.0035603345148259424
714.4000106453896,0.5127617120742798,-0.0023230910301208496,9.811445236206055,7.525086402893066e-07,0.004848645534366369,-6.6136635723523796e-06,359.9802297900763,-0.0025290119296670355,0.0035603312250971184
714.5000106468797,-2.407020330429077,-0.0007793903350830078,9.810410499572754,3.939494490623474e-07,0.004049868322908878,4.293069650884718e-06,359.9802297900763,-0.0025224075249070665,0.0035603276612242263
714.6000106483698,-3.640763282775879,0.039316415786743164,9.808402061462402,5.604373291134834e-05,0.0027288415003567934,0.0017894164193421602,359.9802297900763,-0.0025161296257607546,0.0035603276612242263
714.7000106498599,-4.19330358505249,-0.000667572021484375,9.807178497314453,-5.330354906618595e-05,0.0015193504514172673,-0.00014963063586037606,0.0,-0.002510227852255298,0.0035603276612242263
714.80001065135,-4.37237024307251,-0.0007214546203613281,9.806346893310547,4.044908564537764e-06,0.0005775694153271616,-1.781016544555314e-05,0.0,-0.002504718104759718,0.0035603276612242263
714.9000106528401,-14.596227645874023,-0.0024404525756835938,9.760202407836914,7.264316082000732e-07,0.01811996102333069,7.353573892032728e-06,0.0,-0.0025005179434884894,0.0035603276612242263
715.0000106543303,-23.99612808227539,-0.0039997100830078125,9.745231628417969,2.037733793258667e-06,-0.006496571935713291,2.7040441636927426e-06,0.0,-0.0024984706356008246,0.0035603276612242263
715.1000106558204,-0.8324917554855347,-0.0001258254051208496,9.814040184020996,7.115304470062256e-07,-0.014939331449568272,-4.905756577500142e-05,0.0,-0.002496496250003588,0.0035603276612242263
715.2000106573105,5.295029163360596,0.0008988380432128906,9.813591003417969,-5.783513188362122e-07,-0.010469471104443073,-4.011660166725051e-06,0.0,-0.0024940459503284274,0.0035603276612242263
715.3000106588006,6.0555877685546875,-0.008604049682617188,9.807870864868164,-1.4069490134716034e-05,-0.006348349153995514,-0.000851095246616751,359.9802297900763,-0.002491051748805262,0.0035603265646479516
715.4000106602907,6.022487640380859,0.011406898498535156,9.805315971374512,2.1802494302392006e-05,-0.003209828631952405,0.0002536605461500585,0.0,-0.0024875174834875224,0.0035603265646479516
715.5000106617808,5.6471452713012695,0.0012831687927246094,9.804421424865723,-7.4927229434251785e-06,-0.001544662402011454,7.740737828498823e-07,0.0,-0.0024834763257644,0.0035603265646479516
715.600010663271,5.463242053985596,0.0012354850769042969,9.828577041625977,-5.378387868404388e-07,-0.0007171547622419894,-3.307508450234309e-06,359.9802297900763,-0.0024789458208971382,0.0035603265646479516
715.7000106647611,3.4159905910491943,-0.03397560119628906,9.7910795211792,-1.608557067811489e-05,0.0029950677417218685,-0.0011032356414943933,359.9802297900763,-0.0024741090971218682,0.0035603235490631966
715.8000106662512,2.1898577213287354,-0.004134416580200195,9.795204162597656,8.11830977909267e-06,0.0003013725799974054,-0.0009388517355546355,359.9802297900763,-0.0024690763602990273,0.0035603199851903045
715.9000106677413,3.963102102279663,0.0016720294952392578,9.806377410888672,2.6606256142258644e-05,-0.0008388700080104172,0.0002659119782038033,359.9802297900763,-0.002463688332781544,0.003560316421317412
716.0000106692314,4.891796112060547,0.0045909881591796875,9.807038307189941,-3.825407475233078e-07,-0.0009134763386100531,-0.00047607847955077887,359.9720335630723,-0.0024578614006003363,0.00356031285744452
716.1000106707215,5.322847366333008,-0.0006809234619140625,9.805708885192871,-2.6138615794479847e-05,-0.0006719099474139512,0.0028048469685018063,359.9802297900763,-0.0024515577318879878,0.0035603092935716273
716.2000106722116,5.603694438934326,0.0051727294921875,9.804468154907227,2.6150373741984367e-05,-0.00033790519228205085,-0.0018394812941551208,359.9720335630723,-0.002444751282965285,0.0035603060038428037
716.3000106737018,4.767705917358398,-0.0005784034729003906,9.806109428405762,9.369105100631714e-07,0.0033524048049002886,0.00035271066008135676,359.9802297900763,-0.0024375177175528506,0.003560302439969911
716.4000106751919,0.38540127873420715,0.0001646280288696289,9.811421394348145,-9.336508810520172e-07,0.005769161507487297,6.2261569837573916e-06,359.9802297900763,-0.002430249610014812,0.003560298876097019
716.500010676682,-2.607161283493042,0.0014524459838867188,9.810266494750977,-1.5352852642536163e-06,0.005112628452479839,8.671984687680379e-06,359.9802297900763,-0.0024232161698165555,0.0035602953122241265
716.6000106781721,-3.868572235107422,-0.004052162170410156,9.808172225952148,1.1452939361333847e-06,0.003884647274389863,1.1225309208384715e-05,359.9720335630723,-0.002416529795979727,0.0035602917483512344
716.7000106796622,-4.4237260818481445,-0.0017671585083007812,9.806735038757324,-6.852205842733383e-07,0.0027460919227451086,1.1086043741670437e-05,359.9802297900763,-0.00241024010861679,0.003560288458622411
716.8000106811523,-4.587841987609863,0.0006756782531738281,9.805974006652832,-5.133915692567825e-08,0.001872287830337882,1.1520515727170277e-05,359.9720335630723,-0.002404361911516162,0.0035602848947495183
716.9000106826425,-4.400946140289307,-0.004245281219482422,9.805871963500977,-7.817288860678673e-07,0.0007702812436036766,1.0541226401983295e-05,359.9802297900763,-0.0023988787559829916,0.0035602813308766262
717.0000106841326,-3.6104421615600586,0.036400794982910156,9.806665420532227,1.4531950000673532e-05,-0.0006137473392300308,0.0010508219711482525,359.9802297900763,-0.0023937185421942786,0.0035602810567325572
717.1000106856227,-2.136186361312866,0.004575967788696289,9.808205604553223,-1.0817311704158783e-05,-0.0019185551209375262,0.0009007543558254838,0.0,-0.0023887502292438967,0.0035602813308766262
717.2000106871128,-0.01302412711083889,-0.005002130754292011,9.809499740600586,-2.4538952857255936e-05,-0.0033917881082743406,-0.00021610491967294365,0.0,-0.0023837824645625005,0.0035602810567325572
717.3000106886029,2.4459447860717773,0.00554656982421875,9.80947208404541,5.206093192100525e-06,-0.0036878979299217463,-2.6306557629141025e-05,359.9802297900763,-0.002378594836372372,0.0035602813308766262
717.400010690093,4.107089519500732,-0.0015716552734375,9.808158874511719,1.8998980522155762e-06,-0.0030279357451945543,-3.12597221636679e-05,0.0,-0.002373039306817759,0.0035602813308766262
717.5000106915832,4.9523725509643555,-0.03348064422607422,9.806598663330078,-3.0656810849905014e-05,-0.0020995072554796934,-0.0012181485071778297,0.0,-0.0023670391155974357,0.0035602780411478022
717.6000106930733,5.32673978805542,-0.0005893707275390625,9.805310249328613,4.137447103857994e-05,-0.0012886369368061423,-0.00032737632864154875,0.0,-0.0023605613654069657,0.0035602747514189787
717.7000106945634,4.6765642166137695,-0.0009284019470214844,9.806485176086426,-3.470340743660927e-06,0.002605451038107276,0.00022031235857866704,0.0,-0.002353664448932591,0.0035602711875460866
717.8000106960535,0.4923631250858307,0.00017371773719787598,9.811232566833496,-8.186325430870056e-07,0.005282315891236067,9.664327080827206e-06,359.9802297900763,-0.002346723395262984,0.003560267623673194
717.9000106975436,-2.4573240280151367,0.03696846961975098,9.81025218963623,2.553267404437065e-05,0.004816141445189714,0.0012833657674491405,0.0,-0.0023400033017111355,0.0035602673495291255
718.0000106990337,-3.69350004196167,-0.0032639503479003906,9.808311462402344,-2.941652201116085e-05,0.003720168024301529,-9.461629088036716e-05,0.0,-0.0023336149225059444,0.0035602668012409884
718.1000107005239,-4.085752964019775,-0.03125476837158203,9.807084083557129,-1.6241800040006638e-05,0.0021963061299175024,-0.0011673216940835118,359.9802297900763,-0.0023275927997445933,0.003560263785656233
718.200010702014,-3.571377992630005,-0.0011324882507324219,9.807015419006348,2.8473747079260647e-05,0.00015753210755065084,0.00014684451161883771,0.0,-0.002321890877269084,0.0035602604959274094
718.3000107035041,-2.0001351833343506,-0.0008332729339599609,9.808290481567383,-2.327212132513523e-05,-0.0016838499577715993,-0.0011341699864715338,359.9802297900763,-0.0023163682450046963,0.0035602574803426544
718.4000107049942,0.29534512758255005,0.022666633129119873,9.809469223022461,5.527329631149769e-05,-0.003256493015214801,0.001412492012605071,359.9802297900763,-0.002310819020777899,0.0035602563837663797
718.5000107064843,2.666616201400757,0.0033235549926757812,9.809258460998535,-3.840168938040733e-05,-0.0034755475353449583,-0.00020579843840096146,359.9720335630723,-0.002305030194619917,0.0035602552871901055
718.6000107079744,3.874495267868042,-0.028776884078979492,9.808513641357422,2.2443709895014763e-06,-0.0015199648914858699,-2.3478785806219094e-05,359.9720335630723,-0.0022988938908667933,0.003560251723317213
718.7000107094646,2.6470770835876465,0.0008411407470703125,9.809830665588379,1.2747477740049362e-07,0.001645748969167471,-7.21593460184522e-06,359.9802297900763,-0.0022925200412799995,0.0035602484335883894
718.8000107109547,-0.13051250576972961,0.002468809485435486,9.81098461151123,-6.530899554491043e-07,0.0035805166698992252,2.2034964786143973e-06,359.9720335630723,-0.0022861581169593137,0.003560244869715497
718.9000107124448,-2.0383975505828857,-0.003129720687866211,9.809921264648438,-1.6670674085617065e-06,0.003027635393664241,5.181951109989313e-06,359.9720335630723,-0.002279979183796854,0.0035602413058426047
719.0000107139349,-2.4352476596832275,-0.0007538795471191406,9.808927536010742,-2.2421590983867645e-07,0.0016984994290396571,5.964081992715364e-06,359.9720335630723,-0.002274018880527251,0.003560237741969712
719.100010715425,-2.0383336544036865,0.001870870590209961,9.808859825134277,-7.605704013258219e-07,0.0003526497748680413,4.5310825953492895e-06,359.9720335630723,-0.0022682414313521804,0.00356023417809682
719.2000107169151,-0.9474861025810242,-0.002786576747894287,9.809243202209473,1.1504162102937698e-06,-0.0011637706775218248,7.713823606536607e-07,359.9720335630723,-0.002262548966854183,0.0035602308883679965
719.3000107184052,0.6820027232170105,0.002724885940551758,9.809616088867188,1.093139871954918e-06,-0.0019085361855104566,-2.6187528874288546e-06,359.9720335630723,-0.0022567949570060364,0.003560227324495104
719.4000107198954,1.8340177536010742,0.037970781326293945,9.80969524383545,2.6098452508449554e-05,-0.0014447105349972844,0.0012767754960805178,359.9802297900763,-0.0022508764607067633,0.003560227324495104
719.5000107213855,1.9701274633407593,-0.0046051740646362305,9.809804916381836,-3.3265925594605505e-05,-0.00022806078777648509,-0.00019213961786590517,359.9802297900763,-0.0022447810044070593,0.0035602270503510354
719.6000107228756,1.2700179815292358,0.005272388458251953,9.810113906860352,3.1287781894207e-06,0.0008494332432746887,-3.0057632102398202e-05,0.0,-0.002238572052476684,0.0035602270503510354
719.7000107243657,0.4617948532104492,-0.029905587434768677,9.810160636901855,-2.571998629719019e-05,0.0010876692831516266,-0.001301135984249413,359.9802297900763,-0.0022323215677317876,0.0035602240347662804
719.8000107258558,0.1987231820821762,0.020114421844482422,9.80992603302002,6.087770452722907e-05,0.0006078912992961705,0.0014711028197780252,0.0,-0.002226053263612471,0.003560223486478143
719.900010727346,0.5263081789016724,0.007616102695465088,9.809666633605957,-3.7098885513842106e-05,-0.00010189747263211757,-0.0001530409645056352,359.9802297900763,-0.0022197379437756126,0.0035602229381900058
720.0000107288361,1.1444170475006104,-0.03220009803771973,9.809602737426758,-2.5926216039806604e-05,-0.0003994290018454194,-0.001373921288177371,359.9802297900763,-0.0022133198199156823,0.0035602199226052508
720.1000107303262,1.4374046325683594,-0.0045119524002075195,9.809697151184082,3.6360994272399694e-05,1.9960674762842245e-05,0.000173739914316684,359.9720335630723,-0.0022067729854171603,0.003560216358732358
720.2000107318163,1.0947822332382202,-0.002133607864379883,9.809922218322754,-2.1060695871710777e-06,0.0007270430796779692,2.6833875381271355e-05,359.9802297900763,-0.002200128007331159,0.0035602125207153975
720.3000107333064,0.44911423325538635,0.0026558339595794678,9.810179710388184,2.5168992578983307e-07,0.0010926749091595411,4.506255208980292e-06,359.9802297900763,-0.0021934424559475474,0.003560208956842505
720.4000107347965,0.01340433582663536,0.002514510415494442,9.81000804901123,-1.6426201909780502e-07,0.000889257004018873,1.1156649861732149e-06,359.9802297900763,-0.0021867562191744128,0.003560205392969613
720.5000107362866,0.02059604786336422,-0.002483053132891655,9.809842109680176,5.164183676242828e-07,0.00035756436409428716,1.707138039819256e-07,359.9802297900763,-0.002180067926360607,0.003560202103240789
720.6000107377768,0.40580451488494873,0.00014200806617736816,9.809781074523926,-1.7368438420817256e-07,-0.00010776217095553875,-7.627124318787537e-07,359.9802297900763,-0.002173343446486342,0.003560198539367897
720.7000107392669,0.8012480139732361,0.0027703046798706055,9.809781074523926,1.4476245269179344e-07,-0.00014092902711126953,-1.146024828813097e-06,359.9802297900763,-0.002166547140888042,0.0035601949754950047
720.800010740757,0.8314321041107178,-0.002219974994659424,9.80998706817627,1.9805156625807285e-07,0.00035540133831091225,-1.1902527603524504e-06,359.9802297900763,-0.002159675993951282,0.003560191411622112
720.9000107422471,0.2934042811393738,0.040133923292160034,9.810246467590332,3.097415901720524e-05,0.0012455715332180262,0.001389900455251336,359.9802297900763,-0.002152778803335309,0.003560191411622112
721.0000107437372,-0.7353442907333374,-0.002631962299346924,9.81022834777832,-3.4682219848036766e-05,0.0017840351210907102,-0.00014522454875987023,359.9802297900763,-0.0021459474072997864,0.0035601911374780436
721.1000107452273,-1.5016462802886963,0.002210855484008789,9.809797286987305,2.800486981868744e-06,0.001464641303755343,-2.094749652314931e-05,359.9802297900763,-0.0021392508901385554,0.0035601911374780436
721.2000107467175,-1.547309398651123,-0.00029909610748291016,9.809382438659668,-4.277098923921585e-07,0.0006008599302731454,-3.368925263202982e-07,359.9802297900763,-0.0021326932269545296,0.0035601911374780436
721.3000107482076,-0.9645481109619141,-0.00018233060836791992,9.809447288513184,-6.715999916195869e-07,-0.0003359803813509643,1.1600150173762813e-06,359.9802297900763,-0.0021262220562050516,0.0035601911374780436
721.4000107496977,0.019085632637143135,1.4455989003181458e-05,9.80968952178955,-9.282957762479782e-07,-0.001258623437024653,-5.254595976111887e-07,359.9802297900763,-0.002119749103556501,0.0035601911374780436
721.5000107511878,1.3585138320922852,0.00028228759765625,9.809586524963379,-2.658925950527191e-07,-0.0018868442857638001,-3.263387725382927e-06,359.9802297900763,-0.0021131540196961396,0.0035601911374780436
721.6000107526779,2.703371286392212,0.0005509853363037109,9.80888557434082,1.4440156519412994e-06,-0.002297308063134551,-6.745209248038009e-06,359.9802297900763,-0.0021063165924744,0.0035601911374780436
721.700010754168,3.577608585357666,0.0007257461547851562,9.808372497558594,-2.908273017965257e-07,-7.957499474287033e-05,-6.143875452835346e-06,359.9802297900763,-0.00209915800547833,0.0035601911374780436
721.8000107556581,1.2809805870056152,0.0002663135528564453,9.810786247253418,5.25033101439476e-07,0.002983253449201584,2.076138798656757e-07,0.0,-0.0020918848262709844,0.0035601911374780436
721.9000107571483,-1.1192257404327393,-0.00021386146545410156,9.810519218444824,1.7338898032903671e-06,0.0028550983406603336,3.7735417208750732e-06,359.9802297900763,-0.0020847123950034074,0.0035601911374780436
722.0000107586384,-1.6835709810256958,-0.03555154800415039,9.809453010559082,-3.143446519970894e-05,0.0014334412990137935,-0.0013875659788027406,359.9802297900763,-0.002077690880057048,0.00356018784774922
722.1000107601285,-0.8135467767715454,-0.010257840156555176,9.80923843383789,3.708689473569393e-05,-0.0007619570824317634,0.00016491302812937647,359.9802297900763,-0.0020707424244932326,0.003560184009732259
722.2000107616186,1.2584909200668335,0.05035114288330078,9.80912971496582,3.513484261929989e-05,-0.002411569468677044,0.001493070158176124,359.9802297900763,-0.002063681021596153,0.003560184558020396
722.3000107631087,3.0235116481781006,-0.004418373107910156,9.808743476867676,-3.895058762282133e-05,-0.0018349294550716877,-0.00019780431466642767,359.9802297900763,-0.002056348216044057,0.003560184558020396
722.4000107645988,2.9169702529907227,-0.004414081573486328,9.809247970581055,3.870896762236953e-06,0.0004230875347275287,-3.8045167457312346e-05,0.0,-0.0020487538770623814,0.003560184009732259
722.500010766089,1.0306005477905273,0.005215764045715332,9.810514450073242,-6.05359673500061e-08,0.0024605400394648314,-6.104161002440378e-06,359.9802297900763,-0.0020410671515236345,0.003560184009732259
722.6000107675791,-0.9017818570137024,-0.0001698136329650879,9.810466766357422,4.183966666460037e-07,0.002626527799293399,2.1784553609904833e-06,359.9802297900763,-0.0020334617097006458,0.003560184009732259
722.7000107690692,-1.5760185718536377,-0.00030410289764404297,9.809582710266113,1.7159618437290192e-06,0.0013952747685834765,3.4106772091035964e-06,359.9802297900763,-0.002025997452079764,0.003560184009732259
722.8000107705593,-0.8886492848396301,-0.03531914949417114,9.809338569641113,-3.482482861727476e-05,-0.0004033150034956634,-0.0014705279609188437,359.9802297900763,-0.002018613244530343,0.003560180994147504
722.9000107720494,0.5450736284255981,-0.002314269542694092,9.80945873260498,9.499490261077881e-07,-0.0011875020572915673,-0.0013335385592654347,359.9720335630723,-0.002011179828102172,0.0035601774302746114
723.0000107735395,1.221130609512329,-0.0019217729568481445,9.809928894042969,3.65900486940518e-05,-0.0002527153992559761,0.0001912407751660794,359.9657497890359,-0.0020036368911320324,0.0035601738664017193
723.1000107750297,0.4558139145374298,0.00021508336067199707,9.810450553894043,-1.0828953236341476e-06,0.0012974956771358848,3.572409332264215e-05,359.9720335630723,-0.0019960529696305684,0.0035601703025288267
723.2000107765198,-0.9856959581375122,0.017216801643371582,9.81040096282959,3.542378544807434e-05,0.0020953931380063295,0.0014680043095722795,359.9802297900763,-0.0019885577337248606,0.0035601683835203464
723.3000107780099,-1.9597725868225098,0.022144436836242676,9.809537887573242,-3.0158553272485733e-06,0.001646385993808508,0.0012914768885821104,359.9802297900763,-0.0019812383612389795,0.0035601683835203464
723.4000107795,-1.9229463338851929,-0.0028504133224487305,9.8091402053833,-3.4565600799396634e-05,0.0003610134299378842,-0.00016733803204260767,359.9802297900763,-0.0019740912883037254,0.0035601678352322093
723.5000107809901,-0.7895694971084595,0.002360045909881592,9.80923843383789,1.58755574375391e-06,-0.001455951132811606,-2.846589450200554e-05,359.9802297900763,-0.0019670150816182286,0.0035601678352322093
723.6000107824802,1.3455051183700562,0.0002843141555786133,9.809307098388672,-2.2165477275848389e-07,-0.0028066353406757116,-9.185441740555689e-06,359.9802297900763,-0.00195981797737943,0.0035601678352322093
723.7000107839704,3.1609182357788086,0.0006427764892578125,9.80876350402832,-1.7527490854263306e-06,-0.002363658044487238,-7.860622645239346e-06,0.0,-0.0019523371340426365,0.0035601678352322093
723.8000107854605,3.417454242706299,0.0006971359252929688,9.808782577514648,-1.3748358469456434e-06,-0.00016277687973342836,-6.155562914500479e-06,359.9802297900763,-0.0019445499346915085,0.0035601678352322093
723.9000107869506,1.739043951034546,-0.03701579570770264,9.810214042663574,-4.119635559618473e-05,0.002135871211066842,-0.0015611671842634678,359.9802297900763,-0.0019366068844703932,0.0035601648196474543
724.0000107884407,-0.32325389981269836,-0.00010851025581359863,9.810545921325684,3.973953425884247e-05,0.0026613075751811266,0.00014139230188447982,359.9802297900763,-0.0019286928934718617,0.0035601612557745617
724.1000107899308,-1.2351559400558472,-0.002918839454650879,9.809853553771973,-2.3419270291924477e-06,0.001608842401765287,2.8607737476704642e-05,359.9802297900763,-0.0019208899308580385,0.0035601576919016696
724.2000107914209,-0.7580705881118774,0.002102971076965332,9.809399604797363,-3.711700264830142e-05,-0.00012983111082576215,-0.0015196431195363402,359.9720335630723,-0.0019131549559716632,0.0035601544021728456
724.300010792911,0.7206757664680481,-0.0021458864212036133,9.809335708618164,4.1176099330186844e-05,-0.0016009300015866756,0.0001673463557381183,359.9657497890359,-0.0019053554201491352,0.0035601508382999535
724.4000107944012,2.1850619316101074,0.0010476112365722656,9.809185981750488,-1.0123476386070251e-06,-0.0014805664541199803,2.5489645850029774e-05,359.9720335630723,-0.001897359734257975,0.003560147274427061
724.5000107958913,2.7642221450805664,0.00382232666015625,9.808889389038086,2.1385494619607925e-07,-0.0016577653586864471,-1.730131543808966e-06,359.9720335630723,-0.0018891159479608177,0.003560143710554169
724.6000107973814,3.227658271789551,0.006242036819458008,9.808577537536621,4.663114668801427e-05,0.0007571236346848309,0.0016677211970090866,359.9802297900763,-0.0018805829397052776,0.0035601409691134824
724.7000107988715,0.5791135430335999,-0.004802048206329346,9.811033248901367,-4.089833237230778e-05,0.0035209606867283583,-0.00011809106217697263,359.9802297900763,-0.0018719981181902767,0.00356013740524059
724.8000108003616,-1.8515191078186035,-0.008079767227172852,9.810261726379395,1.9515864551067352e-06,0.0032336292788386345,-1.7465177734266035e-05,359.9802297900763,-0.0018635795650538967,0.0035601335672236292
724.9000108018517,-2.534994602203369,0.006701231002807617,9.809015274047852,-5.948822945356369e-07,0.001713913050480187,1.998026846194989e-06,359.9802297900763,-0.001855388414426784,0.0035601300033507367
725.0000108033419,-1.7114347219467163,-0.0030339956283569336,9.80879020690918,-1.6736448742449284e-06,-0.0006087493966333568,2.095224544973462e-06,359.9802297900763,-0.001847350921565294,0.0035601264394778446
725.100010804832,0.4043095111846924,0.002640753984451294,9.809218406677246,-6.209593266248703e-07,-0.00252140243537724,-2.6907798655884108e-06,359.9802297900763,-0.001839276967530168,0.003560123149749021
725.2000108063221,2.4934113025665283,0.03310084342956543,9.809147834777832,4.480825737118721e-05,-0.0024849444162100554,0.001657776185311377,359.9802297900763,-0.001830979174869185,0.0035601226014608835
725.3000108078122,3.0138912200927734,0.0005190372467041016,9.809186935424805,-4.421916673891246e-05,-0.00043773913057520986,-0.00017131224740296602,359.9802297900763,-0.0018224110761622114,0.003560122327316815
725.4000108093023,1.4857165813446045,0.005275607109069824,9.81041145324707,1.9818544387817383e-06,0.0018997406587004662,-3.436181214055978e-05,0.0,-0.001813709743430536,0.003560122327316815
725.5000108107924,-0.5639719367027283,-8.422136306762695e-05,9.810626029968262,-2.013053745031357e-06,0.0026565464213490486,-3.691277925099712e-06,359.9802297900763,-0.0018050592644129893,0.003560122327316815
725.6000108122826,-1.6409614086151123,-0.00027441978454589844,9.809761047363281,-6.35744072496891e-07,0.0017563420115038753,2.924140289906063e-06,359.9802297900763,-0.001796556000755345,0.003560122327316815
725.7000108137727,-1.3341039419174194,-0.0025082826614379883,9.809274673461914,4.059189814142883e-05,0.00014240163727663457,0.0016116061015054584,0.0,-0.0017881725380846092,0.0035601220531727464
725.8000108152628,-0.07068456709384918,0.005019254982471466,9.809449195861816,-4.1749561205506325e-05,-0.0012750964378938079,-0.0001525138213764876,359.9802297900763,-0.0017797952436211517,0.003560122327316815
725.9000108167529,1.3210172653198242,-0.002443671226501465,9.809560775756836,-4.4691842049360275e-07,-0.0014812430599704385,-3.261556048528291e-05,359.9802297900763,-0.001771299381871927,0.003560122327316815
726.000010818243,1.7784394025802612,-0.029735326766967773,9.80979061126709,-6.74997572787106e-05,-0.00039081714930944145,-0.0023888160940259695,0.0,-0.0017626439682771888,0.0035601195858761285
726.1000108197331,1.057023525238037,-0.009725689888000488,9.810271263122559,5.948322359472513e-05,0.0009824692970141768,0.00019551314471755177,359.9802297900763,-0.0017538938379004776,0.0035601160220032364
726.2000108212233,0.1100311130285263,0.0025325044989585876,9.810220718383789,-2.2440217435359955e-06,0.0004336257406976074,3.8143989513628185e-05,359.9802297900763,-0.001745133838340962,0.003560112458130344
726.3000108227134,0.8353630900382996,-0.002286970615386963,9.809463500976562,3.866764018312097e-06,0.00029603083385154605,6.1151381487434264e-06,359.9802297900763,-0.0017362991344924694,0.0035601088942574517
726.4000108242035,-0.0557529591023922,-8.802860975265503e-06,9.810529708862305,1.9758008420467377e-06,0.0018794983625411987,3.6718840874527814e-06,359.9802297900763,-0.0017274693652780115,0.0035601056045286277
726.5000108256936,-1.3547693490982056,0.0021677017211914062,9.809995651245117,5.979090929031372e-07,0.0015041364822536707,3.919309619959677e-06,359.9802297900763,-0.0017187611789211132,0.0035601020406557356
726.6000108271837,-1.2853950262069702,-0.0028095245361328125,9.80948257446289,1.49052357301116e-06,0.00029821658972650766,2.68365397460002e-06,359.9802297900763,-0.0017101684072571288,0.003560098476782843
726.7000108286738,-0.3535299003124237,0.002422541379928589,9.809494972229004,6.076879799365997e-07,-0.0008835004991851747,-1.40137252913064e-08,359.9802297900763,-0.0017016071621327455,0.003560094912909951
726.800010830164,0.795324444770813,-0.002291381359100342,9.809691429138184,2.441229298710823e-07,-0.0012143386993557215,-2.262268480990315e-06,359.9802297900763,-0.0016929746395675238,0.0035600913490370584
726.9000108316541,1.3264126777648926,0.0003409385681152344,9.809926986694336,7.945345714688301e-08,-0.000497535162139684,-2.7299220164422877e-06,359.9802297900763,-0.0016842230013907056,0.003560088059308235
727.0000108331442,0.9240254163742065,0.0027404427528381348,9.810197830200195,-1.4191027730703354e-07,0.0005878022639080882,-1.1654926765913842e-06,359.9802297900763,-0.0016753884346343284,0.0035600844954353427
727.1000108346343,0.048280663788318634,-0.002477705478668213,9.810318946838379,-7.709022611379623e-07,0.0012037475826218724,7.492859026569931e-07,359.9802297900763,-0.0016665497557255549,0.00356008093156245
727.2000108361244,-0.5813858509063721,-0.00013446807861328125,9.810050010681152,1.5175901353359222e-06,0.0010407735826447606,1.9753190372284735e-06,359.9802297900763,-0.0016577633012531123,0.003560077367689558
727.3000108376145,-0.6443715691566467,0.03749197721481323,9.809783935546875,4.488677950575948e-05,0.00041842335485853255,0.001662536757066846,0.0,-0.0016490345541200213,0.003560077093545489
727.4000108391047,-0.21919387578964233,-0.0024988949298858643,9.809785842895508,-4.179253301117569e-05,-0.00020196592959109694,-0.00013990310253575444,359.9802297900763,-0.0016403254082746344,0.0035600768194014205
727.5000108405948,0.31763163208961487,0.005046427249908447,9.809849739074707,1.2883683666586876e-06,-0.0004161787510383874,-2.8566639230120927e-05,359.9802297900763,-0.0016315878885251323,0.0035600768194014205
727.6000108420849,0.5981443524360657,7.456541061401367e-05,9.809961318969727,-3.362612915225327e-06,-0.0001490440045017749,-6.454655249399366e-06,0.0,-0.0016227966365391921,0.0035600768194014205
727.700010843575,0.4707554876804352,6.201863288879395e-05,9.81013011932373,-2.1629384718835354e-06,0.0003215643810108304,-1.6328278888977366e-06,0.0,-0.001613963166363419,0.0035600768194014205
727.8000108450651,0.0967201292514801,1.9945204257965088e-05,9.810113906860352,-4.1763996705412865e-07,0.0006304540438577533,3.667947368057867e-08,0.0,-0.0016051210606349287,0.0035600768194014205
727.9000108465552,-0.19618918001651764,-8.89599323272705e-06,9.810080528259277,-1.3489625416696072e-06,0.0006112912087701261,8.290429036605929e-07,0.0,-0.001596296637217165,0.0035600768194014205
728.0000108480453,-0.2751881182193756,-1.665949821472168e-05,9.809906959533691,1.2339733075350523e-06,0.0003543291240930557,8.472923127555987e-07,0.0,-0.0015874967496927184,0.0035600768194014205
728.1000108495355,-0.105145663022995,-0.027581609785556793,9.809940338134766,-4.44461838924326e-05,7.731483492534608e-05,-0.0016763937892392278,0.0,-0.0015787064572094778,0.003560074352104803
728.2000108510256,0.12132390588521957,-0.009968750178813934,9.8098726272583,4.248866025591269e-05,-3.901190575561486e-05,0.00013935922470409423,359.9802297900763,-0.0015699051989628288,0.0035600707882319105
728.3000108525157,0.2527953088283539,-0.0024313628673553467,9.810022354125977,-1.5751465980429202e-06,4.838644963456318e-05,2.756931644398719e-05,0.0,-0.0015610811867503571,0.0035600672243590184
728.4000108540058,0.2241160273551941,6.124377250671387e-05,9.810041427612305,9.551586117595434e-07,0.0002375612675677985,5.330854492058279e-06,359.9802297900763,-0.0015522371620306785,0.003560063660486126
728.5000108554959,0.08651600033044815,0.002526812255382538,9.810056686401367,2.943008439615369e-06,0.00038127476000227034,1.2029215668007964e-06,359.9802297900763,-0.001543385461275193,0.0035600603707573023
728.600010856986,-0.058658480644226074,0.03257045894861221,9.810030937194824,4.7616311348974705e-05,0.00039504264714196324,0.0016829567030072212,359.9802297900763,-0.0015345389692527078,0.003560059822469165
728.7000108584762,-0.100021131336689,0.0025118812918663025,9.8100004196167,-4.21762524638325e-05,0.00029960068059153855,-0.00013606168795377016,0.0,-0.0015257013868961167,0.0035600595483250962
728.8000108599663,-0.048781584948301315,0.002510983496904373,9.809931755065918,2.508939360268414e-06,0.00018028629710897803,-2.7028092517866753e-05,359.9802297900763,-0.0015168683279540573,0.0035600595483250962
728.9000108614564,0.05255379527807236,2.08243727684021e-05,9.809990882873535,-2.1820233087055385e-06,0.00011914778588106856,-5.305471404426498e-06,0.0,-0.0015080304714700787,0.0035600595483250962
729.0000108629465,0.10639852285385132,2.609938383102417e-05,9.809968948364258,-1.2418604455888271e-06,0.0001442621578462422,-1.0206715614913264e-06,0.0,-0.0014991830199448941,0.0035600595483250962
729.1000108644366,0.10518711805343628,2.074986696243286e-05,9.810047149658203,-2.539876732043922e-06,0.00021905316680204123,-2.4242115159722744e-07,0.0,-0.0014903262475343126,0.0035600595483250962
729.2000108659267,0.052654363214969635,1.5597790479660034e-05,9.8100004196167,-1.3503595255315304e-06,0.00028332677902653813,1.8071585827783565e-07,0.0,-0.001481464677567601,0.0035600595483250962
729.3000108674169,-0.007408773526549339,-0.027560938149690628,9.810049057006836,-4.5946682803332806e-05,0.0002979016862809658,-0.0016849602106958628,0.0,-0.0014726037929904123,0.0035600570810284783
729.400010868907,-0.0299675352871418,-0.012507729232311249,9.809951782226562,4.196120426058769e-05,0.00026351065025664866,0.00013701475108973682,359.9802297900763,-0.0014637456498576285,0.0035600535171555862
729.5000108703971,-0.01998191513121128,0.0025002025067806244,9.810019493103027,-1.2810778571292758e-06,0.00021419901167973876,2.7635362130240537e-05,0.0,-0.0014548892886381282,0.003560049953282694
729.6000108718872,0.020047403872013092,-0.0024897679686546326,9.809961318969727,1.6715202946215868e-06,0.00018430723866913468,5.573260750679765e-06,359.9802297900763,-0.0014460310084274397,0.00356004666355387
729.7000108733773,0.04883653670549393,1.7430633306503296e-05,9.810009956359863,2.8610520530492067e-06,0.00018852189532481134,1.1482195532153128e-06,359.9802297900763,-0.0014371684790006611,0.003560043099680978
729.8000108748674,0.0513501912355423,0.03758527711033821,9.809990882873535,4.9273454351350665e-05,0.00021732189634349197,0.0016877581365406513,359.9802297900763,-0.0014283012890814462,0.0035600428255369095
729.9000108763576,0.03134612366557121,-0.002476278692483902,9.810049057006836,-4.4004947994835675e-05,0.0002453972410876304,-0.00013659555406775326,0.0,-0.001419431357746248,0.003560042277248772
730.0000108778477,0.007567348424345255,0.005016394890844822,9.809961318969727,1.6759149730205536e-06,0.00025528439437039196,-2.7096592020825483e-05,359.9802297900763,-0.0014105607410641596,0.003560042277248772
730.1000108793378,-0.00870789960026741,1.4827586710453033e-05,9.810019493103027,-2.091604983434081e-06,0.0002443155099172145,-5.13093755216687e-06,359.9802297900763,-0.0014016909467926553,0.003560042277248772
730.2000108808279,-0.0062102265655994415,-0.027557823807001114,9.809990882873535,-4.797126166522503e-05,0.00022301824355963618,-0.0016877995803952217,0.0,-0.0013928217008185584,0.003560039809952154
730.300010882318,0.008794677443802357,-0.009992518462240696,9.8100004196167,4.2442683479748666e-05,0.00020959644461981952,0.00013706579920835793,359.9802297900763,-0.0013839516324054557,0.003560036246079262
730.4000108838081,0.022559095174074173,-0.002489125356078148,9.809990882873535,-1.6086705727502704e-06,0.0002087244065478444,2.753989065240603e-05,0.0,-0.0013750793708311448,0.0035600329563504384
730.5000108852983,0.026308465749025345,1.1816620826721191e-05,9.80997085571289,1.3385724741965532e-06,0.00021977670257911086,5.713168775400845e-06,0.0,-0.001366205053201952,0.003560029392477546
730.6000108867884,0.017557842656970024,0.002509620040655136,9.81005859375,1.8070859368890524e-06,0.00023209588835015893,1.2971352134627523e-06,0.0,-0.0013573289536168431,0.0035600258286046537
730.7000108882785,0.010059098713099957,-0.0024922629818320274,9.810009956359863,1.4648539945483208e-06,0.00023731531109660864,4.6101428097244934e-07,0.0,-0.0013484520316069393,0.003560022264731761
730.8000108897686,0.0012870505452156067,0.03757854178547859,9.80997085571289,4.7072680899873376e-05,0.00023306196089833975,0.0016883456846699119,359.9802297900763,-0.0013395749725191308,0.0035600219905876926
730.9000108912587,0.0012864782474935055,-0.002478986978530884,9.810019493103027,-4.207962774671614e-05,0.00022480037296190858,-0.0001363730989396572,0.0,-0.0013306979134455332,0.003560021716443624
731.0000108927488,3.811158239841461e-05,0.005015674978494644,9.809951782226562,1.5318801160901785e-06,0.0002194776461692527,-2.714807851589285e-05,359.9802297900763,-0.0013218207172798202,0.003560021716443624
731.100010894239,0.012538590468466282,1.6874633729457855e-05,9.810009956359863,-2.184271579608321e-06,0.0002182418102165684,-5.1348401939321775e-06,359.9802297900763,-0.001312942424533503,0.003560021716443624
731.2000108957291,0.012538590468466282,1.6874633729457855e-05,9.8100004196167,-1.7586280591785908e-06,0.00022180753876455128,-7.085354809532873e-07,359.9802297900763,-0.0013040630352207927,0.003560021716443624
731.3000108972192,0.010053804144263268,-0.027555648237466812,9.81006908416748,-4.787967191077769e-05,0.00022665984579361975,-0.0016885651275515556,0.0,-0.0012951826864338045,0.003560019249147006
731.4000108987093,0.005046490579843521,-0.012498709373176098,9.809942245483398,4.348579386714846e-05,0.00022901888587512076,0.00013689212210010737,359.9802297900763,-0.0012863020634625855,0.003560015685274114
731.5000109001994,0.0025331564247608185,0.040073491632938385,9.810019493103027,4.5036591473035514e-05,0.0002282474160892889,0.0017164127202704549,0.0,-0.0012774210292860744,0.003560015685274114
731.6000109016895,0.006285308860242367,-0.0024837609380483627,9.809990882873535,-4.090866423211992e-05,0.0002253731363452971,-0.00013087631668895483,0.0,-0.0012685394468263667,0.003560015411130045
731.7000109031796,-0.001215156284160912,0.0025155553594231606,9.8100004196167,2.412503818050027e-06,0.00022245147556532174,-2.6104753487743437e-05,359.9802297900763,-0.0012596581385082573,0.003560015411130045
731.8000109046698,0.006293280050158501,-0.027555309236049652,9.809990882873535,-4.585861461237073e-05,0.000221567926928401,-0.0016938582994043827,0.0,-0.0012507761448290466,0.0035600129438334276
731.9000109061599,0.2066531479358673,-0.01244160532951355,9.809904098510742,4.290288779884577e-05,-0.000819503387901932,0.00014107528841122985,359.9802297900763,-0.0012418756464285252,0.003560009379960535
732.00001090765,1.7948110103607178,0.0029566287994384766,9.808942794799805,-2.245185896754265e-06,-0.002262483350932598,2.21357804548461e-05,359.9802297900763,-0.0012328140883823835,0.003560005816087643
732.1000109091401,2.8987598419189453,-0.0017676353454589844,9.80909538269043,1.6233534552156925e-06,0.0003829207271337509,1.1301683571218746e-06,359.9802297900763,-0.0012234923676288645,0.0035600022522147504
732.2000109106302,0.1541362702846527,0.035098686814308167,9.811264038085938,4.90555539727211e-05,0.003418215084820986,0.0017169768689200282,359.9802297900763,-0.001214157076731226,0.003560001978070682
732.3000109121203,-2.375208854675293,-0.020531654357910156,9.810036659240723,-8.558505214750767e-05,0.00323708588257432,-0.0017964290454983711,359.9802297900763,-0.0012050350699297496,0.003559999510774064
732.4000109136105,-3.056122064590454,-0.01575636863708496,9.80851936340332,4.301825538277626e-05,0.0016520185163244605,0.00011487790470710024,359.9802297900763,-0.0011961872071708513,0.003559995946901172
732.5000109151006,-2.267637014389038,-0.0005466938018798828,9.808418273925781,-3.947177901864052e-06,-0.0004492143343668431,2.5486024242127314e-05,359.9802297900763,-0.0011875427593395216,0.0035599923830282793
732.6000109165907,-0.38088229298591614,0.0024175941944122314,9.809117317199707,9.709037840366364e-07,-0.002320448635146022,3.318109975225525e-06,359.9802297900763,-0.0011789323053648104,0.003559989093299456
732.7000109180808,1.6943820714950562,-0.0020742416381835938,9.809569358825684,1.41095370054245e-07,-0.0025038484018296003,-3.85385374102043e-06,359.9802297900763,-0.001170169701410373,0.0035599855294265637
732.8000109195709,2.408766746520996,0.0006003379821777344,9.809696197509766,7.747439667582512e-08,-0.0007877125754021108,-4.500702743825968e-06,359.9802297900763,-0.0011611909348658855,0.003559981965553671
732.900010921061,1.2873163223266602,0.002825498580932617,9.810467720031738,-3.7939753383398056e-07,0.0013385664205998182,-1.1531107020346099e-06,359.9802297900763,-0.0011520967536995386,0.003559978401680779
733.0000109225512,-0.4918995201587677,0.03252065181732178,9.81059741973877,4.449603147804737e-05,0.0022475351579487324,0.0016945952083915472,359.9802297900763,-0.0011430467097000019,0.0035599781275367105
733.1000109240413,-1.5548890829086304,0.002393364906311035,9.809810638427734,-4.1418708860874176e-05,0.0016402449691668153,-0.0001241477148141712,359.9802297900763,-0.0011341363421166761,0.0035599778533926415
733.2000109255314,-1.430594563484192,0.0023952722549438477,9.809340476989746,7.667404133826494e-07,0.0003290818422101438,-2.2245276340981945e-05,0.0,-0.0011253543424913914,0.0035599778533926415
733.3000109270215,-0.46749868988990784,-2.5510787963867188e-05,9.809471130371094,-1.6285921446979046e-06,-0.0008726988453418016,-4.403043476486346e-06,0.0,-0.001116614149822226,0.0035599778533926415
733.4000109285116,0.6738317608833313,7.522106170654297e-05,9.809760093688965,-1.7927959561347961e-06,-0.0011873807525262237,-2.9062857720418833e-06,0.0,-0.0011078135083977259,0.0035599778533926415
733.5000109300017,1.1848912239074707,0.0001201629638671875,9.809931755065918,-1.1721276678144932e-06,-0.00047967370483092964,-2.6177190193266142e-06,0.0,-0.0010989064305420015,0.0035599778533926415
733.6000109314919,0.7875012159347534,7.987022399902344e-05,9.81024169921875,1.0991934686899185e-06,0.0005697471206076443,-9.840534858085448e-07,0.0,-0.0010899288291170706,0.0035599778533926415
733.700010932982,-0.05071436986327171,5.926936864852905e-06,9.810324668884277,-7.695052772760391e-07,0.0011585550382733345,9.989186082748347e-07,0.0,-0.0010809557510782497,0.0035599778533926415
733.8000109344721,-0.6553338766098022,-0.027693450450897217,9.810007095336914,-4.617753438651562e-05,0.0009995653526857495,-0.0016795856645330787,359.9802297900763,-0.001072041545469915,0.003559975386096024
733.9000109359622,-0.6030767560005188,-0.012649834156036377,9.809769630432129,4.236755194142461e-05,-0.00031586273689754307,0.0001384703500661999,359.9802297900763,-0.0010631814833317321,0.0035599718222231315
734.0000109374523,1.0511062145233154,0.00026035308837890625,9.8091402053833,-2.059387043118477e-06,-0.0022265922743827105,2.2841355530545115e-05,359.9802297900763,-0.0010542271156026572,0.0035599682583502394
734.1000109389424,2.6429965496063232,0.0031447410583496094,9.809134483337402,2.0260922610759735e-06,-0.00036577353603206575,8.146664640662493e-07,359.9802297900763,-0.0010450354762099323,0.003559964694477347
734.2000109404325,0.47401517629623413,-0.0023803412914276123,9.8111572265625,2.100132405757904e-06,0.002862319815903902,3.2870482300495496e-06,359.9802297900763,-0.0010358015500742113,0.0035599614047485233
734.3000109419227,-2.0086915493011475,0.0020189285278320312,9.810206413269043,6.726477295160294e-07,0.002867418574169278,6.2357621573028155e-06,359.9802297900763,-0.0010267477366028288,0.0035599578408756307
734.4000109434128,-2.654337167739868,-0.003131866455078125,9.808882713317871,-3.8230791687965393e-07,0.001408689538948238,6.316867256828118e-06,359.9802297900763,-0.0010179322913899114,0.0035599542770027386
734.5000109449029,-1.8068846464157104,-0.0004265308380126953,9.80873966217041,-5.083857104182243e-07,-0.0006337710074149072,3.234208406865946e-06,359.9802297900763,-0.0010092788653395246,0.003559950713129846
734.600010946393,0.04614170640707016,0.04008438438177109,9.809331893920898,4.4707441702485085e-05,-0.002180518349632621,0.001678211847320199,359.9802297900763,-0.0010006211214914629,0.003559950713129846
734.7000109478831,1.7610419988632202,-0.0023311376571655273,9.809578895568848,-4.357402212917805e-05,-0.001967285992577672,-0.00016490051348228008,359.9802297900763,-0.0009918052650874642,0.0035599504389857775
734.8000109493732,2.0311050415039062,0.0027027130126953125,9.809932708740234,1.3508833944797516e-06,-0.00026223150780424476,-3.609885607147589e-05,359.9802297900763,-0.0009828071713826603,0.0035599504389857775
734.9000109508634,0.8255720734596252,9.28640365600586e-05,9.810510635375977,-2.4957116693258286e-06,0.0014821069780737162,-6.826633125456283e-06,359.9802297900763,-0.000973735058792613,0.0035599504389857775
735.0000109523535,-0.6847870945930481,-4.845857620239258e-05,9.810415267944336,-1.4507677406072617e-06,0.001978450920432806,1.491122588959115e-06,359.9802297900763,-0.0009647245600916676,0.0035599504389857775
735.1000109538436,-1.4074360132217407,-0.00012135505676269531,9.809733390808105,-7.870839908719063e-07,0.0012624352239072323,3.305140126030892e-06,359.9802297900763,-0.0009558403047265074,0.0035599504389857775
735.2000109553337,-1.1228091716766357,-0.032874464988708496,9.809468269348145,-6.300618406385183e-05,7.176299550337717e-05,-0.0023552519269287586,359.9802297900763,-0.0009470568658542788,0.003559947697545091
735.3000109568238,-0.18523547053337097,-0.0050598978996276855,9.809593200683594,6.015109829604626e-05,-0.0008551723440177739,0.0002012465411098674,359.9720335630723,-0.0009382898755916358,0.003559944133672199
735.4000109583139,0.9594481587409973,0.030257046222686768,9.809589385986328,4.774751141667366e-05,-0.0019374043913558125,0.00175575097091496,0.0,-0.000929436804099737,0.003559943311239993
735.5000109598041,2.7120201587677,-0.019336938858032227,9.808736801147461,-9.698956273496151e-05,-0.002584432950243354,-0.0019663749262690544,359.9802297900763,-0.0009203403612474403,0.0035599408439433754
735.6000109612942,3.3896639347076416,-0.011405229568481445,9.80881118774414,4.748610081151128e-05,0.000721970631275326,0.00011040428216801956,359.9720335630723,-0.0009109399611304525,0.0035599375542145514
735.7000109627843,0.12582488358020782,4.448741674423218e-05,9.811457633972168,-7.920898497104645e-07,0.00391416298225522,2.830868288583588e-05,359.9720335630723,-0.0009015283211084579,0.0035599339903416593
735.8000109642744,-2.5901718139648438,0.0016858577728271484,9.809967041015625,2.825167030096054e-06,0.003558748634532094,1.2855052773375064e-05,359.9802297900763,-0.0008923492923287313,0.0035599304264687668
735.9000109657645,-3.2193644046783447,-0.0035049915313720703,9.80831527709961,1.7236452549695969e-06,0.0017834702739492059,8.859597073751502e-06,359.9802297900763,-0.0008834591428552585,0.0035599268625958747
736.0000109672546,-2.4848148822784424,-0.0007691383361816406,9.808265686035156,1.8667342374101281e-06,-0.0002247537486255169,5.3734611356048845e-06,359.9802297900763,-0.0008747918039944125,0.003559923298722982
736.1000109687448,-0.7176234722137451,0.0022857189178466797,9.809076309204102,4.949979484081268e-07,-0.002176855457946658,2.7093065568806196e-07,359.9720335630723,-0.0008661886833749577,0.0035599200089941586
736.2000109702349,1.4389177560806274,-0.0020372867584228516,9.80953598022461,-2.9616057872772217e-07,-0.0026848299894481897,-4.3338086470612325e-06,359.9720335630723,-0.0008574563038052929,0.0035599164451212664
736.300010971725,2.852383852005005,0.0306394100189209,9.809045791625977,5.3626252338290215e-05,-0.002703150501474738,0.0017652619862928987,0.0,-0.0008484680107585518,0.0035599153485449918
736.4000109732151,3.4684412479400635,0.010541200637817383,9.808821678161621,-4.288068157620728e-05,0.0002529391786083579,-0.00016409413365181535,0.0,-0.000839168495673448,0.0035599153485449918
736.5000109747052,0.5061745643615723,9.506940841674805e-05,9.811301231384277,9.187497198581696e-07,0.003688644850626588,-3.155921876896173e-05,359.9802297900763,-0.0008298238153372495,0.0035599153485449918
736.6000109761953,-2.2984659671783447,0.010239124298095703,9.810222625732422,7.715774700045586e-05,0.0035094134509563446,0.002914360724389553,0.01978234059262607,-0.0008206854969614596,0.0035599164451212664
736.7000109776855,-3.046455144882202,0.030992507934570312,9.808563232421875,-1.1338968761265278e-05,0.0018424810841679573,0.002118359785526991,0.01978234059262607,-0.0008118205002034529,0.0035599200089941586
736.8000109791756,-2.31440806388855,-0.0016853809356689453,9.808405876159668,-5.807113484479487e-05,-0.0002762213989626616,-0.00022941231145523489,0.027976454840372228,-0.000803163030539622,0.003559923298722982
736.9000109806657,-0.4834226071834564,0.0026929080486297607,9.809150695800781,-2.750428393483162e-06,-0.002190655330196023,-4.541242014965974e-05,0.01978234059262607,-0.0007945488755893848,0.0035599268625958747
737.0000109821558,1.5898973941802979,0.006901860237121582,9.809476852416992,4.072999581694603e-05,-0.0024937766138464212,0.0017008028225973248,0.027976454840372228,-0.0007857919601406138,0.0035599309747569043
737.1000109836459,2.3868210315704346,-0.006119251251220703,9.809737205505371,-4.9123307690024376e-05,-0.0008717101300135255,-0.00016248653992079198,0.027976454840372228,-0.0007768208696603551,0.003559935086917934
737.200010985136,1.3479855060577393,0.024260878562927246,9.810380935668945,6.507523357868195e-05,0.0012455047108232975,0.0024010012857615948,0.03956468118525214,-0.0007677288130878424,0.0035599408439433754
737.3000109866261,-0.41055166721343994,0.010327428579330444,9.81063461303711,-6.470759399235249e-05,0.0022183707915246487,-0.00018144371279049665,0.03956468118525214,-0.0007586737659579512,0.00355994797168916
737.4000109881163,-1.5104351043701172,0.001081228256225586,9.809836387634277,-2.24460382014513e-06,0.0016724519664421678,-3.2568172173341736e-05,0.03956468118525214,-0.0007497542830776638,0.0035599550994349443
737.5000109896064,-1.4386875629425049,0.0012611150741577148,9.809393882751465,3.978156019002199e-05,0.00039227429078891873,0.0016591472085565329,0.048456643664523236,-0.0007409638535307295,0.0035599619530366604
737.6000109910965,-0.5162820219993591,-0.0020328760147094727,9.80944538116455,-4.694459494203329e-05,-0.0008130758651532233,-0.0001417304592905566,0.048456643664523236,-0.0007322196857728613,0.003559968532494308
737.7000109925866,0.6156397461891174,0.001997649669647217,9.809745788574219,-3.145076334476471e-06,-0.0011736052110791206,-2.9992546842549928e-05,0.048456643664523236,-0.0007234202779926591,0.0035599756602400926
737.8000109940767,1.484796166419983,0.0261610746383667,9.80959415435791,4.687486216425896e-05,-0.0018780131358653307,0.0017276405123993754,0.05934702678045817,-0.0007144875676630136,0.0035599852552824947
737.9000109955668,2.594576358795166,0.027069091796875,9.80907154083252,2.2667620214633644e-05,-0.0002316184836672619,0.0023335227742791176,0.06852804166478502,-0.0007053221090131956,0.0035599970434774465
738.000010997057,0.5742688179016113,-0.02067512273788452,9.811135292053223,-6.212713196873665e-05,0.0028530354611575603,-0.00019745856116060168,0.07132625143984156,-0.0006961051798271001,0.0035600077350961233
738.1000109985471,-1.899656891822815,0.030168890953063965,9.810256958007812,4.214746877551079e-05,0.002896652091294527,0.0016444813227280974,0.07661667984915939,-0.00068705890531362,0.003560020345723281
738.2000110000372,-2.5584981441497803,-0.014263629913330078,9.808895111083984,-9.140931069850922e-05,0.0014187160413712263,-0.0017839876236394048,0.07401874669521497,-0.0006782421579174525,0.003560031585630095
738.3000110015273,-1.7173153162002563,-0.01036989688873291,9.808892250061035,3.684632247313857e-05,-0.0005910065374337137,0.00011283178173471242,0.07132625143984156,-0.0006695794794921994,0.003560041728960635
738.4000110030174,0.07440852373838425,0.004922248423099518,9.809334754943848,-6.413552910089493e-06,-0.00207269168458879,2.0032288375659846e-05,0.07132625143984156,-0.0006609099474701452,0.003560052146435243
738.5000110045075,1.7010754346847534,0.020282745361328125,9.80958366394043,4.796730354428291e-05,-0.0018416831735521555,0.001717855571769178,0.07661667984915939,-0.0006520876486746374,0.0035600647570624006
738.6000110059977,1.929166555404663,0.017325758934020996,9.809974670410156,-4.384176281746477e-05,-0.0002029544994002208,-0.0001503674575360492,0.07912936904061088,-0.0006430922964142383,0.0035600792866980384
738.7000110074878,0.7642243504524231,-0.0035399198532104492,9.81052017211914,2.0907027646899223e-06,0.0014430733863264322,-3.0320541554829106e-05,0.07912936904061088,-0.0006340284766821469,0.003560093268045539
738.8000110089779,-0.669191837310791,-0.0015537738800048828,9.810364723205566,-3.046938218176365e-06,0.0018951606471091509,-3.4038052945106756e-06,0.08156468499537084,-0.0006250247630248396,0.0035601072493930395
738.900011010468,-1.341766119003296,-0.0006204843521118164,9.809747695922852,-2.1635787561535835e-06,0.0011982964351773262,2.2246931621339172e-06,0.08156468499537084,-0.0006161415357013311,0.0035601209565964717
739.0000110119581,-1.055281400680542,-0.03351926803588867,9.80950927734375,-1.7955608200281858e-06,6.056364145479165e-05,1.8185294266004348e-06,0.08156468499537084,-0.0006073528880676804,0.00356013137407108
739.1000110134482,-0.1582992821931839,0.00014226138591766357,9.80960750579834,-4.796305438503623e-05,-0.0008080782135948539,-0.0016816880088299513,0.07401874669521497,-0.0005985784274002981,0.003560142065689757
739.2000110149384,0.6996700167655945,-0.00586014986038208,9.809813499450684,4.293781239539385e-05,-0.0008477785158902407,0.00014418452337849885,0.07132625143984156,-0.0005897411877526793,0.0035601522090202968
739.3000110164285,1.2553199529647827,0.0034546852111816406,9.809751510620117,-2.0349398255348206e-07,-0.0015501918969675899,2.4850538466125727e-05,0.07132625143984156,-0.0005807912063318099,0.003560162626494905
739.4000110179186,2.2992327213287354,-0.0026328563690185547,9.80919361114502,-4.7094108595047146e-05,-8.194752444978803e-05,-0.001755759003572166,0.06561060373405075,-0.0005716350343192289,0.0035601733181135817
739.5000110194087,0.14232294261455536,-0.005156412720680237,9.81130313873291,4.390976391732693e-05,0.0037114450242370367,0.00010787826613523066,0.05934702678045817,-0.0005624661488781157,0.003560183461444122
739.6000110208988,-3.3472671508789062,0.008587121963500977,9.809704780578613,7.2503462433815e-07,0.004375159740447998,3.193439988535829e-05,0.05934702678045817,-0.0005535976910522322,0.00356019387891873
739.7000110223889,-4.848146438598633,0.005204200744628906,9.806666374206543,4.051718860864639e-06,0.0033186194486916065,1.698211781331338e-05,0.06255725571100383,-0.0005451641970779519,0.003560204570537407
739.800011023879,-4.916094779968262,-0.029712200164794922,9.805420875549316,2.7939677238464355e-06,0.0010541597148403525,1.2064844668202568e-05,0.06255725571100383,-0.0005371715952975364,0.0035602116982831914
739.9000110253692,-3.7559118270874023,-0.0009558200836181641,9.806367874145508,1.2638047337532043e-06,-0.0005310411215759814,8.477712981402874e-06,0.06255725571100383,-0.0005295157452280819,0.003560218826028976
740.0000110268593,-1.913167119026184,0.002067089080810547,9.808182716369629,3.282912075519562e-08,-0.0028156363405287266,2.6320967663195916e-06,0.06255725571100383,-0.0005220311666676025,0.0035602259537747608
740.1000110283494,0.9087253212928772,0.0015292167663574219,9.809571266174316,3.902241587638855e-07,-0.0038445889949798584,-4.049676135764457e-06,0.06255725571100383,-0.0005144648589094913,0.003560232807376477
740.2000110298395,3.0526857376098633,-0.005776405334472656,9.809269905090332,1.6638077795505524e-06,-0.0035508449655026197,-8.027491276152432e-06,0.06255725571100383,-0.000506624441356962,0.0035602399351222615
740.3000110313296,4.29163932800293,0.022896766662597656,9.80790901184082,-3.5623088479042053e-07,-0.0027103687170892954,-1.013587461784482e-05,0.06255725571100383,-0.0004983990227174218,0.003560249256020595
740.4000110328197,4.9240217208862305,0.007228374481201172,9.806361198425293,1.2168893590569496e-06,-0.0018555686110630631,-1.1369553249096498e-05,0.05934702678045817,-0.0004897319922463339,0.0035602599476392723
740.5000110343099,5.2613091468811035,-0.005623340606689453,9.80527400970459,-1.6338890418410301e-06,-0.0013213561614975333,-1.2128524758736603e-05,0.06255725571100383,-0.00048059312558734746,0.0035602703651138805
740.6000110358,4.708530902862549,-0.005022525787353516,9.806291580200195,7.266644388437271e-07,0.003042861819267273,-6.284461051109247e-06,0.06255725571100383,-0.00047103214556898365,0.0035602810567325572
740.7000110372901,-0.23842941224575043,0.00027017295360565186,9.811956405639648,-9.299255907535553e-07,0.006208143197000027,4.694858944276348e-06,0.05934702678045817,-0.0004614929257655831,0.003560291474207166
740.8000110387802,-3.7295987606048584,0.0015079975128173828,9.80956745147705,8.87550413608551e-07,0.005449291318655014,1.0900514098466374e-05,0.06255725571100383,-0.00045228860719248587,0.003560301891681774
740.9000110402703,-5.029406547546387,0.00790548324584961,9.806610107421875,2.391636371612549e-06,0.003943408839404583,1.3947167644801084e-05,0.05934702678045817,-0.00044353563255583595,0.003560312583300451
741.0000110417604,-5.4839982986450195,-0.006597995758056641,9.804712295532227,5.203764885663986e-07,0.00260910764336586,1.4367074982146733e-05,0.06255725571100383,-0.000435274506671135,0.003560321904198785
741.1000110432506,-5.544933319091797,-0.01902627944946289,9.80400276184082,5.273614078760147e-07,0.001667988719418645,1.4231691238819622e-05,0.05934702678045817,-0.0004275105753066555,0.0035603290319445695
741.2000110447407,-5.450677394866943,0.003380298614501953,9.803817749023438,-7.746275514364243e-07,0.0010748790809884667,1.3545076399168465e-05,0.06255725571100383,-0.0004202353400160064,0.003560336159690354
741.3000110462308,-4.992340087890625,0.005393505096435547,9.804306030273438,2.275337465107441e-07,-0.00035197247052565217,1.1024113518942613e-05,0.06255725571100383,-0.00041340761063679565,0.0035603430132920702
741.4000110477209,-3.6894266605377197,0.016892433166503906,9.806159019470215,2.293987199664116e-05,-0.001361539587378502,0.0012922114692628384,0.06561060373405075,-0.00040691053330021987,0.003560351237614129
741.500011049211,-1.8980363607406616,-0.012714505195617676,9.808294296264648,-3.495882265269756e-05,-0.003107573837041855,-0.00016116671031340957,0.06561060373405075,-0.00040058339099857676,0.0035603578170717767
741.6000110507011,0.7975571751594543,0.001553356647491455,9.809700965881348,1.6973353922367096e-06,-0.004013052675873041,-2.7467440304462798e-05,0.06852804166478502,-0.00039418432014315385,0.0035603649448175613
741.7000110521913,3.004894971847534,0.03118300437927246,9.809383392333984,3.539375029504299e-05,-0.0037062070332467556,0.0014260258758440614,0.07661667984915939,-0.0003875155257873075,0.003560375088148101
741.8000110536814,4.312692165374756,-0.0031867027282714844,9.807952880859375,-3.993627615272999e-05,-0.002819630317389965,-0.00022921482741367072,0.07661667984915939,-0.0003804597770908913,0.0035603852314786406
741.9000110551715,4.965200901031494,-0.0039958953857421875,9.806446075439453,1.4628749340772629e-06,-0.001885977922938764,-4.4098651414969936e-05,0.07661667984915939,-0.00037295864709108173,0.003560395648953249
742.0000110566616,5.254042625427246,-0.009358406066894531,9.805322647094727,3.130408003926277e-07,-0.0011419608490541577,-1.7376129108015448e-05,0.07401874669521497,-0.0003649864004984238,0.003560406340571926
742.1000110581517,4.940264701843262,-0.003939628601074219,9.805667877197266,-3.8533471524715424e-07,0.0012872671941295266,-9.764133210410364e-06,0.07401874669521497,-0.00035657127416754975,0.0035604167580465342
742.2000110596418,2.0754165649414062,-0.0026960372924804688,9.809803009033203,8.102506399154663e-08,0.0046287234872579575,-1.1798510968219489e-06,0.07401874669521497,-0.0003479702438937693,0.0035604271755211424
742.300011061132,-1.6554350852966309,0.0021784305572509766,9.81103801727295,-2.891756594181061e-07,0.005351115949451923,6.420549198082881e-06,0.07661667984915939,-0.0003395181081202736,0.0035604378671398196
742.4000110626221,-3.821612596511841,-0.010457515716552734,9.808734893798828,-3.555603325366974e-05,0.004632595926523209,-0.0014751715352758765,0.06852804166478502,-0.00033140902935713257,0.0035604469138940846
742.5000110641122,-4.86311149597168,0.00816965103149414,9.80646800994873,3.5699689760804176e-05,0.003305235644802451,0.00012684684770647436,0.06561060373405075,-0.0003237362166288449,0.003560456508936487
742.6000110656023,-5.0908098220825195,-0.014033794403076172,9.805182456970215,-9.951181709766388e-07,0.0020905020646750927,3.417608968447894e-05,0.06852804166478502,-0.0003165199908607974,0.003560464184970409
742.7000110670924,-4.621220588684082,0.0004229545593261719,9.805320739746094,-6.223272066563368e-07,-0.00013954676978755742,1.3021938684687484e-05,0.06852804166478502,-0.0003097181338205246,0.003560471038572125
742.8000110685825,-2.995590925216675,0.0010232925415039062,9.807117462158203,1.473468728363514e-06,-0.0014410855947062373,6.6187667471240275e-06,0.06561060373405075,-0.00030318466384926523,0.0035604781663179097
742.9000110700727,-1.0124826431274414,0.0011951923370361328,9.808934211730957,1.2654345482587814e-06,-0.0032264094334095716,4.817331387130253e-07,0.06561060373405075,-0.00029674176423100107,0.0035604852940636944
743.0000110715628,1.6127099990844727,-0.0018863677978515625,9.80974006652832,-8.062925189733505e-07,-0.0038250263314694166,-4.965589141647797e-06,0.06852804166478502,-0.0002901539109245732,0.00356049214766541
743.1000110730529,3.512192487716675,-0.0016145706176757812,9.808880805969238,-4.912726581096649e-08,-0.003337984438985586,-8.04691171651939e-06,0.06852804166478502,-0.00028325084332436745,0.0035604992754111947
743.200011074543,4.211544513702393,0.027182579040527344,9.80810832977295,3.831152571365237e-05,-0.0008690706454217434,0.0015145712532103062,0.07401874669521497,-0.0002759699538046334,0.0035605094187417348
743.3000110760331,2.3291585445404053,-0.0030443668365478516,9.81005573272705,-4.0240585803985596e-05,0.0024840424302965403,-0.00015449449711013585,0.07401874669521497,-0.00026848021792602594,0.0035605195620722744
743.4000110775232,-0.670204758644104,0.005890905857086182,9.811012268066406,1.8975697457790375e-06,0.0038219259586185217,-2.4560897145420313e-05,0.07661667984915939,-0.00026105087938788074,0.0035605299795468826
743.5000110790133,-2.2624709606170654,0.0029718875885009766,9.80962085723877,-5.292240530252457e-07,0.0027766197454184294,1.0925485867119278e-06,0.07401874669521497,-0.0002538246816214951,0.0035605406711655594
743.6000110805035,-2.4313457012176514,0.0031909942626953125,9.808810234069824,-2.1420419216156006e-07,0.0012990625109523535,4.7201056077028625e-06,0.07401874669521497,-0.0002468166168512198,0.003560551088640168
743.7000110819936,-1.5468461513519287,0.002032637596130371,9.80894660949707,1.3211974874138832e-06,-0.0007350161904469132,2.251059186164639e-06,0.07401874669521497,-0.0002399472518419543,0.003560561780258845
743.8000110834837,0.4218878746032715,-0.0005430877208709717,9.809271812438965,2.561137080192566e-08,-0.0024175713770091534,-2.5544206891936483e-06,0.07401874669521497,-0.00023303991790157852,0.003560572197733453
743.9000110849738,2.290703535079956,-0.04031014442443848,9.809404373168945,-3.4531811252236366e-05,-0.0019445624202489853,-0.001484241452999413,0.06852804166478502,-0.00022592697588663668,0.0035605795996233062
744.0000110864639,2.279202461242676,0.007344484329223633,9.80982494354248,3.8133206544443965e-05,0.0002797641500364989,0.0001678438566159457,0.06852804166478502,-0.0002186095395444454,0.003560587549801297
744.100011087954,0.4729759693145752,0.0044550299644470215,9.810806274414062,-8.505303412675858e-07,0.0023248549550771713,3.200069841113873e-05,0.06852804166478502,-0.00021124978219688728,0.003560596048267425
744.2000110894442,-1.3603391647338867,-0.015883803367614746,9.810286521911621,1.0994262993335724e-06,0.0025066921953111887,9.874002898868639e-06,0.06852804166478502,-0.00020401217318521958,0.0035606031760132095
744.3000110909343,-2.018218994140625,0.0023910999298095703,9.809338569641113,1.3923272490501404e-07,0.0014067215379327536,5.887473889742978e-06,0.06852804166478502,-0.0001969556877412515,0.0035606100296149256
744.4000110924244,-1.42385733127594,0.004189133644104004,9.809149742126465,1.8495193216949701e-06,-0.00029575213557109237,2.555018681960064e-06,0.06852804166478502,-0.0001900269020183032,0.0035606171573607103
744.5000110939145,0.11554113030433655,-0.0026270002126693726,9.80942440032959,2.157525159418583e-06,-0.0017481744289398193,-1.3412966382020386e-06,0.06852804166478502,-0.00018308764740027073,0.003560624010962426
744.6000110954046,1.6571383476257324,-0.0019450187683105469,9.809563636779785,7.565831765532494e-07,-0.0015880906721577048,-3.4549766496638767e-06,0.06852804166478502,-0.00017599965249814886,0.0035606311387082106
744.7000110968947,1.8435012102127075,-0.0021636486053466797,9.809928894042969,9.419527486898005e-07,4.534996332949959e-05,-2.532992994019878e-06,0.06852804166478502,-0.00016874624591878273,0.0035606382664539952
744.8000110983849,0.5815288424491882,0.0018256306648254395,9.810593605041504,9.66247171163559e-08,0.0017111728666350245,4.5489872491089045e-07,0.06852804166478502,-0.0001614407348711211,0.0035606451200557113
744.900011099875,-0.9182944893836975,-0.0014054179191589355,9.810306549072266,4.3353065848350525e-07,0.0020784076768904924,3.288400648671086e-06,0.06852804166478502,-0.00015421770686430136,0.003560652247801496
745.0000111013651,-1.5623164176940918,0.0018534660339355469,9.809659004211426,6.442423909902573e-07,0.00125305715482682,3.967126758652739e-06,0.06852804166478502,-0.0001471348864470201,0.003560659101403212
745.1000111028552,-1.1415985822677612,0.0013562440872192383,9.80937671661377,9.587020031176507e-07,-9.542986663291231e-05,2.370811671426054e-06,0.06852804166478502,-0.00014015445024995188,0.0035606662291489967
745.2000111043453,0.032568372786045074,0.00247114896774292,9.809514045715332,-4.698522388935089e-07,-0.0012040712172165513,-1.4498615428237827e-06,0.06852804166478502,-0.00013317104132681834,0.0035606733568947814
745.3000111058354,1.1772081851959229,-0.0038785934448242188,9.80977725982666,-3.1047966331243515e-07,-0.0011137186083942652,-2.488040536263725e-06,0.06852804166478502,-0.0001260819327058016,0.003560680210496497
745.4000111073256,1.3458293676376343,-0.0015766620635986328,9.809993743896484,-2.1917039703112096e-06,4.8421792598674074e-05,-2.108339685946703e-06,0.06852804166478502,-0.00011887208935945637,0.0035606873382422817
745.5000111088157,0.16417038440704346,-1.9601620435714722,9.808667182922363,-0.007812028750777245,0.0022734669037163258,-0.23966869711875916,359.2553281530845,-0.00011164983240519177,0.0035605187396400683
745.6000111103058,-1.4297263622283936,-2.357093334197998,9.807936668395996,0.0012966915965080261,0.002324279397726059,-0.19234609603881836,358.0448547076182,-0.00010456302831585162,0.0035601439846982374
745.7000111117959,-1.9752144813537598,-0.6611206531524658,9.808891296386719,0.001947362907230854,0.001315274741500616,-0.12131094187498093,357.20930400607216,-9.765608844247708e-05,0.0035597190613918454
745.800011113286,-1.4481515884399414,-0.389689564704895,9.809011459350586,0.0013206694275140762,-0.0002979876007884741,-0.08096335083246231,356.6657575519226,-9.088080628316675e-05,0.0035592672719667266
745.9000111147761,0.04063251614570618,-0.32425621151924133,9.809235572814941,0.000884354580193758,-0.0017414900939911604,-0.05859361216425896,356.2864361661767,-8.410364790734093e-05,0.0035587864232703324
746.0000111162663,1.6005403995513916,-0.26964759826660156,9.809574127197266,0.0006605436792597175,-0.0016443354543298483,-0.044373881071805954,356.0049230893455,-7.718482561358542e-05,0.0035582715807094263
746.1000111177564,1.9247417449951172,-2.0572712421417236,9.807425498962402,-0.006181247066706419,-0.0003942796029150486,-0.24901144206523895,355.03372483088305,-7.010986969646638e-05,0.003557559080275031
746.2000111192465,1.3988227844238281,-4.378201007843018,9.801176071166992,-0.004622185602784157,0.0017144405283033848,-0.430568665266037,352.89858037558037,-6.29588302274442e-05,0.003556441943195323
746.3000111207366,0.02861642837524414,-5.063583850860596,9.796988487243652,-0.002267105970531702,0.0034402403980493546,-0.5410144329071045,349.954413673468,-5.588427697489351e-05,0.0035548790478600063
746.4000111222267,-0.8652117252349854,-3.256735324859619,9.803102493286133,0.0043919701129198074,0.0024653791915625334,-0.39536330103874207,347.3657173365198,-4.894909167774131e-05,0.0035530499586340406
746.5000111237168,-1.3463749885559082,-3.976483106613159,9.798470497131348,-0.0029708314687013626,0.0025883906055241823,-0.5310812592506409,344.5882345709125,-4.2224633233445275e-05,0.003550910538322374
746.600011125207,-1.1740970611572266,-6.108874320983887,9.788434982299805,-0.001983138732612133,0.0022731609642505646,-0.6627990007400513,340.99435295419187,-3.577744796245952e-05,0.003548289446882107
746.7000111266971,-0.10814762115478516,-6.45747184753418,9.784700393676758,-0.0006594276055693626,0.001809350331313908,-0.7428072094917297,336.83588790067796,-2.956591521297014e-05,0.003545141998830051
746.8000111281872,1.0160713195800781,-6.519222259521484,9.782698631286621,0.00015432244981639087,0.002332972129806876,-0.790706992149353,332.3482896914395,-2.3543601855635643e-05,0.0035414366675983132
746.9000111296773,1.1343421936035156,-6.579763412475586,9.781624794006348,0.0010654532816261053,0.0037425884511321783,-0.8147552013397217,327.668653883497,-1.7749269261457812e-05,0.0035371805809326774
747.0000111311674,0.20154762268066406,-6.5719709396362305,9.781310081481934,0.0019478845642879605,0.0049605341628193855,-0.817084014415741,322.92038833477415,-1.229405609137757e-05,0.003532445838723196
747.1000111326575,-0.8570175170898438,-6.550287246704102,9.780956268310547,0.0025702971033751965,0.005109800025820732,-0.8075290322303772,318.1968480708468,-7.285730944772695e-06,0.003527326472385413
747.2000111341476,-1.34196138381958,-6.746476173400879,9.778890609741211,0.0022791132796555758,0.004626795649528503,-0.8219224810600281,313.43322825686977,-2.7973052993957026e-06,0.0035218808746059482
747.3000111356378,-0.9703974723815918,-6.814708709716797,9.778082847595215,0.0024540687445551157,0.0036307848058640957,-0.8287695050239563,308.6272885907954,1.1617805171226792e-06,0.0035161230267323025
747.4000111371279,-0.014896869659423828,-6.738340377807617,9.77851676940918,0.0022807354107499123,0.0029181342106312513,-0.834789514541626,303.800421225104,4.620607256811127e-06,0.003510032093815259
747.500011138618,1.1712708473205566,-4.793316841125488,9.791861534118652,0.007566114887595177,0.0013182428665459156,-0.6365368962287903,299.71656915808336,7.760564528780378e-06,0.0035036379575583
747.6000111401081,1.248518705368042,-2.8827505111694336,9.801514625549316,0.006042717956006527,0.00161052867770195,-0.48092377185821533,296.6489126357772,1.0721744544639478e-05,0.0034970286182074584
747.7000111415982,-0.25794005393981934,-4.8130035400390625,9.793169021606445,-0.002716482849791646,0.0040498836897313595,-0.637488067150116,293.31755616999516,1.3279586866588033e-05,0.0034902706927714138
747.8000111430883,-1.6213487386703491,-7.005281925201416,9.78122615814209,-0.0004672838840633631,0.00464085815474391,-0.7541709542274475,289.1466328514352,1.5198631757584735e-05,0.003483444779606347
747.9000111445785,-1.9307469129562378,-8.021652221679688,9.770172119140625,-0.0029797772876918316,0.005327029153704643,-0.9326667785644531,284.12778252855315,1.638075919174753e-05,0.0034766120128395636
748.0000111460686,-0.27970170974731445,-6.160067081451416,9.784582138061523,0.00868275947868824,0.0010263570584356785,-0.7094184756278992,279.5101648382743,1.7016563546690122e-05,0.0034697129032081695
748.1000111475587,1.8509876728057861,-2.4304544925689697,9.802529335021973,0.008278357796370983,-0.0005710062105208635,-0.4642660915851593,276.3520766113572,1.7456370940749366e-05,0.003462624634169414
748.2000111490488,1.984184980392456,-1.4761408567428589,9.80665397644043,0.00557097839191556,0.0005867295549251139,-0.31689125299453735,274.25567298902683,1.777906312838695e-05,0.003455349398875846
748.3000111505389,0.49749672412872314,-1.2855852842330933,9.808478355407715,0.004095332231372595,0.0021321424283087254,-0.22505499422550201,272.7805980151142,1.798999986135641e-05,0.003448023721073648
748.400011152029,-1.146069884300232,-0.994886040687561,9.80904483795166,0.003244942519813776,0.00230320543050766,-0.15774932503700256,271.73809258171684,1.810955022563121e-05,0.0034407983800005724
748.5000111535192,-1.7862622737884521,-0.6382797360420227,9.808887481689453,0.002680826699361205,0.0012679836945608258,-0.10328187048435211,271.0375883804403,1.8169617774788094e-05,0.0034337323166313766
748.6000111550093,-1.2411465644836426,-0.40014657378196716,9.809013366699219,0.0019164291443303227,-0.00026138353860005736,-0.06904034316539764,270.57450155471344,1.8193157742985022e-05,0.0034267770074659118
748.7000111564994,0.12043435126543045,-0.2805865406990051,9.8093843460083,0.0013180614914745092,-0.0014929566532373428,-0.04784804955124855,270.25949323019245,1.8191915543752657e-05,0.0034198107325377008
748.8000111579895,1.4108420610427856,-0.19955095648765564,9.809585571289062,0.0009303225670009851,-0.001317679532803595,-0.03386802598834038,270.03890544075773,1.8173100258422892e-05,0.003412717803049778
748.9000111594796,1.5571600198745728,-0.1399790197610855,9.810025215148926,0.0006687819259241223,7.938520138850436e-05,-0.02405758947134018,269.8820842974142,1.8141610112820672e-05,0.003405485334230918
749.0000111609697,0.478565514087677,0.0717909187078476,9.810501098632812,0.0008649028022773564,0.0014812314184382558,-0.00015879131387919188,269.8388628603464,1.8116521630417992e-05,0.0033982098247932815
749.1000111624599,-0.7828003168106079,0.05022137984633446,9.810254096984863,0.00020398748165462166,0.0017892055911943316,-0.000764572701882571,269.835393124248,1.809619000425755e-05,0.0033910047703812852
749.20001116395,-1.3062217235565186,-0.02331133745610714,9.80978012084961,0.00012909265933558345,0.0010752147063612938,-0.0015573115088045597,269.82771599162095,1.8074144961133243e-05,0.003383916775486598
749.3000111654401,-0.9189497828483582,0.002758997492492199,9.809455871582031,0.00013505961396731436,-7.202305278042331e-05,0.0002955410163849592,269.8261313877335,1.805261180720663e-05,0.003376911297956572
749.4000111669302,0.04942171275615692,0.004609155002981424,9.809632301330566,5.188414434087463e-05,-0.0009204782545566559,4.901518695987761e-05,269.82686904816387,1.8031491990200266e-05,0.003369901159977379
749.5000111684203,0.4773426949977875,-0.0009145911317318678,9.810222625732422,3.455344995018095e-05,0.0012606853852048516,1.0225871847069357e-05,269.82697833119056,1.8010162307291466e-05,0.0033628485296675462
749.6000111699104,-1.8447067737579346,-0.019250085577368736,9.810455322265625,-1.6789288565632887e-05,0.0030480404384434223,-0.0018360191024839878,269.8194378023469,1.798763321403385e-05,0.003355960934087035
749.7000111714005,-3.5649614334106445,0.06891904771327972,9.808405876159668,0.00017159870185423642,0.002881950233131647,0.00646531255915761,269.8430975776318,1.7972150516243346e-05,0.0033493932646346267
749.8000111728907,-4.229352951049805,0.05273653566837311,9.806904792785645,-6.408037734217942e-05,0.0022675110958516598,0.00444737309589982,269.8730957684665,1.7962223509471187e-05,0.003343205284717285
749.9000111743808,-4.485534191131592,0.004858104512095451,9.80610179901123,-6.0464277339633554e-05,0.0016499166376888752,0.002373355906456709,269.89088158106523,1.7953489461319805e-05,0.0033374192000045692
750.0000111758709,-6.771127700805664,0.0028581134974956512,9.802145004272461,-5.769735435023904e-05,0.017200857400894165,0.0014547777827829123,269.9017006007105,1.7946047933037335e-05,0.0033322400702598225
750.100011177361,-21.916624069213867,-0.004621520638465881,9.722238540649414,-2.4985223717521876e-05,-0.0004972003516741097,0.00039023489807732403,269.90618120480605,1.794140567312752e-05,0.003329027650063499
750.2000111788511,-3.0285542011260986,0.002157050184905529,9.827695846557617,-5.930814950261265e-07,-0.013503794558346272,0.000581418804358691,269.9092138087975,1.7937385621280555e-05,0.0033260855359188548
750.3000111803412,5.120522975921631,0.008491132408380508,9.816757202148438,6.680935257463716e-06,-0.009728001430630684,0.0010539653012529016,269.91462331862016,1.793343515998913e-05,0.003322683133882964
750.4000111818314,5.477764129638672,-0.011928949505090714,9.808733940124512,-2.98382256005425e-05,-0.005640729330480099,-0.00039864506106823683,269.91396762045986,1.7927677063767078e-05,0.003318788917387933
750.5000111833215,5.239063262939453,0.010143568739295006,9.813163757324219,4.766684287460521e-05,-0.0030541340820491314,0.0011079342802986503,269.91836626228536,1.7922155635119452e-05,0.0033144248179592527
750.6000111848116,3.230797290802002,0.03882233798503876,9.826841354370117,-1.7368631233694032e-05,0.004555183462798595,0.0032807306852191687,269.93549637672373,1.791978151288731e-05,0.0033097706741059517
750.7000111863017,-1.480547547340393,0.007340381853282452,9.7677001953125,-3.128751995973289e-05,0.0027379796374589205,0.0018444035667926073,269.9489108682536,1.7918178400577744e-05,0.0033052500384140784
750.8000111877918,-1.3600311279296875,-0.007226974703371525,9.805112838745117,-2.1193378415773623e-05,0.001640918431803584,0.000821535533759743,269.9548394724532,1.791601737011206e-05,0.0033008513968327494
750.9000111892819,-1.1735576391220093,0.00795862078666687,9.830411911010742,1.1948684914386831e-05,0.00014118276885710657,0.0014275952707976103,269.9623526805402,1.7914637012950152e-05,0.0032965580265737785
751.000011190772,0.6379534006118774,-0.014989037066698074,9.812588691711426,-3.6849043681286275e-05,-0.0027445550076663494,-0.0005065447185188532,269.9616969823799,1.7911874152787277e-05,0.003292207634348531
751.1000111922622,3.133176326751709,0.023825203999876976,9.839327812194824,1.4697263395646587e-05,0.00037972527206875384,0.00243007461540401,269.97114996419117,1.7911100982814787e-05,0.003287575970308858
751.2000111937523,1.450615406036377,0.0030507452320307493,9.777321815490723,-3.749362440430559e-05,-0.00031640479573979974,0.0006773020140826702,269.9778981910912,1.7910548393729187e-05,0.0032828140878365815
751.3000111952424,2.6846652030944824,-0.012656762264668941,9.802875518798828,-1.7810905774240382e-05,-0.0017427438870072365,-7.974329491844401e-05,269.97806211563125,1.7908766466234738e-05,0.0032778117810161075
751.4000111967325,4.256819725036621,0.009998386725783348,9.807999610900879,4.2936117097269744e-05,-0.001852560555562377,-0.0005683207418769598,269.98098543659603,1.7907752365431406e-05,0.0032724273173639494
751.5000111982226,4.813305854797363,0.014835509471595287,9.807733535766602,-2.4430422854493372e-05,-0.00023212189262267202,0.005554780829697847,269.9982521548178,1.7908051120230084e-05,0.0032666116250918207
751.6000111997128,3.4347469806671143,-0.007514393888413906,9.809350967407227,-2.8663414923357777e-05,0.0034056755248457193,-0.00010257597750751302,269.99707736228055,1.790765813325379e-05,0.003260487520742472
751.7000112012029,-0.5068988800048828,0.014898722060024738,9.811860084533691,4.098705539945513e-05,0.004954787902534008,0.0017472290201112628,270.0049730609611,1.7908592980120375e-05,0.0032544094725966547
751.800011202693,-2.718482255935669,0.018007436767220497,9.809931755065918,-1.4685772839584388e-05,0.004206614103168249,0.0014632093952968717,270.01418015596226,1.7911073157961255e-05,0.0032485756868159956
751.9000112041831,-3.391216993331909,-0.007048812694847584,9.808375358581543,-3.814866067841649e-05,0.0025630907621234655,-0.00018446744070388377,270.0159560051465,1.791283796137577e-05,0.003243046200951527
752.0000112056732,-3.039811611175537,-0.00419993232935667,9.807944297790527,4.821312700187264e-07,0.0009009675704874098,-2.1935060431133024e-05,270.0155461937963,1.791414761953547e-05,0.0032377892142912866
752.1000112071633,-2.1695823669433594,0.0009723687544465065,9.808557510375977,-1.5132569615161628e-06,-0.0003726355207618326,6.805869929848996e-07,270.0155188730396,1.791549158269845e-05,0.0032327268699197807
752.2000112086535,-0.8205147981643677,0.00023679641890339553,9.809260368347168,-1.0075291356770322e-06,-0.0018425899324938655,9.384757504449226e-08,270.0155188730396,1.7916835531650577e-05,0.0032277377220146014
752.3000112101436,0.9719201326370239,0.00013802747707813978,9.809755325317383,-2.0364593638078077e-06,-0.0020018236245959997,-2.366194621572504e-06,270.0155188730396,1.791821482299838e-05,0.003222661396295595
752.4000112116337,1.515946865081787,-6.676267366856337e-05,9.810195922851562,-4.714269721262099e-07,-0.00017381412908434868,-1.1251823934799177e-06,270.0154915522829,1.7919624085038777e-05,0.003217448820974474
752.5000112131238,-0.014898250810801983,-5.028152372688055e-06,9.810869216918945,1.2225254977238365e-06,0.0021347280126065016,2.3868965399742592e-06,270.0154915522829,1.792103228126507e-05,0.003212237890517765
752.6000112146139,-1.7392088174819946,1.1669471859931946e-05,9.810020446777344,-2.2703022750647506e-07,0.0022799838334321976,4.977430762664881e-06,270.0155188730396,1.792239658016115e-05,0.0032071826738920436
752.700011216104,-2.2280209064483643,0.010998283512890339,9.80916690826416,1.3233705431048293e-05,0.001487016910687089,0.0010101846419274807,270.01983555259505,1.792467540440157e-05,0.0032023275824364294
752.8000112175941,-2.0761163234710693,-0.002929678652435541,9.808961868286133,-2.5644883862696588e-05,0.0006519016460515559,-0.00013994537584949285,270.0209283828622,1.7926623328889946e-05,0.003197658360659353
752.9000112190843,-1.4331728219985962,-0.003596508875489235,9.809185981750488,3.953564828407252e-06,-0.0005901230033487082,-1.4950808690628037e-05,270.0206005337821,1.7928200733763333e-05,0.0031931179865945375
753.0000112205744,-0.05906204134225845,0.0005193903343752027,9.809521675109863,3.0921376037440496e-07,-0.0016554341418668628,-1.7137085706053767e-06,270.0206005337821,1.7929822035966936e-05,0.0031885825471229573
753.1000112220645,1.192767858505249,0.011352868750691414,9.80990982055664,1.4936644220142625e-05,-0.0009538502199575305,0.001042765099555254,270.02502649636426,1.7932503510564857e-05,0.0031839401914646077
753.2000112235546,0.6404486298561096,-0.0033712382428348064,9.810566902160645,-2.453366141708102e-05,0.0011034479830414057,-0.00016626266005914658,270.02601004360474,1.7934910829353612e-05,0.003179240265551844
753.3000112250447,-0.9583900570869446,-0.0039218636229634285,9.810470581054688,6.5723329498723615e-06,0.002105529885739088,-1.991014323721174e-05,270.0256275530112,1.793692406693026e-05,0.0031746261467325643
753.4000112265348,-1.3589072227478027,0.0004021087661385536,9.787656784057617,2.89417869225872e-07,-0.0003341156989336014,-4.093824657047662e-07,270.02560023225453,1.793891804879877e-05,0.0031701342961678977
753.500011228025,-0.7642626166343689,9.723898256197572e-05,9.821855545043945,-2.0006967815788812e-07,0.0008336776518262923,1.8154590861740871e-06,270.02560023225453,1.7940890600698367e-05,0.003165710707476323
753.6000112295151,-1.5548906326293945,4.005362279713154e-05,9.823528289794922,-3.3201831683982164e-07,0.0004629966279026121,1.5953640968291438e-06,270.02560023225453,1.7942803168580213e-05,0.003161426658115686
753.7000112310052,-1.22738778591156,1.0901247151196003e-05,9.810151100158691,4.164995743849431e-07,-0.0004868301039095968,5.679536343450309e-07,270.02560023225453,1.7944667561664573e-05,0.0031572525405265733
753.8000112324953,-0.2865097224712372,2.05976830329746e-05,9.808032989501953,-1.1340848686813843e-06,-0.0010930084390565753,-5.881908009541803e-07,270.02560023225453,1.7946519093925417e-05,0.003153104192479913
753.9000112339854,0.13918498158454895,4.555353370960802e-05,9.808693885803223,-3.545527818005212e-07,-0.00025011241086758673,-2.0622467218345264e-06,270.02560023225453,1.7948380289567467e-05,0.003148943233806095
754.0000112354755,-0.6461806297302246,-3.339786780998111e-05,9.80943489074707,-1.0304751185685745e-06,0.0007668352918699384,-1.2858698937634472e-05,270.02560023225453,1.7950212551909317e-05,0.003144839845386692
754.1000112369657,-1.2918336391448975,2.117990516126156e-05,9.809466361999512,-1.0007636319642188e-07,0.00042046530870720744,-4.968916982761584e-06,270.0256275530112,1.7951993427800517e-05,0.0031408529681964605
754.2000112384558,-0.9317818880081177,5.5652461014688015e-05,9.809362411499023,1.4375734735949663e-06,-0.000528668228071183,2.400351206688356e-07,270.0256548737679,1.795374001289929e-05,0.003136949156659027
754.3000112399459,-0.13108159601688385,-2.901440893765539e-05,9.809605598449707,-7.153307706175838e-07,-0.000792674021795392,-1.905904838395145e-07,270.0256548737679,1.795547912308848e-05,0.0031330574074606137
754.400011241436,-0.03574720025062561,2.611742638691794e-05,9.810094833374023,1.2121072359150276e-06,8.293693826999515e-05,5.754659468948375e-07,270.0256548737679,1.795721716746357e-05,0.0031291686738469555
754.5000112429261,-0.8362698554992676,1.312850508838892e-05,9.810194969177246,-4.83169515064219e-07,0.0007367911748588085,1.3272938303998671e-06,270.0256548737679,1.7958924132699394e-05,0.0031253545074199675
754.6000112444162,-1.2126141786575317,-1.2258846759796143,9.809144020080566,-0.002652526833117008,-0.0002985565224662423,-0.11118322610855103,269.57049106747826,1.785175095392333e-05,0.0031216505469085724
754.7000112459064,0.7504148483276367,-0.5077994465827942,9.808981895446777,0.0011532242642715573,-0.0031318727415055037,-0.06956939399242401,269.1331130737873,1.7698219551220973e-05,0.0031178796952444294
754.8000112473965,3.6046576499938965,-0.010558292269706726,9.808035850524902,0.00025153273600153625,-0.003504690248519182,-0.06019623950123787,268.7855384073037,1.7537061381744934e-05,0.003113785353579291
754.9000112488866,4.779572486877441,-0.13428425788879395,9.831338882446289,-0.00010325264884158969,-0.002658126875758171,-0.05522580444812775,268.4694645732722,1.7352542087678557e-05,0.003109262798878937
755.0000112503767,3.022599697113037,-1.9347467422485352,9.790701866149902,-0.0065861959010362625,0.0023084215354174376,-0.26750126481056213,267.432751140291,1.698316400222666e-05,0.003104477065872689
755.1000112518668,1.9314453601837158,-2.1346750259399414,9.79391860961914,0.0017975762020796537,-0.00027702387887984514,-0.2257479876279831,266.05532055075287,1.641142478092661e-05,0.003099532329306629
755.2000112533569,3.9257168769836426,-0.6144390106201172,9.80654525756836,0.001244756393134594,-0.001289948122575879,-0.17565780878067017,264.9551956415172,1.57543988876796e-05,0.0030942413487818773
755.300011254847,5.2032999992370605,-2.9338040351867676,9.801472663879395,-0.009807193651795387,0.0004071146249771118,-0.44951963424682617,263.0339727110194,1.4780788021084845e-05,0.0030885191396371548
755.4000112563372,4.8729400634765625,-3.7662253379821777,9.799688339233398,0.0003746069851331413,0.00020361656788736582,-0.4260022044181824,260.556471853759,1.340343145272982e-05,0.003082421078974327
755.5000112578273,5.425369739532471,-1.7286570072174072,9.80230712890625,0.0015707986894994974,0.00017627334455028176,-0.3301675617694855,258.50741510275515,1.1778367522197186e-05,0.0030758769859118218
755.6000112593174,4.310628890991211,-3.5346875190734863,9.798567771911621,-0.0046423980966210365,0.004754933528602123,-0.5158971548080444,255.91500314289848,9.753311331905934e-06,0.0030690351723907734
755.7000112608075,0.3837404251098633,-5.713022232055664,9.793228149414062,-0.0038026589900255203,0.005867174826562405,-0.6517250537872314,252.3977289279087,7.2314006018814325e-06,0.0030623150788362014
755.8000112622976,-0.5975685119628906,-6.375893592834473,9.786455154418945,-0.001455383375287056,0.005443788133561611,-0.730949878692627,248.2869385948015,4.2002986191391756e-06,0.003055855422146837
755.9000112637877,-0.39989566802978516,-4.381326198577881,9.79638385772705,0.005697650369256735,0.0029446841217577457,-0.5501448512077332,244.7222082254585,8.311285739637242e-07,0.003049595616483512
756.0000112652779,-0.44239234924316406,-4.768509864807129,9.792996406555176,-0.0014906164724379778,0.0032025203108787537,-0.6494185328483582,241.17206714018263,-2.8914874548036096e-06,0.0030435756868802464
756.100011266768,-0.5070648193359375,-6.657598495483398,9.783055305480957,-0.0009656599722802639,0.0034649453591555357,-0.7553749084472656,236.98890412262998,-7.087894232427061e-06,0.0030379176274475854
756.2000112682581,-0.7078495025634766,-6.9035162925720215,9.780593872070312,0.0025416980497539043,0.005605538375675678,-0.7998468279838562,232.3802749612989,-1.1733822333326316e-05,0.0030326861361857286
756.3000112697482,-2.940220832824707,-6.4943366050720215,9.78170108795166,0.004316347185522318,0.006665493361651897,-0.7976848483085632,227.67411069862004,-1.663073146573879e-05,0.0030280396683663494
756.4000112712383,-3.994034767150879,-6.369139671325684,9.779985427856445,0.003692364552989602,0.004252430982887745,-0.8018087148666382,222.97783654985935,-2.1653072224125935e-05,0.0030240533394642554
756.5000112727284,-2.1350479125976562,-6.324094772338867,9.7808256149292,0.003414324251934886,0.0015682235825806856,-0.8013415336608887,218.2979548551067,-2.6875060541442508e-05,0.0030206284576147356
756.6000112742186,0.5227069854736328,-6.193346977233887,9.782950401306152,0.002428277861326933,0.0002696691080927849,-0.8174275755882263,213.60296478190998,-3.244219195153164e-05,0.0030176378199699423
756.7000112757087,2.6454825401306152,-6.168882369995117,9.782672882080078,0.0011914698407053947,0.0005078117828816175,-0.8459765911102295,208.79063205877242,-3.848257955496592e-05,0.0030150150836652633
756.8000112771988,3.231480598449707,-8.244882583618164,9.763834953308105,-0.010426215827465057,0.004849557764828205,-1.1353328227996826,203.0070600960374,-4.507753490656796e-05,0.0030129559875657084
756.9000112786889,3.3690271377563477,-8.158210754394531,9.76817798614502,0.007957150228321552,0.006115252152085304,-0.9610287547111511,197.0252350624536,-5.2174807876781415e-05,0.003011504943010397
757.000011280179,0.8102855682373047,-4.0502800941467285,9.795326232910156,0.008456356823444366,0.005146794021129608,-0.6937072277069092,192.45042899789243,-5.94206669148889e-05,0.0030103902732273066
757.1000112816691,-0.7071356773376465,-2.815530776977539,9.801315307617188,0.006818176247179508,0.004035096615552902,-0.4887092411518097,189.21727699199684,-6.664391335675646e-05,0.003009532750580601
757.2000112831593,-1.8081860542297363,-3.39607572555542,9.799549102783203,0.0030819668900221586,0.0031439540907740593,-0.46160686016082764,186.46879520960536,-7.37400169157354e-05,0.0030089940574857233
757.3000112846494,-1.5559861660003662,-2.3899717330932617,9.803976058959961,0.005886927712708712,0.0008634882979094982,-0.3154412508010864,184.35888147309674,-8.071315400570711e-05,0.0030086779693745814
757.4000112861395,-0.3474477529525757,-1.1690549850463867,9.807518005371094,0.004373475909233093,-0.0009531304240226746,-0.21205639839172363,182.94404876766362,-8.766058154208167e-05,0.0030084668784417287
757.5000112876296,1.0830161571502686,-0.8514013290405273,9.808638572692871,0.0030569855589419603,-0.0014081783592700958,-0.14987978339195251,181.96683994273155,-9.470781462539435e-05,0.003008328435687065
757.6000112891197,1.6350574493408203,-0.6370542049407959,9.80931568145752,0.0022780585568398237,-0.0003562783822417259,-0.10820507258176804,181.26656796788683,-0.00010190299130385938,0.003008242628593581
757.7000112906098,0.8648221492767334,-0.4276520013809204,9.810142517089844,0.0018204634543508291,0.0011358644114807248,-0.07366110384464264,180.77708929120703,-0.00010917623048101177,0.0030081938309493633
757.8000112921,-0.4415634870529175,-0.27064192295074463,9.81028938293457,0.0013610671740025282,0.0018039837013930082,-0.04818249121308327,180.45025107904357,-0.00011640996721951069,0.0030081694321272543
757.9000112935901,-1.23427152633667,-0.1752610206604004,9.809836387634277,0.0009669209248386323,0.0013379754964262247,-0.031622789800167084,180.2365754410489,-0.00012353298400569201,0.0030081609336611265
758.0000112950802,-1.1093742847442627,-0.12765204906463623,9.809491157531738,0.0006763124256394804,0.0002702099736779928,-0.0211896114051342,180.09487633652782,-0.0001305565036346934,0.003008163675101813
758.1000112965703,-0.25510403513908386,-0.07388448715209961,9.809586524963379,0.0004640446277335286,-0.0007601652760058641,-0.014600951224565506,180.00000500895632,-0.00013755719221819618,0.003008173270144215
758.2000112980604,0.7557293176651001,-0.07004058361053467,9.80974292755127,0.0003139513428322971,-0.0009633875451982021,-0.010565957985818386,179.92867051326473,-0.00014462571432716231,0.0030081888963561275
758.3000112995505,0.7296867966651917,0.0307655930519104,9.810324668884277,0.0004045485984534025,0.0015733923064544797,0.0004443565849214792,179.91376704049574,-0.00015175976541570435,0.003008202055271422
758.4000113010406,-1.8317532539367676,0.024611711502075195,9.810598373413086,0.00010511651635169983,0.0032899044454097748,0.00046424008905887604,179.9160756444352,-0.00015872943288286478,0.003008212472746031
758.5000113025308,-3.58581280708313,-0.005331993103027344,9.808420181274414,6.110104732215405e-05,0.0030316042248159647,9.546468936605379e-05,179.91376704049574,-0.00016537739226407666,0.0030082231643647076
758.6000113040209,-4.270395755767822,-0.0062580108642578125,9.806931495666504,4.2244791984558105e-05,0.0023550698533654213,2.708887041080743e-05,179.91843888988805,-0.00017164232100697063,0.003008233581839316
758.700011305511,-4.511963844299316,0.030932903289794922,9.806026458740234,2.5474000722169876e-05,0.001699561020359397,1.4048209777683951e-05,179.9160756444352,-0.00017750264736093868,0.003008240983729169
758.8000113070011,-5.216969013214111,-0.007556915283203125,9.804814338684082,1.5418045222759247e-05,0.012035231105983257,1.2322574548306875e-05,179.9160756444352,-0.0001828953010516443,0.0030082481114749537
758.9000113084912,-19.102426528930664,-0.005115509033203125,9.738930702209473,9.25775384530425e-06,0.0008518013055436313,1.9522544789651874e-06,179.9160756444352,-0.00018657407458988473,0.003008253320212258
759.0000113099813,-3.247976064682007,0.012817144393920898,9.823291778564453,4.699453711509705e-06,-0.012276703491806984,-4.57054193248041e-06,179.91843888988805,-0.00018996235820623042,0.0030082568840851505
759.1000113114715,4.785669326782227,0.018485546112060547,9.818944931030273,5.6862831115722656e-05,-0.008941165171563625,0.002871990669518709,179.92867051326473,-0.00019378089379529229,0.0030082590772376994
759.2000113129616,5.23382043838501,0.0029015541076660156,9.809048652648926,-2.468191087245941e-05,-0.005336025729775429,0.0019169710576534271,179.94065066506892,-0.00019806934660948627,0.0030082620928224544
759.3000113144517,4.6727776527404785,-0.005890369415283203,9.839034080505371,-7.381662726402283e-06,0.0010717874392867088,0.0012054897379130125,179.95153798660593,-0.00020277703423232651,0.003008265656695347
759.4000113159418,0.5579459071159363,0.002956092357635498,9.776368141174316,-3.814208321273327e-05,0.002157422946766019,-0.0003916844434570521,179.94765843915735,-0.00020753454752764355,0.0030082689464241705
759.5000113174319,-0.6559029817581177,-0.002954542636871338,9.805984497070312,5.8905105106532574e-05,0.0014728754758834839,0.0014756795717403293,179.95153798660593,-0.00021223301703798825,0.0030082725102970626
759.600011318922,-1.0638158321380615,0.019368648529052734,9.811162948608398,2.8890790417790413e-06,0.0011785358656197786,0.0012509243097156286,179.9604308929053,-0.00021683596447985565,0.0030082744293055434
759.7000113204122,-1.2225438356399536,-0.015781283378601074,9.790462493896484,-3.462051972746849e-05,0.0003531477996148169,-0.00037195661570876837,179.96573111970122,-0.00022132918577710825,0.0030082774448902984
759.8000113219023,-0.9552942514419556,0.019519388675689697,9.820324897766113,3.069674130529165e-05,0.0007690367056056857,0.0010618310188874602,179.96573111970122,-0.00022573673703618624,0.0030082788156106416
759.9000113233924,-1.3314518928527832,-0.020740270614624023,9.824776649475098,-2.64661357505247e-05,-0.00016731863433960825,-0.0002714318106882274,179.96573111970122,-0.00023002488143220035,0.003008282105339465
760.0000113248825,-0.17565713822841644,-0.005092427134513855,9.810625076293945,8.411938324570656e-06,-0.00154991599265486,-8.149847417371348e-06,179.96573111970122,-0.00023429733106183903,0.0030082853950682887
760.1000113263726,0.8156130909919739,0.0029615163803100586,9.808526992797852,1.4800461940467358e-06,-0.000350215908838436,-2.7118005618831376e-07,179.96573111970122,-0.00023864304571930006,0.0030082889589411813
760.2000113278627,-0.7472782731056213,0.037306785583496094,9.809404373168945,3.6742305383086205e-05,0.001861104159615934,0.002073618583381176,179.98021112074164,-0.00024292174926188181,0.0030082889589411813
760.3000113293529,-2.012944459915161,-0.0004436969757080078,9.808821678161621,-2.6406371034681797e-05,0.0009261920349672437,0.0012179100885987282,179.98021112074164,-0.0002470198261335099,0.0030082889589411813
760.400011330843,-1.4947736263275146,-0.00018656253814697266,9.80877685546875,-1.1223950423300266e-05,-0.0005152516532689333,0.0009179381304420531,179.98021112074164,-0.0002509838979705137,0.0030082889589411813
760.5000113323331,0.056350987404584885,-0.004968985915184021,9.80917739868164,-5.343928933143616e-06,-0.002124920953065157,0.0006190087296999991,179.98021112074164,-0.0002549530757391949,0.0030082895072293184
760.6000113338232,1.37116277217865,0.010048508644104004,9.809720993041992,4.736240953207016e-06,-0.0009780159452930093,0.0007461618515662849,179.98021112074164,-0.0002590454127329167,0.0030082889589411813
760.7000113353133,0.05694262683391571,0.010046787559986115,9.810742378234863,8.040922693908215e-06,0.0014026496792212129,0.001141629065386951,180.00000500895632,-0.0002631428556441051,0.003008287588220838
760.8000113368034,-1.3899635076522827,-0.014893054962158203,9.810111999511719,-2.872222103178501e-05,0.0011546373134478927,-0.0003673355095088482,180.01979889717103,-0.00026711556301961537,0.003008287588220838
760.9000113382936,-1.3521567583084106,0.00010764598846435547,9.809483528137207,1.3500852219294757e-05,-6.474005931522697e-05,-8.22449874249287e-06,180.00000500895632,-0.0002709669273599502,0.003008287588220838
761.0000113397837,-1.0216279029846191,0.022754311561584473,9.80972671508789,2.5303917936980724e-05,0.0012636660831049085,0.001309631741605699,180.01979889717103,-0.0002747267618588012,0.0030082853950682887
761.1000113412738,-2.9122769832611084,-0.016960620880126953,9.809288024902344,-3.240222577005625e-05,0.0018971218960359693,-0.00031095341546460986,180.00000500895632,-0.00027822531993138,0.00300828512092422
761.2000113427639,-3.045228958129883,-0.004446268081665039,9.808025360107422,8.694041753187776e-06,-0.00029004228417761624,-4.568569238472264e-06,180.01979889717103,-0.00028145079623698166,0.00300828512092422
761.300011344254,-1.4483577013015747,0.015397071838378906,9.808835983276367,1.4402205124497414e-05,-0.0017375284805893898,0.0007965693366713822,180.00000500895632,-0.0002845464995857583,0.003008283750203877
761.4000113457441,0.7695555090904236,0.019787132740020752,9.809322357177734,1.477077603340149e-06,-0.004073909018188715,0.0009652410517446697,180.01979889717103,-0.00028771142432049146,0.003008280734619122
761.5000113472342,3.7966065406799316,-0.02874612808227539,9.80830192565918,-2.426840364933014e-05,-0.00416399072855711,-0.0003707426367327571,180.01979889717103,-0.00029121711014568064,0.0030082799121869163
761.6000113487244,4.609719276428223,-0.011458396911621094,9.807683944702148,1.341185998171568e-05,-0.0014138108817860484,-1.2223973499203566e-05,180.00000500895632,-0.0002951363765504311,0.003008280186330985
761.7000113502145,2.4168012142181396,0.001741647720336914,9.81005859375,3.4547410905361176e-06,0.002358473604544997,-2.447920621762023e-07,180.01979889717103,-0.0002992722853178975,0.003008280186330985
761.8000113517046,-0.09231767058372498,0.037632644176483154,9.810585021972656,3.492820542305708e-05,0.0016150710871443152,0.001772242016158998,180.0279814637967,-0.00030339962707159884,0.0030082766224580923
761.9000113531947,1.087778091430664,-0.010506987571716309,9.808778762817383,-4.883576184511185e-05,-0.0014791494468227029,-0.0004888115799985826,180.0279814637967,-0.00030762439277509657,0.0030082744293055434
762.0000113546848,3.571345090866089,-0.0015838146209716797,9.831768035888672,1.2568896636366844e-05,-0.0025277831591665745,-1.968237484106794e-05,180.01979889717103,-0.00031216949581391873,0.0030082719620089255
762.100011356175,2.7574572563171387,0.011283397674560547,9.79265022277832,3.7249410524964333e-06,0.0013600267702713609,-2.557701009209268e-06,180.01979889717103,-0.000316961911096314,0.0030082683981360334
762.2000113576651,1.9244585037231445,-0.0033409595489501953,9.79613208770752,1.604727003723383e-06,-0.0006293069454841316,-7.916457434475888e-06,180.0279814637967,-0.00032192669445407773,0.003008264834263141
762.3000113591552,3.2489395141601562,0.0010745525360107422,9.808271408081055,1.3527460396289825e-06,0.0005608875071629882,7.137128932299674e-07,180.01979889717103,-0.000327182824406691,0.0030082612703902487
762.4000113606453,1.1818623542785645,-0.0005104541778564453,9.812461853027344,-1.3879034668207169e-06,0.003675737651064992,-5.055801466369303e-08,180.0279814637967,-0.0003325447739825904,0.003008257706517356
762.5000113621354,-1.7551366090774536,-0.0017124414443969727,9.811907768249512,-5.615875124931335e-07,0.003997118677943945,5.63997764402302e-06,180.01979889717103,-0.0003377490221652124,0.0030082544167885326
762.6000113636255,-2.8413610458374023,0.0037674903869628906,9.80964469909668,5.613546818494797e-07,0.0028727338649332523,7.766238923068158e-06,180.01979889717103,-0.0003426983163734576,0.00300825085291564
762.7000113651156,-2.8916168212890625,0.0012888908386230469,9.808709144592285,2.0042061805725098e-06,0.0014476943761110306,6.851924808870535e-06,180.0279814637967,-0.000347388201774379,0.003008247289042748
762.8000113666058,-1.9474471807479858,-0.0016298294067382812,9.801502227783203,1.6320263966917992e-06,-0.0018913078820332885,1.5119051568035502e-05,180.0279814637967,-0.0003519034573855606,0.0030082437251698554
762.9000113680959,0.051403507590293884,0.002486802637577057,9.82217025756836,6.510672392323613e-07,-7.850892143324018e-05,-5.387973033066373e-06,180.01979889717103,-0.00035642354478682137,0.0030082401612969633
763.000011369586,0.1693241000175476,-0.002564951777458191,9.807106971740723,6.558257155120373e-07,0.00044740544399246573,1.2181145621070755e-06,180.01979889717103,-0.00036095891573495464,0.0030082368715681398
763.1000113710761,-0.15682870149612427,0.002579614520072937,9.80762767791748,1.607229933142662e-06,0.0007666203891858459,-1.2389787116262596e-06,180.01979889717103,-0.00036548023676630237,0.0030082333076952472
763.2000113725662,-0.1545848697423935,7.864832878112793e-05,9.80802059173584,1.725375113892369e-06,-1.5885356333456002e-05,-1.1034071576432325e-05,180.01979889717103,-0.00036998771355456483,0.003008229743822355
763.3000113740563,-12.561895370483398,-0.024428367614746094,9.772771835327148,-7.878988981246948e-07,0.02119019627571106,7.24141500541009e-06,180.0279814637967,-0.0003733682183195697,0.0030082286472460805
763.4000113755465,-14.206841468811035,-0.00370025634765625,9.80384349822998,6.547197699546814e-07,-0.007998092100024223,-5.8845034800469875e-06,180.01979889717103,-0.00037547402170901023,0.0030082286472460805
763.5000113770366,2.7819037437438965,-0.001226186752319336,9.813773155212402,-1.862645149230957e-07,-0.008920829743146896,-7.992212886165362e-06,180.01979889717103,-0.00037783049559436677,0.0030082286472460805
763.6000113785267,4.263134002685547,-0.0018792152404785156,9.809839248657227,-1.5227124094963074e-07,-0.00688591692596674,-4.86138196720276e-06,180.0279814637967,-0.0003805699144834307,0.0030082286472460805
763.7000113800168,5.599615097045898,-0.002468585968017578,9.806266784667969,1.8905848264694214e-07,-0.004443551413714886,-5.630152372759767e-06,180.01979889717103,-0.00038381190796599185,0.0030082286472460805
763.8000113815069,5.67932653427124,0.0024971961975097656,9.805009841918945,9.569339454174042e-08,-0.0023523722775280476,-5.941712515777908e-06,180.01979889717103,-0.00038756332966727314,0.003008228373102012
763.900011382997,5.187978267669678,0.0327153205871582,9.805122375488281,-4.055837052874267e-07,-0.00011898444790858775,-4.820047706743935e-06,180.0279814637967,-0.0003917799395765087,0.0030082248092291194
764.0000113844872,2.984109401702881,-0.003808736801147461,9.826607704162598,-1.5529803931713104e-07,0.003648440819233656,7.694353598708403e-07,180.0279814637967,-0.0003962639427754766,0.0030082212453562272
764.1000113859773,-1.4608142375946045,0.003159046173095703,9.776076316833496,6.309710443019867e-07,0.0052210004068911076,3.5848229344992433e-06,180.0279814637967,-0.00040061645961486647,0.0030082176814833347
764.2000113874674,-3.295391798019409,-0.0085296630859375,9.82343578338623,8.903443813323975e-07,0.0036099867429584265,3.887220373144373e-06,180.0279814637967,-0.0004046731407356674,0.0030082149400426483
764.3000113889575,-2.8095295429229736,-0.028745651245117188,9.811370849609375,-7.390990504063666e-07,9.531774412607774e-05,7.459381777152885e-06,180.0279814637967,-0.00040847767786544864,0.0030082149400426483
764.4000113904476,-0.773695170879364,0.000352323055267334,9.809319496154785,-8.997740224003792e-07,-0.0016035038279369473,-4.354094471636927e-07,180.0279814637967,-0.00041221295933269175,0.0030082149400426483
764.5000113919377,0.5760871767997742,0.03975456953048706,9.809491157531738,2.3423810489475727e-05,-0.0014912585029378533,0.0013612761395052075,180.03427889821145,-0.0004160000540451847,0.003008211376169756
764.6000113934278,0.04984614625573158,-0.010033641010522842,9.810376167297363,-3.6184326745569706e-05,0.001383354072459042,-0.0003441215376369655,180.03427889821145,-0.0004197917063635259,0.0030082086347290697
764.700011394918,-2.598647356033325,0.0064160823822021484,9.809873580932617,1.0352348908782005e-05,0.0023643169552087784,-4.374402124085464e-06,180.0279814637967,-0.00042335019919903516,0.0030082056191443147
764.8000113964081,-3.5587990283966064,-0.013064146041870117,9.808006286621094,2.9802322387695312e-06,0.0015855747042223811,3.425179329497041e-06,180.0279814637967,-0.00042658945125140235,0.003008203700135834
764.9000113978982,-3.2360692024230957,-0.0182344913482666,9.807579040527344,2.97736914944835e-06,5.988591510686092e-05,2.6826985504158074e-06,180.0279814637967,-0.00042953848750926227,0.003008203700135834
765.0000113993883,-1.9516654014587402,0.0010684728622436523,9.808433532714844,-3.4854747354984283e-07,-0.0020845162216573954,1.1600457128224662e-07,180.03427889821145,-0.0004323126541549982,0.003008203700135834
765.1000114008784,0.7606199383735657,-0.0004038214683532715,9.80929183959961,-1.1934898793697357e-06,-0.004334223456680775,-3.0822282042208826e-06,180.0279814637967,-0.0004351552882582155,0.003008203700135834
765.2000114023685,3.3021507263183594,0.005716562271118164,9.809072494506836,7.171183824539185e-08,-0.002438310533761978,-2.4752096123847878e-06,180.0279814637967,-0.0004382943749305923,0.003008203151847697
765.3000114038587,1.2521843910217285,0.024330854415893555,9.811238288879395,8.384231477975845e-07,0.0021493665408343077,1.5469952359126182e-06,180.0279814637967,-0.00044154575785171346,0.003008200136262942
765.4000114053488,-2.2249324321746826,-0.0312807559967041,9.810742378234863,3.4831464290618896e-07,0.0030718885827809572,3.2398475013906136e-06,180.0279814637967,-0.00044459742682079195,0.003008200136262942
765.5000114068389,-2.5210649967193604,0.001379251480102539,9.808758735656738,-3.8836151361465454e-07,-0.000299979408737272,4.971662974639912e-07,180.0279814637967,-0.00044742278984699624,0.003008200136262942
765.600011408329,0.10292353481054306,-4.6119093894958496e-05,9.808917999267578,4.17931005358696e-07,-0.0026437989436089993,-1.9745448298635893e-06,180.0279814637967,-0.00045025754232597137,0.003008200136262942
765.7000114098191,2.3053154945373535,-0.0012416839599609375,9.809183120727539,-4.330649971961975e-07,-0.0022233151830732822,-2.264177282995661e-06,180.0279814637967,-0.0004532992392967117,0.003008200136262942
765.8000114113092,1.3544988632202148,-0.00072479248046875,9.810714721679688,1.3994285836815834e-06,0.0016556503251194954,1.1329151448080665e-06,180.0279814637967,-0.00045646245062869184,0.003008200136262942
765.9000114127994,-1.6710090637207031,0.041052937507629395,9.810795783996582,1.1312542483210564e-05,0.0025012255646288395,0.0007548662251792848,180.03957912500738,-0.00045947563664583413,0.0030081968465341183
766.0000114142895,-3.015634536743164,-0.0231778621673584,9.80909252166748,-1.912633888423443e-05,0.0027906440664082766,-0.00017370870045851916,180.03427889821145,-0.0004622182081845949,0.003008195475813775
766.1000114157796,-4.171192169189453,-0.012488842010498047,9.807368278503418,4.836474545300007e-06,0.0018527719657868147,8.569886063014565e-07,180.0279814637967,-0.00046458664158421925,0.003008195475813775
766.2000114172697,-4.873679161071777,0.02313852310180664,9.805802345275879,-1.3424083590507507e-05,0.008446471765637398,0.0003200944047421217,180.03957912500738,-0.0004665180208291986,0.0030081935568052943
766.3000114187598,-16.902803421020508,-0.009172439575195312,9.77766227722168,-4.648580215871334e-06,0.0010687721660360694,-9.280404356104555e-08,180.03957912500738,-0.0004669328350530577,0.0030081935568052943
766.4000114202499,-4.688271522521973,0.0029997825622558594,9.796684265136719,1.4300458133220673e-06,-0.007536452729254961,-4.733001333079301e-07,180.03957912500738,-0.0004669278319369141,0.0030081935568052943
766.50001142174,-0.015491083264350891,1.4856457710266113e-05,9.809834480285645,4.041939973831177e-07,-0.004920004401355982,-3.472466687526321e-07,180.03957912500738,-0.0004669222119701999,0.0030081935568052943
766.6000114232302,1.6213710308074951,-0.0010673999786376953,9.810523986816406,-3.859400749206543e-06,-0.00500126089900732,0.0023328352253884077,180.03957912500738,-0.00046706247093197817,0.0030081935568052943
766.7000114247203,4.014734268188477,-0.0016407966613769531,9.809154510498047,3.3704563975334167e-06,-0.004605928901582956,0.00937467161566019,180.01979889717103,-0.0004675631950732395,0.0030081935568052943
766.8000114262104,5.151669025421143,0.0013070106506347656,9.807181358337402,1.8889782950282097e-05,-0.0031646781135350466,-0.012934804894030094,180.00000500895632,-0.00046852609185066285,0.0030081932826612257
766.9000114277005,5.693499565124512,-0.004459381103515625,9.805048942565918,3.0211172997951508e-05,-0.002465540776029229,0.013770422898232937,180.00000500895632,-0.00046999965049110415,0.0030081935568052943
767.0000114291906,5.788768291473389,0.0023746490478515625,9.804221153259277,5.5594369769096375e-05,-0.001277493080124259,0.013063901104032993,180.00000500895632,-0.00047199219811489,0.0030081935568052943
767.1000114306808,5.969255447387695,0.026904582977294922,9.802989959716797,4.7143897973001e-05,-0.001079792040400207,0.007902242243289948,180.00000500895632,-0.00047451997775738164,0.003008191089508677
767.2000114321709,6.2238030433654785,0.0063571929931640625,9.802149772644043,1.2869131751358509e-05,-0.0005371406441554427,0.002009567804634571,180.01979889717103,-0.00047760567487387107,0.003008188073923922
767.300011433661,5.962719917297363,0.0009045600891113281,9.802556991577148,3.823399310931563e-06,7.130118319764733e-05,0.0008405523258261383,180.00000500895632,-0.0004812259186337542,0.0030081845100510293
767.4000114351511,5.61939001083374,0.0004372596740722656,9.802915573120117,1.3783312169834971e-05,0.00026978758978657424,0.001111342222429812,180.00000500895632,-0.0004853497650429972,0.003008180946178137
767.5000114366412,5.447881698608398,-0.005270957946777344,9.830277442932129,1.855249865911901e-05,0.00029058463405817747,0.0016317510744556785,180.0279814637967,-0.0004899619648597309,0.0030081773823052447
767.6000114381313,3.00344181060791,0.0006794929504394531,9.786157608032227,-1.3860873878002167e-05,0.0026426976546645164,0.0007684645825065672,180.0279814637967,-0.0004948431000002529,0.0030081738184323525
767.7000114396214,2.4109983444213867,-0.0014972686767578125,9.797186851501465,-2.0392806618474424e-05,-0.0002211798564530909,-0.00042032296187244356,180.03427889821145,-0.000499940157865808,0.0030081705287035286
767.8000114411116,4.09226655960083,-0.0050144195556640625,9.806596755981445,1.5776604413986206e-05,-0.0013057156465947628,0.001503371517173946,180.03427889821145,-0.0005054040547634031,0.0030081669648306364
767.9000114426017,4.969018936157227,0.02167510986328125,9.806729316711426,5.225534550845623e-06,-0.0015104709891602397,-0.010578026063740253,180.03957912500738,-0.0005113134700280852,0.003008161207805195
768.0000114440918,5.550784111022949,-0.007243156433105469,9.805160522460938,2.683501224964857e-05,-0.0011115687666460872,0.012657614424824715,180.0442509743997,-0.000517720525337495,0.0030081559990678907
768.1000114455819,5.5732221603393555,-0.026125431060791016,9.804448127746582,-0.00010555243352428079,-0.0006810616469010711,-0.012291097082197666,180.03427889821145,-0.0005246272081933512,0.0030081524351949986
768.200011447072,5.028336048126221,-0.0007801055908203125,9.80521297454834,5.223788321018219e-05,0.001625697361305356,0.0018374196952208877,180.03957912500738,-0.0005319846181919274,0.0030081491454661746
768.3000114485621,2.0967774391174316,-0.0013689994812011719,9.80972957611084,-2.4582259356975555e-06,0.004410427063703537,3.393586666788906e-05,180.03427889821145,-0.0005395297825714351,0.0030081455815932825
768.4000114500523,-1.2260462045669556,-0.0016754865646362305,9.810895919799805,9.462237358093262e-07,0.004304005764424801,1.0768070751510095e-05,180.03427889821145,-0.0005469645011544344,0.0030081420177203904
768.5000114515424,-2.5514848232269287,0.004200935363769531,9.809385299682617,6.724148988723755e-07,0.0025194853078573942,6.743560788891045e-06,180.03957912500738,-0.0005541701038822566,0.003008138453847498
768.6000114530325,-2.5728209018707275,0.0017139911651611328,9.808636665344238,-7.034395821392536e-07,0.000757864851038903,5.119279194332194e-06,180.03957912500738,-0.0005611448772810945,0.0030081348899746057
768.7000114545226,-1.6071103811264038,0.03128409385681152,9.808856010437012,4.358065780252218e-05,-0.001429881202057004,0.0014224774204194546,180.0442509743997,-0.0005679754851541929,0.0030081285846610267
768.8000114560127,0.502489447593689,0.0021131038665771484,9.809281349182129,-3.996351733803749e-05,-0.0031929498072713614,-0.00019023749337065965,180.0442509743997,-0.0005748512925407567,0.0030081220052033796
768.9000114575028,2.4771132469177246,0.00557708740234375,9.80921459197998,2.8188806027173996e-06,-0.002611448522657156,-3.603426375775598e-05,180.04847203130674,-0.000581949465029652,0.003008114877457595
769.000011458993,2.4550979137420654,-0.039208173751831055,9.809782981872559,-4.629509930964559e-05,-0.00018304142577107996,-0.00154015957377851,180.03957912500738,-0.0005892678094738812,0.003008111039440634
769.1000114604831,0.4925128221511841,-0.005307435989379883,9.810853004455566,4.158902447670698e-05,0.0019333023810759187,0.00015027381596155465,180.03957912500738,-0.0005966303596522948,0.0030081077497118103
769.2000114619732,-1.4241713285446167,0.0034276247024536133,9.810261726379395,-8.260831236839294e-07,0.0019733828958123922,3.0181445254129358e-05,180.03957912500738,-0.0006038649530921703,0.0030081041858389178
769.3000114634633,-2.1178083419799805,0.0013766288757324219,9.809353828430176,7.291091606020927e-07,0.0008317642495967448,8.4149878603057e-06,180.03957912500738,-0.0006109094961317396,0.0030081006219660257
769.4000114649534,-1.5611963272094727,-0.0014824867248535156,9.80904483795166,1.0940711945295334e-06,-0.0008965972228907049,2.886722313633072e-06,180.03957912500738,-0.0006178139516066494,0.003008097058093133
769.5000114664435,0.017123455181717873,0.002498738467693329,9.809348106384277,5.532056093215942e-07,-0.002445510821416974,-1.7028582988132257e-06,180.03957912500738,-0.0006247201204274688,0.003008093494220241
769.6000114679337,1.698074221611023,-0.0010858774185180664,9.809548377990723,5.059409886598587e-07,-0.0023480355739593506,-4.504649950831663e-06,180.03957912500738,-0.0006317786448306606,0.003008090204491417
769.7000114694238,2.015552043914795,-0.0037903785705566406,9.809833526611328,4.015164449810982e-07,-0.0006183473160490394,-4.110177997063147e-06,180.03957912500738,-0.0006390180357982445,0.003008086640618525
769.8000114709139,0.7361413240432739,0.0020359158515930176,9.8106107711792,-1.4516990631818771e-07,0.0011840944644063711,-3.2232358648798254e-07,180.03957912500738,-0.0006463234269489249,0.0030080830767456324
769.900011472404,-0.8950223326683044,-0.0019112825393676758,9.810379028320312,1.3762619346380234e-06,0.0016111584845930338,2.4467897219437873e-06,180.03957912500738,-0.0006535484253191726,0.0030080795128727402
770.0000114738941,-1.6746852397918701,0.0035915374755859375,9.809616088867188,6.010523065924644e-07,0.0007630244363099337,3.1795448194316123e-06,180.03957912500738,-0.0006606231242329841,0.003008075948999848
770.1000114753842,-1.3100370168685913,0.0008556842803955078,9.809344291687012,1.7276033759117126e-06,-0.000642283062916249,1.3736289474763907e-06,180.03957912500738,-0.0006675802838742584,0.003008072659271024
770.2000114768744,-0.09336439520120621,0.025136664509773254,9.809494018554688,4.418077878654003e-05,-0.0018856915412470698,0.001455971971154213,180.0442509743997,-0.0006745291506575768,0.003008066628101514
770.3000114783645,1.2095444202423096,0.016572117805480957,9.809630393981934,-4.140532109886408e-05,-0.0018910698127001524,-0.00018609377730172127,180.0442509743997,-0.0006815866470191168,0.003008059226211661
770.4000114798546,1.5217763185501099,-0.008748531341552734,9.809998512268066,4.927918780595064e-05,-0.0006519125308841467,0.0014699484454467893,180.05235157875532,-0.0006887805986082185,0.0030080526467540134
770.5000114813447,0.6407754421234131,0.006937205791473389,9.810426712036133,-4.25447360612452e-05,0.0007209800533019006,-0.00016754685202613473,180.0559579186371,-0.0006960320518913932,0.00300804524486416
770.6000114828348,-0.5792739987373352,-0.004464209079742432,9.810319900512695,5.331821739673615e-07,0.0011280173202976584,-2.7675403543980792e-05,180.05235157875532,-0.0007032314178161414,0.0030080381171183755
770.7000114843249,-1.2073277235031128,-0.02915334701538086,9.809831619262695,-6.407668115571141e-05,0.0005334682064130902,-0.002058719750493765,180.04847203130674,-0.0007103224282900555,0.003008034004957346
770.800011485815,-0.9669815301895142,-0.004304766654968262,9.809544563293457,5.7375989854335785e-05,-0.0005165491020306945,0.00022455488215200603,180.03957912500738,-0.0007173267406983541,0.003008030166940385
770.9000114873052,-0.08877303451299667,-0.0074261948466300964,9.809653282165527,-3.8228463381528854e-06,-0.0013947237748652697,3.6642308259615675e-05,180.03957912500738,-0.0007243230344187168,0.0030080268772115612
771.0000114887953,0.8161351680755615,0.0019228458404541016,9.809752464294434,-1.1641532182693481e-08,-0.001401043962687254,3.557656327757286e-06,180.03957912500738,-0.0007313926616490107,0.003008023313338669
771.1000114902854,1.0368331670761108,0.0017642974853515625,9.810049057006836,5.438923835754395e-07,-0.0005621731979772449,-1.3210345741754281e-06,180.03957912500738,-0.0007385553608116879,0.0030080200236098456
771.2000114917755,0.44909316301345825,-0.00031238794326782227,9.810317993164062,-2.0358129404485226e-07,0.0003693003091029823,-5.835528327224893e-07,180.03957912500738,-0.0007457582906056359,0.003008016459736953
771.3000114932656,-0.3711417317390442,-0.002222120761871338,9.810229301452637,9.965733624994755e-07,0.0006663590320385993,1.1386074447727879e-06,180.03957912500738,-0.0007529278433651143,0.003008012895864061
771.4000114947557,-0.798791766166687,0.003085494041442871,9.809906959533691,3.791064955294132e-07,0.000266691786237061,1.2715022421616595e-06,180.03957912500738,-0.0007600257074358296,0.0030080093319911684
771.5000114962459,-0.6321119070053101,0.0004652738571166992,9.809730529785156,-1.3961107470095158e-07,-0.00045158041757531464,5.737096557822952e-07,180.03957912500738,-0.0007670668236841038,0.0030080057681182762
771.600011497736,-0.04285912215709686,0.04010269418358803,9.809744834899902,4.4868444092571735e-05,-0.0010075579630210996,0.0014650168595835567,180.04847203130674,-0.0007741042390136954,0.0030079983662284226
771.7000114992261,0.5253424048423767,-0.0004373788833618164,9.809894561767578,-4.1870574932545424e-05,-0.000983681995421648,-0.00017292553093284369,180.04847203130674,-0.0007811887385571481,0.003007991512626707
771.8000115007162,0.6376308798789978,-0.008028090000152588,9.810068130493164,1.7664860934019089e-06,-0.00044255226384848356,-3.069116792175919e-05,180.04847203130674,-0.0007883303971709665,0.0030079849331690594
771.9000115022063,0.26498234272003174,0.00728723406791687,9.810198783874512,-2.668239176273346e-07,0.00012372485070955008,-5.560339104704326e-06,180.04847203130674,-0.0007954959062885791,0.0030079778054232747
772.0000115036964,-0.24055567383766174,-0.0022864043712615967,9.810149192810059,-4.878384061157703e-07,0.0002961281861644238,-5.000399596610805e-07,180.04847203130674,-0.0008026397580351841,0.00300797067767749
772.1000115051866,-0.4872931241989136,-0.029729127883911133,9.809950828552246,-6.46707194391638e-05,3.4215259802294895e-05,-0.002071122173219919,180.0442509743997,-0.000809739883791849,0.0030079665655164604
772.2000115066767,-0.3617475926876068,-0.009758144617080688,9.809825897216797,5.725084338337183e-05,-0.000410835025832057,0.00022889254614710808,180.03957912500738,-0.0008168075234920025,0.0030079630016435683
772.3000115081668,-0.007066664285957813,0.0025150212459266186,9.809903144836426,-3.6595738492906094e-06,-0.0007213914068415761,3.814547017100267e-05,180.03957912500738,-0.0008238745463842179,0.0030079594377706758
772.4000115096569,0.3158559203147888,-0.00270003080368042,9.809885025024414,2.2974563762545586e-07,-0.0006851056823506951,5.007914751331555e-06,180.03427889821145,-0.0008309699431663375,0.003007956148041852
772.500011511147,0.36421582102775574,0.00226786732673645,9.810100555419922,3.309978637844324e-07,-0.00036594780976884067,5.38741709021906e-08,180.03427889821145,-0.0008380980316218256,0.00300795258416896
772.6000115126371,0.05583548545837402,-2.664327621459961e-05,9.810134887695312,-1.682201400399208e-08,0.0002922216081060469,2.9508356647056644e-07,180.03427889821145,-0.0008452311232076681,0.0030079490202960676
772.7000115141273,-0.7344725131988525,-0.0020002126693725586,9.810248374938965,-9.842915460467339e-08,0.0008971276693046093,2.0014824713143753e-06,180.03427889821145,-0.0008522982831777881,0.0030079454564231754
772.8000115156174,-1.5832229852676392,0.0035649538040161133,9.8097505569458,3.182794898748398e-07,0.0008866555290296674,3.3650837849563686e-06,180.03427889821145,-0.0008592233679394212,0.003007941892550283
772.9000115171075,-1.950404405593872,0.0013091564178466797,9.809326171875,1.026142854243517e-06,0.00027530855732038617,3.7426166272780392e-06,180.03427889821145,-0.0008659735487981379,0.0030079386028214593
773.0000115185976,-1.6856048107147217,-0.0013675689697265625,9.80919361114502,1.401873305439949e-06,-0.0005400362424552441,2.746505060713389e-06,180.03427889821145,-0.0008725725392224604,0.003007935038948567
773.1000115200877,-1.0331989526748657,0.0031976699829101562,9.809466361999512,5.470355972647667e-07,-0.0011331100249662995,1.4889516251059831e-06,180.03427889821145,-0.000879079006011807,0.0030079314750756747
773.2000115215778,-0.40738731622695923,-0.0022191107273101807,9.809829711914062,9.57166776061058e-07,-0.0011209226213395596,3.183577348409017e-07,180.03427889821145,-0.0008855490116417286,0.003007927911202782
773.300011523068,-0.25063252449035645,0.002676740288734436,9.81008529663086,7.115304470062256e-07,-0.0005656206049025059,2.5863400310299767e-07,180.03427889821145,-0.0008919966059863782,0.00300792434732989
773.4000115245581,-0.6332646608352661,0.0004317760467529297,9.810125350952148,-4.465982783585787e-08,6.446165207307786e-05,1.6279692545140279e-06,180.03427889821145,-0.0008983874525085866,0.0030079210576010665
773.5000115260482,-1.1925909519195557,-0.0016955137252807617,9.809927940368652,-8.60891304910183e-08,0.0002936370437964797,2.5114552499871934e-06,180.03427889821145,-0.0009046713828553266,0.003007917493728174
773.6000115275383,-1.5137611627578735,0.003518223762512207,9.809632301330566,1.892080035759136e-06,4.019922562292777e-05,2.6352936401963234e-06,180.03427889821145,-0.0009108194748108644,0.003007913929855282
773.7000115290284,-1.420799732208252,0.0009561777114868164,9.809417724609375,-9.60775651037693e-07,-0.000458009191788733,2.3281813810172025e-06,180.03427889821145,-0.0009168402268500131,0.0030079103659823893
773.8000115305185,-1.0067274570465088,-0.0018198490142822266,9.809613227844238,-1.7774873413145542e-06,-0.000887035857886076,1.0885308938668459e-06,180.03427889821145,-0.000922770785464877,0.003007906802109497
773.9000115320086,-0.5555246472358704,0.0028797388076782227,9.809830665588379,7.671769708395004e-07,-0.0009432518854737282,6.153301796985033e-07,180.03427889821145,-0.0009286514498967335,0.003007903512380673
774.0000115334988,-0.3851205110549927,-0.0022336840629577637,9.809975624084473,1.045467797666788e-06,-0.0005938123795203865,3.731441324816842e-07,180.03427889821145,-0.0009344977777629992,0.003007899948507781
774.1000115349889,-0.6063932180404663,0.002913832664489746,9.810070991516113,-1.1059455573558807e-09,-0.00013711171050090343,1.1084573543485021e-06,180.03427889821145,-0.000940289756570678,0.0030078963846348885
774.200011536479,-1.000520944595337,0.0006764531135559082,9.809956550598145,-7.627459126524627e-07,7.31336695025675e-05,1.4220987623048131e-06,180.03427889821145,-0.0009459919532019967,0.0030078928207619964
774.3000115379691,-1.2584248781204224,-0.0016518831253051758,9.809741020202637,8.92032403498888e-08,-7.420418114634231e-05,1.939389449034934e-06,180.03427889821145,-0.0009515813395353234,0.0030078892568891043
774.4000115394592,-1.2160574197769165,0.003319859504699707,9.80960750579834,-1.799693563953042e-06,-0.0004324641195125878,1.7827221654442837e-06,180.03427889821145,-0.0009570615480214428,0.0030078859671602803
774.5000115409493,-0.920834481716156,0.0006231069564819336,9.80965805053711,1.630396582186222e-07,-0.0007683395524509251,1.2711614090221701e-06,180.03427889821145,-0.0009624593761969891,0.003007882403287388
774.6000115424395,-0.5666473507881165,-0.0021128058433532715,9.809866905212402,-7.717753760516644e-07,-0.0008344218949787319,3.476188226159138e-07,180.03427889821145,-0.000967806350629985,0.0030078788394144957
774.7000115439296,-0.4213201701641083,0.0027905404567718506,9.809962272644043,1.0738149285316467e-06,-0.0005756532191298902,1.853299806953146e-07,180.03427889821145,-0.0009731155617487275,0.0030078752755416036
774.8000115454197,-0.5863234400749207,-0.002099454402923584,9.810068130493164,-1.9845901988446712e-07,-0.00021324913541320711,9.001558964882861e-07,180.03427889821145,-0.0009783723428000712,0.003007871711668711
774.9000115469098,-0.8953782320022583,0.003106415271759033,9.809900283813477,-1.0678086255211383e-06,-3.654718238976784e-05,1.0697568768591736e-06,180.03427889821145,-0.0009835487310851931,0.0030078684219398875
775.0000115483999,-1.113203763961792,0.0007513761520385742,9.809808731079102,-7.637136150151491e-07,-0.00015525011986028403,1.1496383649500785e-06,180.03427889821145,-0.0009886253309474569,0.0030078648580669953
775.10001154989,-1.0758047103881836,-0.0017735958099365234,9.80972671508789,7.206108421087265e-08,-0.00045625012717209756,1.3249143648863537e-06,180.03427889821145,-0.000993605432100253,0.003007861294194103
775.2000115513802,-0.8143477439880371,0.0030522942543029785,9.809690475463867,1.882202923297882e-06,-0.0007418106542900205,6.666304557256808e-07,180.03427889821145,-0.0009985126794731514,0.0030078577303212107
775.3000115528703,-0.5077180862426758,0.00034809112548828125,9.809906005859375,3.64379957318306e-08,-0.0007897476316429675,2.4211632876358635e-07,180.03427889821145,-0.0010033743503754522,0.003007854166448318
775.4000115543604,-0.39495334029197693,-0.0022269487380981445,9.809942245483398,1.7642159946262836e-06,-0.0005449542077258229,5.480769118548778e-07,180.03427889821145,-0.001008200656698932,0.0030078508767194946
775.5000115558505,-0.5612365007400513,0.0028838515281677246,9.81009578704834,-3.1931267585605383e-07,-0.00021856602688785642,4.5252843960952305e-07,180.03427889821145,-0.0010129765890667386,0.003007847312846602
775.6000115573406,-0.8540270924568176,-0.0019210577011108398,9.8099365234375,-1.1274241842329502e-06,-8.123253064695746e-05,1.332220222138858e-06,180.03427889821145,-0.0010176761037570259,0.00300784374897371
775.7000115588307,-1.0305609703063965,0.0031964778900146484,9.809791564941406,-3.1500530894845724e-07,-0.0002176269917981699,1.5767710692671244e-06,180.03427889821145,-0.0010222830948265482,0.0030078401851008174
775.8000115603209,-0.9167489409446716,0.0006206035614013672,9.803519248962402,-1.601874828338623e-07,-0.0017967005260288715,1.7864851997728692e-06,180.03427889821145,-0.0010268078426776128,0.0030078366212279253
775.900011561811,0.45416635274887085,-0.002792924642562866,9.821796417236328,-2.956658136099577e-07,9.095113637158647e-05,7.251851457112934e-07,180.03427889821145,-0.0010313735750884234,0.0030078333314991017
776.0000115633011,-0.484432190656662,0.0028330087661743164,9.80359935760498,-1.83642259798944e-06,0.00031754374504089355,-2.3863251499278704e-06,180.03427889821145,-0.0010358958556366815,0.003007829767626209
776.1000115647912,-0.35826176404953003,0.00024884939193725586,9.797463417053223,-3.0967930797487497e-07,9.537232836009935e-05,9.670143299445044e-07,180.03427889821145,-0.0010403859242700264,0.003007826203753317
776.2000115662813,-0.9264901876449585,-0.001872718334197998,9.80761432647705,-1.6826670616865158e-06,0.0010965707479044795,1.929758127516834e-06,180.03427889821145,-0.001044792927231697,0.0030078226398804245
776.3000115677714,-1.5597175359725952,0.00354921817779541,9.828115463256836,-8.763454388827085e-07,0.0004111330199521035,1.4099529153099866e-06,180.03427889821145,-0.0010490601167418845,0.0030078190760075324
776.4000115692616,-1.0133311748504639,-0.001815199851989746,9.811387062072754,-2.444721758365631e-07,-0.0006250399746932089,3.95257046648112e-07,180.03427889821145,-0.0010532362904029924,0.0030078157862787084
776.5000115707517,-0.1324968785047531,0.0025979578495025635,9.808362007141113,7.632770575582981e-07,-0.0008924439898692071,3.034600126738951e-07,180.03427889821145,-0.0010574008129395907,0.0030078122224058163
776.6000115722418,-0.022075459361076355,2.462044358253479e-05,9.808777809143066,9.074501576833427e-07,4.7037494368851185e-05,3.705707285917015e-06,180.03427889821145,-0.0010615633479602593,0.0030078086585329238
776.7000115737319,-0.8350837230682373,-0.0019333362579345703,9.809369087219238,1.1140364222228527e-06,0.0007725104223936796,1.419867930962937e-05,180.03957912500738,-0.0010656510416140463,0.0030078050946600317
776.800011575222,-1.2981446981430054,0.0033752918243408203,9.809290885925293,3.675377229228616e-07,0.00022625534620601684,1.9488518319121795e-06,180.03957912500738,-0.001069622292590111,0.003007801530787139
776.9000115767121,-0.7291299700737,0.0004958510398864746,9.809322357177734,3.527384251356125e-08,-0.0007246593595482409,4.188325419818284e-08,180.03957912500738,-0.0010735281602052282,0.0030077982410583156
777.0000115782022,-0.0065028369426727295,0.49184390902519226,9.809635162353516,0.0007137575885280967,-0.0006288565346039832,0.04068118706345558,180.22556517610684,-0.001077433342473455,0.0030077502658463037
777.1000115796924,-0.190047949552536,0.1197035014629364,9.810148239135742,-0.0005544657469727099,0.0003183639782946557,0.02199186198413372,180.372209337587,-0.001081321459253104,0.003007692147303752
777.2000115811825,-0.98301100730896,-0.036314547061920166,9.810123443603516,-0.00018154754070565104,0.0006858352571725845,0.017012760043144226,180.47560474124265,-0.0010851214387344044,0.00300763814092223
777.3000115826726,-1.1690804958343506,0.029304027557373047,9.809637069702148,-4.967142012901604e-05,-5.573239832301624e-05,0.014412143267691135,180.5609411247328,-0.0010888166266482813,0.0030075822155322274
777.4000115841627,-0.3839002847671509,1.3712174892425537,9.808826446533203,0.0033849149476736784,-0.0015360107645392418,0.14179523289203644,181.14774999708527,-0.0010924748736300671,0.003007404844319817
777.5000115856528,2.0904040336608887,0.7107858657836914,9.808502197265625,-0.001141388202086091,-0.003503217361867428,0.0977712869644165,181.74294634173853,-0.0010963187161507904,0.003007158114658041
777.600011587143,4.266788482666016,0.09147405624389648,9.8075532913208,-0.00022037816233932972,-0.003132496727630496,0.08604064583778381,182.23817603769947,-0.001100544921101232,0.0030068883568944993
777.7000115886331,4.4672346115112305,2.4454145431518555,9.834306716918945,0.008913761004805565,0.0015412652865052223,0.35021623969078064,183.60197356965426,-0.0011051571894569179,0.0030063751591980054
777.8000115901232,2.1736464500427246,3.0233240127563477,9.775941848754883,0.0018409243784844875,0.0012905083131045103,0.3570801019668579,185.55691031389532,-0.0011099370968992162,0.003005574384373508
777.9000115916133,3.4600396156311035,3.899596691131592,9.791364669799805,0.007411822210997343,0.0012824363075196743,0.5583483576774597,188.3188885500867,-0.0011149736717186443,0.003004384050827473
778.0000115931034,4.145390033721924,3.528317451477051,9.80049991607666,-0.0008733684080652893,1.3133510947227478e-05,0.5032976269721985,191.30159117949628,-0.0011203128330663503,0.0030028121087378916
778.1000115945935,3.998858690261841,4.460209846496582,9.794697761535645,0.012780249118804932,0.002679795026779175,0.7666289806365967,194.97307740556658,-0.001125895639958685,0.0030007631559688763
778.2000115960836,3.962771415710449,7.0730438232421875,9.780115127563477,0.0055741071701049805,0.0030573089607059956,0.8665835857391357,199.75919586266963,-0.001131599138759043,0.002997999235468848
778.3000115975738,4.216590404510498,7.320104122161865,9.773529052734375,0.0067526595667004585,0.004571928642690182,0.9988821744918823,205.2467201060196,-0.0011373658963123034,0.0029944830636444712
778.4000115990639,3.9557790756225586,8.264013290405273,9.764080047607422,0.006258006207644939,0.00690179318189621,1.1022114753723145,211.36110545101502,-0.0011430515072277103,0.0029901521356480967
778.500011600554,1.879556655883789,10.105754852294922,9.745661735534668,0.01056322455406189,0.012753766030073166,1.3338392972946167,218.43838354444216,-0.0011483082197401018,0.0029850100153526165
778.6000116020441,-0.9445123672485352,10.710750579833984,9.74081802368164,0.001223771832883358,0.012933661229908466,1.2985714673995972,225.93828642295298,-0.0011528187121001565,0.0029792636815298536
778.7000116035342,-2.358996868133545,9.378839492797852,9.74932861328125,-0.001056046225130558,0.01072535291314125,1.2090274095535278,233.032995159142,-0.0011565332271601392,0.0029731831660874185
778.8000116050243,-3.3535561561584473,10.669095039367676,9.731929779052734,0.007233341224491596,0.012409474700689316,1.3716456890106201,240.40227749996552,-0.0011592712410362083,0.0029668940270087484
778.9000116065145,-2.260679006576538,11.11959171295166,9.730319023132324,-0.0018887862097471952,0.007562305778264999,1.2870408296585083,247.93406370152198,-0.0011610132895327752,0.002960419292395609
779.0000116080046,1.2850456237792969,7.570897579193115,9.76498031616211,-0.007422568276524544,0.002271637786179781,1.0240371227264404,254.34400499228218,-0.0011621365948428775,0.0029536512236290253
779.1000116094947,3.375119686126709,4.553812026977539,9.78851318359375,-0.00787779875099659,0.0009707565186545253,0.7639317512512207,259.22584172041377,-0.0011629188649493472,0.0029465094964968848
779.2000116109848,2.5838022232055664,3.28438401222229,9.797900199890137,-0.005987497512251139,0.002552860416471958,0.5854597091674805,262.91791413664254,-0.001163440149895223,0.0029391018496181635
779.3000116124749,-0.02419978380203247,2.281393527984619,9.804754257202148,-0.006463362369686365,0.003598666749894619,0.39325881004333496,265.56021379819697,-0.0011637591165225558,0.002931680769680079
779.400011613965,-1.9841440916061401,1.3967887163162231,9.806985855102539,-0.005007128231227398,0.002601012121886015,0.2509409785270691,267.29169407355187,-0.001163946356911083,0.0029244315780730316
779.5000116154552,-2.453557252883911,0.9769697189331055,9.807476043701172,-0.0038197042886167765,0.0011326014064252377,0.1603003442287445,268.4081021537688,-0.0011640406624735533,0.002917399782712416
779.6000116169453,-1.765788197517395,0.6605018377304077,9.808083534240723,-0.0027557299472391605,-0.0008232357795350254,0.1045852079987526,269.1372658288027,-0.0011640742451248798,0.0029105256201912683
779.7000116184354,0.06573684513568878,0.4471558630466461,9.80908203125,-0.0018959107110276818,-0.002618583384901285,0.06955043971538544,269.6260341658088,-0.001164068351030778,0.0029036454265006103
779.8000116199255,2.0561492443084717,0.31475549936294556,9.809188842773438,-0.0013436941662803292,-0.0024981030728667974,0.047741807997226715,269.96557652982847,-0.001164034631315758,0.002896580459707689
779.9000116214156,2.4186182022094727,0.2133471667766571,9.809657096862793,-0.000979073578491807,-0.00041252007940784097,0.03333541378378868,270.20810288687727,-0.0011639813102988228,0.0028892980966683363
780.0000116229057,0.8405000567436218,0.1480436623096466,9.810691833496094,-0.0007064290111884475,0.0017833295278251171,0.02209336869418621,270.38107059741867,-0.0011639144191377682,0.0028819411664423138
780.1000116243958,-1.12863028049469,-0.1351085603237152,9.810462951660156,-0.0011412635212764144,0.0022970465943217278,-0.011188057251274586,270.4057685614574,-0.0011638604127597318,0.00287468512123355
780.200011625886,-2.0378103256225586,-0.11885543167591095,9.80947494506836,-0.0002237439766759053,0.0013084856327623129,-0.01011550985276699,270.3757157291094,-0.0011638183316478035,0.0028676122042626388
780.3000116273761,-1.6198493242263794,0.015491546131670475,9.809094429016113,-6.709553417749703e-05,-0.000365508662071079,-0.005873703397810459,270.36276569044304,-0.0011637757022384676,0.0028606843095040375
780.4000116288662,-0.15608038008213043,0.014916354790329933,9.809327125549316,-6.287922587944195e-05,-0.0019495433662086725,-0.004695800133049488,270.3617275016892,-0.0011637318391990448,0.002853770396092937
780.5000116303563,1.511003017425537,0.0043128784745931625,9.80958080291748,-6.346764712361619e-05,-0.0020725266076624393,-0.004897154401987791,270.36224659606614,-0.0011636868795505961,0.0028467207813678594
780.6000116318464,1.979709506034851,-0.017299585044384003,9.809823989868164,-7.956792978802696e-05,-0.0005326977698132396,-0.006029490381479263,270.35653655792,-0.0011636423311358612,0.002839493795430372
780.7000116333365,0.8636411428451538,-0.1288064569234848,9.810470581054688,-0.0003342323761899024,0.0012688125716522336,-0.017519373446702957,270.30263270499023,-0.0011636087484987456,0.002832188952577391
780.8000116348267,-0.7327318787574768,-0.08473905920982361,9.810495376586914,8.215787966037169e-05,0.001863132114522159,-0.013177910819649696,270.2467617575796,-0.001163583253102729,0.002824950178444952
780.9000116363168,-1.573978304862976,-0.018101651221513748,9.809678077697754,8.61577209434472e-05,0.0011496786028146744,-0.009355487301945686,270.2147964722639,-0.001163559813790016,0.0028178525885078627
781.0000116378069,-1.3143858909606934,-0.006920402869582176,9.809350967407227,5.02306102134753e-05,-0.00018070373334921896,-0.007451727520674467,270.19646424453157,-0.0011635373339657917,0.002810873154664357
781.100011639297,-0.20844297111034393,0.011926019564270973,9.809520721435547,9.688252612249926e-05,-0.0014219048898667097,-0.0042549967765808105,270.1937594896203,-0.001163513894638868,0.0028039118143293818
781.2000116407871,1.0630264282226562,-0.02229294925928116,9.80968189239502,-7.589967572130263e-05,-0.0015727515565231442,-0.0076369233429431915,270.1835688473786,-0.0011634921001899556,0.0027968553460025886
781.3000116422772,1.4590750932693481,-0.021968843415379524,9.80992317199707,3.023831595783122e-05,-0.00048309852718375623,-0.006290149874985218,270.1717389597361,-0.0011634718135411504,0.0027896681109550537
781.4000116437674,0.6962500214576721,-0.05077602341771126,9.810408592224121,-0.00011751009151339531,0.0008521056734025478,-0.010668245144188404,270.14447284456946,-0.0011634560502500335,0.0027824180969158005
781.5000116452575,-0.45738860964775085,-0.04051266610622406,9.810340881347656,5.0888567784568295e-05,0.0013533644378185272,-0.008675821125507355,270.1180809936165,-0.0011634438508423273,0.002775209478630912
781.6000116467476,-1.1184468269348145,-0.005598993040621281,9.809884071350098,5.40277105756104e-05,0.0008650766685605049,-0.0067227245308458805,270.1035736718194,-0.001163432473859416,0.002768100922931077
781.7000116482377,-0.9438015818595886,-0.006056802347302437,9.809554100036621,1.464644810766913e-05,-0.0001091416270355694,-0.0063696978613734245,270.09371087865793,-0.0011634216451597013,0.0027610773518925206
781.8000116497278,-0.16070646047592163,-0.01108027808368206,9.809686660766602,2.157715607609134e-05,-0.0009743854170665145,-0.0058610523119568825,270.08625231208424,-0.0011634119130548015,0.002754068036345533
781.9000116512179,0.7103918790817261,0.00893847644329071,9.809758186340332,3.9906233723741025e-05,-0.0010679186088964343,-0.004473107401281595,270.085077519547,-0.0011634012214329914,0.0027469948452305526
782.000011652708,0.9760534763336182,-0.02389432303607464,9.810029029846191,-6.902530731167644e-05,-0.000338891230057925,-0.007077844813466072,270.07562453773573,-0.001163392585894485,0.0027398342021576765
782.1000116541982,0.46841368079185486,-0.013105782680213451,9.810297012329102,3.008868770848494e-05,0.0005495218792930245,-0.005742100067436695,270.06649940500455,-0.0011633850469365825,0.0027326316150422976
782.2000116556883,-0.28735071420669556,-0.004762132186442614,9.810210227966309,-1.6496164789714385e-06,0.0008951122290454805,-0.005932539701461792,270.05939600826775,-0.0011633780562618767,0.0027254545233253028
782.3000116571784,-0.730602502822876,-0.01314485352486372,9.809975624084473,1.5843277196836425e-06,0.0005719964392483234,-0.005973112769424915,270.0522106492609,-0.001163372162167775,0.0027183432261847816
782.4000116586685,-0.6033226251602173,-0.009585020132362843,9.809754371643066,3.7285258258634713e-06,-8.476906077703461e-05,-0.005926934070885181,270.0450799317674,-0.001163367227576373,0.002711286209569851
782.5000116601586,-0.09042458236217499,-0.009999100118875504,9.809722900390625,1.00393708635238e-06,-0.0006303334375843406,-0.005915763787925243,270.03792189351725,-0.0011633631154097657,0.002704237143132911
782.6000116616488,0.45525985956192017,0.0059601906687021255,9.809920310974121,3.8616366509813815e-05,-0.000658222648780793,-0.004437846131622791,270.0365012141699,-0.0011633585920378664,0.0026971472292297433
782.7000116631389,0.5981796979904175,0.005869381595402956,9.810056686401367,-1.8837397419702029e-06,-0.00019062345381826162,-0.004545107483863831,270.03699298779014,-0.001163353383290655,0.0026900035830891224
782.800011664629,0.2755618393421173,-0.006422585342079401,9.810159683227539,-9.259208582079737e-07,0.00034503877395763993,-0.0045761726796627045,270.03704762930346,-0.0011633488599187558,0.002682835263982324
782.9000116661191,-0.19241032004356384,-0.0023703051265329123,9.810158729553223,1.9231906662753318e-06,0.0005449929740279913,-0.004639085847884417,270.03704762930346,-0.0011633444736247611,0.00267568421595185
783.0000116676092,-0.44035518169403076,0.00029495032504200935,9.809965133666992,1.393332468069275e-06,0.0003335483488626778,-0.004662702325731516,270.03704762930346,-0.0011633400873165556,0.00266857264466726
783.1000116690993,-0.3554701507091522,0.00024007457250263542,9.809846878051758,1.3944553529654513e-06,-7.275131065398455e-05,-0.004650359973311424,270.0370749500602,-0.00116333570100835,0.002661492874094632
783.2000116705894,-0.02271944470703602,2.500914706615731e-05,9.809882164001465,2.4372849338760716e-07,-0.0003788163303397596,-0.004639398772269487,270.0370749500602,-0.0011633313146859336,0.0026544155708186222
783.3000116720796,0.2701740860939026,-0.00016425814828835428,9.809937477111816,5.222390200287919e-07,-0.0003739359963219613,-0.0046178256161510944,270.0370749500602,-0.0011633269284061498,0.0026473135945764346
783.4000116735697,0.34040567278862,-0.00020955281797796488,9.810044288635254,-6.631985343119595e-07,-9.6590505563654e-05,-0.004591307602822781,270.0370749500602,-0.0011633225420979443,0.0026401811883426276
783.5000116750598,0.14783088862895966,-8.499214891344309e-05,9.810112953186035,-1.1257833421041141e-06,0.00020793483417946845,-0.004596171900629997,270.0370749500602,-0.0011633181557897387,0.0026330356231935264
783.6000116765499,-0.11744732409715652,8.645281923236325e-05,9.810098648071289,-3.656984404187824e-07,0.00031647810828872025,-0.0046241129748523235,270.0370749500602,-0.001163313769495744,0.002625900201374965
783.70001167804,-0.25770366191864014,0.0001770087837940082,9.809946060180664,-6.842556103947572e-07,0.0001855396549217403,-0.004638657905161381,270.0370749500602,-0.0011633093831875385,0.002618788355946306
783.8000116795301,-0.1977550983428955,0.0013881985796615481,9.80994701385498,7.573838161079038e-07,-5.516106466529891e-05,-0.004635324701666832,270.0370749500602,-0.0011633049968651221,0.002611694329882109
783.9000116810203,-0.010105307213962078,-0.0012330786557868123,9.809903144836426,5.174068178348534e-07,-0.00022406221251003444,-0.004626475740224123,270.0370749500602,-0.0011633006105569166,0.0026046008521060492
784.0000116825104,0.16512155532836914,-9.631598368287086e-05,9.809979438781738,-9.869462473943713e-07,-0.00021015283709857613,-0.00461235037073493,270.0370749500602,-0.001163296224248711,0.002597492570550283
784.1000116840005,0.19274663925170898,-0.0001141102984547615,9.81003475189209,5.650164780490741e-07,-4.685515887103975e-05,-0.004600214771926403,270.0370749500602,-0.0011632918379547164,0.002590367292062261
784.2000116854906,0.08269643783569336,-4.293279198464006e-05,9.810067176818848,5.383434427130851e-07,0.00012598620378412306,-0.004604192450642586,270.0370749500602,-0.0011632874516607217,0.0025832346116843857
784.3000116869807,-0.07496605068445206,5.896251605008729e-05,9.81005859375,6.799201202056793e-08,0.00018241793441120535,-0.004618706181645393,270.0370749500602,-0.001163283065366727,0.002576108236620089
784.4000116884708,-0.15510967373847961,0.00011070878099417314,9.809959411621094,1.2276340157768573e-06,0.00010218736133538187,-0.004627254791557789,270.0370749500602,-0.0011632786790443106,0.002568996117047362
784.500011689961,-0.10764200985431671,-0.011240346357226372,9.809979438781738,-3.7404293834697455e-05,-3.755761281354353e-05,-0.006075781770050526,270.0313922326707,-0.0011632752522530154,0.002561893592517037
784.6000116914511,0.0024594818241894245,0.0025091657880693674,9.809951782226562,3.775475124712102e-05,-0.0001314547989750281,-0.004458803217858076,270.02942513818977,-0.001163271551305911,0.0025547907938426435
784.7000116929412,0.097588449716568,0.0037096920423209667,9.809969902038574,-3.414695356696029e-06,-0.00011791175347752869,-0.004584089852869511,270.0298349495399,-0.001163267713295113,0.0025476792225580533
784.8000116944313,0.11015172302722931,-0.005046930629760027,9.810037612915039,5.91146374517848e-07,-2.168558603443671e-05,-0.004601697437465191,270.0298895910533,-0.001163264286489607,0.0025405577820869925
784.9000116959214,0.04261740297079086,-0.010068780742585659,9.810018539428711,-4.0136561437975615e-05,7.582065154565498e-05,-0.006061874330043793,270.02415223215047,-0.001163261682094685,0.002533432777743039
785.0000116974115,-0.047474272549152374,2.3628072085557505e-05,9.810029983520508,3.861354343825951e-05,0.00010502312943572178,-0.004456560127437115,270.0222124584262,-0.0011632590777281848,0.0025263116114160465
785.1000116989017,-0.09005595743656158,0.003795961383730173,9.809989929199219,-2.688596168809454e-06,5.5691740271868184e-05,-0.004594369791448116,270.02262226977643,-0.0011632561992342971,0.002519198943555182
785.2000117003918,-0.05505894497036934,-0.0037178469356149435,9.810019493103027,6.779519026167691e-07,-2.606480302347336e-05,-0.004617108032107353,270.02262226977643,-0.0011632534577898923,0.0025120909361434846
785.3000117018819,0.002490043407306075,0.0012594604631885886,9.809922218322754,8.357239380529791e-07,-7.673934305785224e-05,-0.004617028869688511,270.02267691128975,-0.001163250853423392,0.002504982928731787
785.400011703372,0.05756381154060364,-0.001262299483641982,9.810009956359863,1.1114743756479584e-06,-6.633754674112424e-05,-0.004612782970070839,270.02267691128975,-0.001163248249042681,0.0024978694384387165
785.5000117048621,0.06009877100586891,-0.010067739523947239,9.810009002685547,-3.795355951297097e-05,-9.293987204728182e-06,-0.00606301287189126,270.016939552387,-0.0011632466041930911,0.0024907507394083418
785.6000117063522,0.025079838931560516,0.001253914088010788,9.810039520263672,3.9378552173729986e-05,4.5268920075614005e-05,-0.004451198037713766,270.014972457906,-0.0011632448222513858,0.002483629847225418
785.7000117078424,-0.02997659519314766,1.8489707144908607e-05,9.809990882873535,-1.6837518614920555e-06,5.979243360343389e-05,-0.004588425159454346,270.0153549484995,-0.0011632430403096805,0.0024765116964831804
785.8000117093325,-0.05252089723944664,2.458192830090411e-05,9.810019493103027,3.335798908210563e-07,3.0115412300801836e-05,-0.004614332690834999,270.01543691076955,-0.0011632412583679752,0.00246939820619011
785.9000117108226,-0.03252123296260834,-0.0012308016885071993,9.809990882873535,-4.726911129182554e-07,-1.691799843683839e-05,-0.00461824145168066,270.01543691076955,-0.0011632394764404808,0.002462287457337726
786.0000117123127,0.0075073521584272385,0.0012584263458848,9.809931755065918,1.7975247601498268e-06,-4.463560617296025e-05,-0.004616254009306431,270.01546423152627,-0.0011632376944987755,0.0024551761601972048
786.1000117138028,0.03255026787519455,1.6827407307573594e-06,9.810039520263672,9.242080523108598e-07,-3.7403144233394414e-05,-0.0046136705204844475,270.01546423152627,-0.0011632359125570702,0.0024480621216159968
786.2000117152929,0.03256981074810028,-0.001248316839337349,9.810009956359863,8.504043762513902e-07,-3.505947915982688e-06,-0.004612014628946781,270.01546423152627,-0.0011632342676932694,0.0024409447933059656
786.300011716783,0.010070500895380974,0.0012577520683407784,9.810039520263672,2.128250287114497e-07,2.7423300707596354e-05,-0.004613444209098816,270.01546423152627,-0.001163232485765775,0.002433826642563728
786.4000117182732,-0.014976944774389267,-0.0012355026556178927,9.809931755065918,-3.7671230757041485e-07,3.445757465669885e-05,-0.004615797661244869,270.01546423152627,-0.0011632307038240697,0.0024267101366859025
786.5000117197633,-0.03249964490532875,0.0012692174641415477,9.810049057006836,8.111646820907481e-07,1.6264510122709908e-05,-0.00461721234023571,270.01546423152627,-0.0011632289218965752,0.0024195963722487635
786.6000117212534,-0.009999996051192284,1.3147928257239982e-05,9.809981346130371,9.342744533569203e-07,-1.0350185220886488e-05,-0.004617317579686642,270.01546423152627,-0.00116322713995487,0.00241248343024383
786.7000117227435,0.002524006413295865,0.017572226002812386,9.8100004196167,4.014238584204577e-05,-2.631815914355684e-05,-0.003163760295137763,270.0211742696724,-0.0011632238502272685,0.0024053704882388972
786.8000117242336,0.015042091719806194,4.39199584434391e-06,9.80997085571289,-4.021058703074232e-05,-2.0498755475273356e-05,-0.004775231704115868,270.02314136415333,-0.0011632204234217625,0.0023982561755136206
786.9000117257237,0.020049145445227623,-0.008747482672333717,9.810039520263672,2.6600819182931446e-06,-1.6133105873450404e-06,-0.004641306586563587,270.0227315528031,-0.0011632178190552622,0.002391139669635795
787.0000117272139,0.0025531200226396322,0.001259457552805543,9.810019493103027,-1.5688843859607005e-06,1.636476554267574e-05,-0.004618829116225243,270.0227315528031,-0.001163215214688762,0.0023840234379020383
787.100011728704,-0.007477101404219866,-0.0012365863658487797,9.809942245483398,-3.590149049159663e-07,2.0004519683425315e-05,-0.004616158083081245,270.0226495905331,-0.001163212610308051,0.0023769077544564185
787.2000117301941,-0.014976109378039837,0.0012663757661357522,9.810078620910645,-1.4062158015804016e-06,8.66326990944799e-06,-0.004616712220013142,270.0226495905331,-0.001163209868877857,0.002369793167587074
787.3000117316842,-0.01998080685734749,0.01758304238319397,9.809922218322754,4.017514584120363e-05,-6.677063538518269e-06,-0.003164590336382389,270.0283596286792,-0.0011632056196333451,0.002362680499726209
787.4000117331743,0.010021554306149483,-0.0012396193342283368,9.810009956359863,-3.914650733349845e-05,-1.5297800928237848e-05,-0.004776808433234692,270.0303540439169,-0.0011632015074809487,0.0023555670094331385
787.5000117346644,0.010032986290752888,-0.006244768854230642,9.810039520263672,2.4848993689374765e-06,-1.1478824490041006e-05,-0.0046422360464930534,270.02991691181,-0.001163197943611749,0.0023484524225637934
787.6000117361546,0.01753559336066246,-0.0012486866908147931,9.809951782226562,-4.064296774686227e-07,6.099394340708386e-07,-0.004618852399289608,270.02991691181,-0.0011631943797425492,0.0023413364649741055
787.7000117376447,0.005036250688135624,7.839601494197268e-06,9.810039520263672,-2.345603746789493e-07,9.47773878579028e-06,-0.004615566693246365,270.02991691181,-0.0011631909529370432,0.0023342202332403486
787.8000117391348,-0.012463741935789585,1.6976991901174188e-05,9.810039520263672,4.1827087216006476e-07,1.0952786396956071e-05,-0.004615793935954571,270.02991691181,-0.0011631873890678435,0.0023271048239387974
787.9000117406249,-0.009986664168536663,-0.010044606402516365,9.809922218322754,-3.9054863009369e-05,4.7861494749668054e-06,-0.006067650392651558,270.02409759063715,-0.0011631847846871324,0.0023199902370694527
788.000011742115,0.0025180247612297535,0.001259483746252954,9.810029983520508,4.008206815342419e-05,-4.544841885945061e-06,-0.004454873502254486,270.02215781691285,-0.001163182180334843,0.0023128756502001076
788.1000117436051,2.5050141630345024e-05,0.001260449644178152,9.809981346130371,-2.1749199277110165e-06,-9.050650078279432e-06,-0.004587761126458645,270.02256762826306,-0.0011631793018125336,0.0023057610633307624
788.2000117450953,-0.0024585959035903215,0.01756916381418705,9.810019493103027,3.953701161663048e-05,-6.577934527740581e-06,-0.0031577404588460922,270.0283596286792,-0.0011631750525822326,0.0022986464764614173
788.3000117465854,0.005033097229897976,-0.003742197062820196,9.8100004196167,-3.840302815660834e-05,4.2399943822601927e-07,-0.004774819128215313,270.0303540439169,-0.0011631709404156254,0.002291531752520038
788.4000117480755,0.005028961692005396,-0.004992158152163029,9.8100004196167,2.6745235572889214e-06,6.0055403992009815e-06,-0.004642738029360771,270.02991691181,-0.001163167239482732,0.002284416206146453
788.5000117495656,-0.007468422409147024,1.436629918316612e-05,9.810029983520508,-6.31275156592892e-07,6.398118330253055e-06,-0.004620186053216457,270.02991691181,-0.0011631638126914368,0.0022773016192771077
788.6000117510557,3.092225961154327e-05,-0.001239549252204597,9.809990882873535,2.7006967684428673e-07,2.734822828642791e-06,-0.004616430029273033,270.02991691181,-0.0011631602488080262,0.0022701870324077626
788.7000117525458,-0.002468423917889595,1.1755542800528929e-05,9.809961318969727,-3.1414120371664467e-07,-2.650523583724862e-06,-0.004615718498826027,270.02991691181,-0.0011631568219883093,0.0022630724455384174
788.800011754036,0.0025215218774974346,-0.010050083510577679,9.809990882873535,-4.025549424113706e-05,-5.0185258260171395e-06,-0.006067320704460144,270.02409759063715,-0.00116315421763602,0.0022559578586690728
788.9000117555261,3.040561205125414e-05,1.04502760223113e-05,9.810029983520508,3.9035068766679615e-05,-3.468308932497166e-06,-0.004453850910067558,270.02215781691285,-0.0011631516132695197,0.0022488432717997276
789.0000117570162,3.304972779005766e-05,0.0037604491226375103,9.8100004196167,-4.088840796612203e-06,4.701567775100557e-07,-0.004587225615978241,270.02254030750635,-0.0011631487347614211,0.0022417286849303825
789.1000117585063,-0.0024698989000171423,-0.0037385656032711267,9.810019493103027,-4.361595173918431e-08,3.4236845749546774e-06,-0.004610714502632618,270.02254030750635,-0.0011631459933170163,0.0022346140980610374
789.2000117599964,0.0025262203998863697,0.0012594620930030942,9.809961318969727,-2.2429192370054807e-07,3.708408712554956e-06,-0.00461448822170496,270.0226495905331,-0.0011631433889363052,0.0022274995111916922
789.3000117614865,3.204857057426125e-05,0.01756792515516281,9.810019493103027,4.005435039289296e-05,1.3590885146186338e-06,-0.0031634895130991936,270.0283596286792,-0.0011631391396917934,0.0022203849243223476
789.4000117629766,-0.0024772731121629477,-0.0012382259592413902,9.810019493103027,-3.975931031163782e-05,-1.8863795503420988e-06,-0.004776673391461372,270.0303540439169,-0.001163135027539397,0.0022132703374530024
789.5000117644668,0.0025236327201128006,-0.0062408531084656715,9.809961318969727,2.738999000939657e-06,-2.786538289001328e-06,-0.004643022082746029,270.02991691181,-0.0011631314636844081,0.0022061557505836573
789.6000117659569,2.624457010824699e-05,-0.0012395491357892752,9.810019493103027,4.882974167230714e-07,-1.7867232600110583e-06,-0.004619872197508812,270.02991691181,-0.0011631278998009975,0.002199041163714312
789.700011767447,-0.0024731019511818886,1.175558463728521e-05,9.8100004196167,-7.453108423760568e-07,2.0546134749110934e-07,-0.004615955054759979,270.02991691181,-0.0011631243359317978,0.002191926576844967
789.8000117689371,0.0025250304024666548,-0.010049626231193542,9.810019493103027,-3.917256981367245e-05,2.0358270376164e-06,-0.006067274138331413,270.02409759063715,-0.001163121868643202,0.0021848119899756224
789.9000117704272,2.689708344405517e-05,1.0450203262735158e-05,9.809961318969727,3.779439794016071e-05,1.970601260836702e-06,-0.004454347304999828,270.02215781691285,-0.001163119264262491,0.0021776974031062772
790.0000117719173,-0.002472796244546771,0.0037614325992763042,9.810039520263672,-1.7452082374802558e-06,7.338314844673732e-07,-0.0045875059440732,270.02254030750635,-0.0011631163857543925,0.002170582816236932
790.1000117734075,0.0025247433222830296,-0.0024905316531658173,9.809961318969727,5.307774699758738e-07,-9.50204309901892e-07,-0.004610699601471424,270.02254030750635,-0.0011631136443099876,0.002163468229367587
790.2000117748976,2.6403415176901035e-05,-0.0012395493686199188,9.810019493103027,1.0218167290076963e-06,-1.3388423667493043e-06,-0.004614651203155518,270.0226495905331,-0.0011631110399434874,0.002156353642498242
790.3000117763877,-0.002472607884556055,0.0012614373117685318,9.809990882873535,1.0168233757212874e-06,-6.369179459397856e-07,-0.004614957608282566,270.0226495905331,-0.0011631084355627763,0.002149239055628897
790.4000117778778,0.002526402473449707,-0.0012405369197949767,9.810009956359863,3.5946840171163785e-07,4.421782939800778e-10,-0.004615146666765213,270.0226495905331,-0.001163105831210487,0.002142124468759552
790.5000117793679,2.689721259230282e-05,1.0450253284943756e-05,9.810009956359863,-1.1464428695262541e-07,1.7451008034186088e-06,-0.0046148477122187614,270.0226495905331,-0.0011631032268439867,0.002135009881890207
790.600011780858,3.679392102640122e-05,0.020073149353265762,9.809990882873535,3.8786503864685073e-05,1.2956620594195556e-06,-0.0031633805483579636,270.0283596286792,-0.0011630988405357812,0.0021278952950208618
790.7000117823482,-0.002476255176588893,-0.003738227766007185,9.8100004196167,-3.835467214230448e-05,-1.2994436815461086e-07,-0.004776455461978912,270.0302994024035,-0.001163094728369174,0.002120780708151517
790.8000117838383,0.0025242858100682497,-0.004990853369235992,9.8100004196167,2.762639724096516e-06,-3.668986323646095e-07,-0.004643179476261139,270.02991691181,-0.001163091164514185,0.002113666121282172
790.9000117853284,2.6897188945440575e-05,1.0450243280502036e-05,9.8100004196167,-4.5767144740693766e-08,-5.862260081812565e-07,-0.004619927145540714,270.02991691181,-0.0011630876006165636,0.002106551534412827
791.0000117868185,-0.002473754109814763,-0.0012382441200315952,9.810019493103027,-4.5439469431585167e-07,-4.068079988428508e-07,-0.0046161022037267685,270.02991691181,-0.0011630841738110576,0.0020994369475434817
791.1000117883086,0.0025268960744142532,9.145158401224762e-06,9.809961318969727,2.815882851336937e-07,9.566507941372038e-08,-0.004615502431988716,270.02991691181,-0.0011630806099702795,0.0020923223606741366
791.2000117897987,2.689724169613328e-05,1.0450264198880177e-05,9.810019493103027,-1.0258785323458142e-06,1.204398813570151e-06,-0.004615229554474354,270.02991691181,-0.001163077046072658,0.002085207773804792
791.3000117912889,-0.0024724495597183704,0.0012617548927664757,9.8100004196167,-6.603575570807152e-07,6.875197868794203e-07,-0.004615188576281071,270.02991691181,-0.001163073619267152,0.0020780931869354468
791.400011792779,0.0025262434501200914,-0.001240854267962277,9.8100004196167,1.5655547258575098e-06,2.8532423357319203e-07,-0.004615474492311478,270.02991691181,-0.0011630700553979523,0.0020709786000661016
791.5000117942691,2.6897188945440575e-05,1.0450243280502036e-05,9.8100004196167,5.176739250600804e-07,-2.41913710397057e-07,-0.004615452140569687,270.02991691181,-0.001163066628620868,0.0020638640131967565
791.6000117957592,-0.0024731019511818886,1.1755286323023029e-05,9.8100004196167,-6.092394642109866e-07,-7.996611088856298e-07,-0.004615329205989838,270.02991691181,-0.0011630630647232465,0.0020567494263274114
791.7000117972493,0.0025275484658777714,0.001259144744835794,9.8100004196167,-4.434543541265157e-07,2.007431731954057e-07,-0.004615181125700474,270.02991691181,-0.0011630595008682576,0.0020496348394580667
791.8000117987394,2.6244666514685377e-05,-0.0012395491357892752,9.8100004196167,-4.6986377810753766e-07,2.7151003223480075e-07,-0.004615196958184242,270.02991691181,-0.0011630560740485407,0.0020425202525887216
791.9000118002295,-0.002479270799085498,-0.016323169693350792,9.8100004196167,-5.4848344007041305e-05,4.849159722652985e-07,-0.006668679416179657,270.02174800556264,-0.001163054017979448,0.0020354056657193764
792.0000118017197,0.002527309348806739,0.0012543979100883007,9.8100004196167,5.6712349760346115e-05,8.337864869645273e-07,-0.004387266933917999,270.01896128838126,-0.0011630519618961443,0.0020282910788500313
792.1000118032098,3.625734825618565e-05,0.021317917853593826,9.8100004196167,3.52125134668313e-05,7.511603428156377e-08,-0.0031237956136465073,270.0252450624177,-0.0011630478497295371,0.002021176491980686
792.2000118046999,-0.002474888926371932,-0.0037383574526757,9.8100004196167,-3.781448685913347e-05,-1.2661388382184668e-07,-0.004769631661474705,270.0273214399254,-0.0011630441487966436,0.0020140619051113415
792.30001180619,0.0025257226079702377,-0.0024907244369387627,9.8100004196167,3.1324268547905376e-06,-7.20375396667805e-07,-0.004642070271074772,270.02693894933185,-0.001163040584913233,0.0020069473182419964
792.4000118076801,2.7484446036396548e-05,0.001260450342670083,9.8100004196167,-4.3069513822047156e-07,-2.5175788209708116e-07,-0.004619774408638477,270.02693894933185,-0.0011630371581219379,0.0019998327313726512
792.5000118091702,2.6309937311452813e-05,-0.0012395496014505625,9.8100004196167,6.75690728257905e-07,6.00384794324782e-07,-0.0046160100027918816,270.02693894933185,-0.0011630335942527381,0.001992718144503306
792.6000118106604,-0.0024781657848507166,-0.013797937892377377,9.8100004196167,-3.836259929812513e-05,2.2604240257351194e-07,-0.006067462265491486,270.02109230740234,-0.0011630312640278362,0.001985603557633961
792.7000118121505,0.0025268965400755405,9.614883310860023e-06,9.8100004196167,3.908936196239665e-05,1.1425405546106049e-06,-0.0044538648799061775,270.01915253367804,-0.0011630290708524171,0.0019784889707646163
792.8000118136406,3.6270015698391944e-05,0.021317917853593826,9.8100004196167,3.6200901377014816e-05,-9.898382558048979e-08,-0.0031354818493127823,270.02527238317435,-0.0011630249587000208,0.001971374383895271
792.9000118151307,-0.0024760805536061525,-0.00623835576698184,9.8100004196167,-3.908162398147397e-05,-5.763925514656876e-08,-0.004771595820784569,270.0273214399254,-0.0011630212577529164,0.001964259797025926
793.0000118166208,0.0025268972385674715,9.276629498344846e-06,9.8100004196167,3.6396222640178166e-06,7.21491915101069e-08,-0.004642123356461525,270.0269116285752,-0.0011630178309474104,0.001957145210156581
793.1000118181109,2.1373631170718e-05,-0.015048345550894737,9.8100004196167,-3.851814108202234e-05,1.7172627053696488e-07,-0.006071699783205986,270.02109230740234,-0.0011630155007367193,0.001950030623287236
793.2000118196011,-0.0024735191836953163,-0.001238713855855167,9.8100004196167,3.7813762901350856e-05,1.918317309446138e-07,-0.004454753361642361,270.01915253367804,-0.001163013307589722,0.0019429160364178909
793.3000118210912,0.002529028570279479,0.00625959737226367,9.8100004196167,-1.5067339518282097e-06,5.393533228925662e-07,-0.004587420262396336,270.01956234502825,-0.001163010703209011,0.001935801449548546
793.4000118225813,3.297999137430452e-05,0.01381792314350605,9.8100004196167,3.846987601718865e-05,1.7482139469393587e-07,-0.0031584342941641808,270.02535434544444,-0.001163006728134519,0.0019286868626792008
793.5000118240714,-0.0024742933455854654,-0.0024883574806153774,9.8100004196167,-3.866840052069165e-05,1.0390878060206887e-06,-0.00477518979460001,270.0273214399254,-0.0011630030271874148,0.0019215722758098557
793.6000118255615,0.0025190969463437796,-0.023824362084269524,9.8100004196167,-5.240285099716857e-05,3.5622957739178673e-07,-0.006695992313325405,270.01882468459786,-0.0011630015193873078,0.0019144576889405108
793.7000118270516,2.7593969207373448e-05,0.002510450314730406,9.8100004196167,5.5374122894136235e-05,-1.434306113878847e-07,-0.0043922290205955505,270.01598332590316,-0.0011629997374313916,0.0019073431020711657
793.8000118285418,-0.0024702169466763735,0.010011168196797371,9.8100004196167,-3.5461102925182786e-06,-1.0517099013895859e-07,-0.004576900973916054,270.0165297410368,-0.0011629969960011977,0.0019002285152018208
793.9000118300319,0.002526535652577877,-0.0012402705615386367,9.8100004196167,4.758652139003061e-09,-8.354940206345418e-08,-0.004608709365129471,270.0165297410368,-0.0011629943916346974,0.0018931139283324756
794.000011831522,2.726033198996447e-05,0.0012604501098394394,9.8100004196167,1.8173608395954943e-06,-1.109168508151015e-07,-0.0046143196523189545,270.0166663448202,-0.0011629917872681972,0.0018859993414631307
794.1000118330121,-0.0012234658934175968,-0.001239186618477106,9.8100004196167,3.7953682863189897e-07,2.421509464056726e-07,-0.004615064710378647,270.0166663448202,-0.001162989182887486,0.0018788847545937856
794.2000118345022,2.689719076442998e-05,1.0450244189996738e-05,9.8100004196167,7.252594969031634e-07,-4.851376189662915e-08,-0.004615223966538906,270.0166663448202,-0.0011629864414572921,0.0018717701677244405
794.3000118359923,0.0012807989260181785,0.010067439638078213,9.8100004196167,3.828535773209296e-05,8.420052495239361e-07,-0.003162836655974388,270.0223490622096,-0.001162983014651786,0.0018646555808550956
794.4000118374825,-0.0012158917961642146,0.013823803514242172,9.8100004196167,-4.714245847026177e-07,2.934401379661722e-07,-0.0033240607008337975,270.0300535155934,-0.0011629783542161931,0.0018575409939857505
794.5000118389726,1.8423648725729436e-05,-0.018795721232891083,9.8100004196167,-7.50647159293294e-05,-4.915765430268948e-07,-0.0062558893114328384,270.025900760578,-0.0011629752015380745,0.0018504264071164055
794.6000118404627,0.0012753619812428951,-0.0037400592118501663,9.8100004196167,4.179508323431946e-05,4.322361917274975e-07,-0.004486367106437683,270.0234418924768,-0.0011629725971857852,0.0018433118202470604
794.7000118419528,-0.001218951540067792,0.01001096423715353,9.8100004196167,-4.049252311233431e-06,-1.8904746923453786e-07,-0.004593084566295147,270.02379706231363,-0.0011629690333023746,0.0018361972333777153
794.8000118434429,0.001276377821341157,-0.0012400682317093015,9.8100004196167,-5.320142122400284e-07,3.0852902455080766e-07,-0.004611377604305744,270.02379706231363,-0.0011629654694331748,0.0018290826465083704
794.900011844933,-0.0012231023283675313,1.0969100912916474e-05,9.8100004196167,-8.525627208655351e-07,-3.1564763958158437e-07,-0.004614569246768951,270.02379706231363,-0.0011629620426560905,0.0018219680596390253
795.0000118464231,2.741604475886561e-05,0.001260449644178152,9.8100004196167,1.0408435855424614e-06,3.966134158872592e-07,-0.004615188576281071,270.02379706231363,-0.001162958478758469,0.0018148534727696803
795.1000118479133,0.001276377821341157,-0.0012400682317093015,9.8100004196167,1.1217750852665631e-06,2.8785206040993216e-07,-0.004615304060280323,270.02379706231363,-0.001162955051952963,0.0018077388859003352
795.2000118494034,-0.0012231023283675313,1.0969100912916474e-05,9.8100004196167,9.017343813866319e-07,2.0270668699140515e-07,-0.004615361802279949,270.02379706231363,-0.001162951488112185,0.00180062429903099
795.3000118508935,2.6897187126451172e-05,1.0450242371007334e-05,9.8100004196167,9.85958536148246e-07,1.2145395089646627e-07,-0.00461527518928051,270.02379706231363,-0.0011629479242145635,0.0017935097121616452
795.4000118523836,0.0012774155475199223,0.0012599307810887694,9.8100004196167,9.835440550887142e-07,1.1636844021722936e-07,-0.004615139216184616,270.02379706231363,-0.0011629444974090575,0.0017863951252923
795.5000118538737,-0.00121794524602592,0.01007379312068224,9.8100004196167,3.8370340917026624e-05,2.2167034785525175e-07,-0.0031633079051971436,270.02956174197317,-0.001162939974051369,0.0017792805384229551
795.6000118553638,0.001276209601201117,-0.0012402372667565942,9.8100004196167,-3.805508094956167e-05,7.083646664796106e-07,-0.004776193760335445,270.03152883645413,-0.0011629355877431635,0.00177216595155361
795.700011856854,-0.0012258198112249374,-0.0049888682551681995,9.8100004196167,1.998280822590459e-06,7.605756877637759e-07,-0.00464259646832943,270.0311463458606,-0.00116293161264025,0.001765051364684265
795.8000118583441,2.9614562663482502e-05,0.005010448396205902,9.8100004196167,3.863211972543468e-08,2.384051533965703e-08,-0.004620124585926533,270.0311463458606,-0.0011629272263320445,0.00175793677781492
795.9000118598342,0.001276220427826047,-0.0012402263237163424,9.8100004196167,-3.402953154818533e-07,5.953910431344411e-07,-0.004615933634340763,270.0310370628339,-0.0011629229771159544,0.0017508221909455749
796.0000118613243,-0.0012224261881783605,0.0012611269485205412,9.8100004196167,-4.485872864279372e-07,-1.4316135832359578e-07,-0.004615499638020992,270.0310370628339,-0.0011629185908077488,0.00174370760407623
796.1000118628144,2.6897192583419383e-05,1.045024509949144e-05,9.8100004196167,9.324133998234174e-07,-4.803404749509355e-07,-0.004615462385118008,270.0310370628339,-0.0011629142044995433,0.0017365930172068848
796.2000118643045,0.001276897033676505,9.773583769856486e-06,9.8100004196167,2.0626120544875448e-07,-3.250941063015489e-07,-0.004615248180925846,270.0310370628339,-0.0011629098181913378,0.0017294784303375397
796.3000118657947,-0.0012231029104441404,1.1126907338621095e-05,9.8100004196167,-2.746309348822251e-07,-2.0126492472627433e-07,-0.004615441896021366,270.0310370628339,-0.001162905431897343,0.0017223638434681948
796.4000118672848,1.738429273245856e-05,-0.023824064061045647,9.8100004196167,-5.454365964396857e-05,-5.091678758617491e-07,-0.006668992340564728,270.02295011885656,-0.0011629032387361349,0.0017152492565988497
796.5000118687749,0.0012764568673446774,-0.0012452142545953393,9.8100004196167,5.612829772871919e-05,3.89611386708566e-07,-0.004387399181723595,270.02016340167523,-0.0011629010455891375,0.0017081346697295048
796.600011870265,-0.0012208427069708705,0.00626089982688427,9.8100004196167,-3.821901373157743e-06,2.0357083485578187e-07,-0.004575875587761402,270.0207098168088,-0.0011628984412226373,0.0017010200828601596
796.7000118717551,0.001276442431844771,-0.0012400044361129403,9.8100004196167,1.5120932630452444e-06,1.7568979160387244e-07,-0.0046085696667432785,270.0208464205922,-0.0011628958368419262,0.0016939054959908147
796.8000118732452,-0.0012226481921970844,0.0012609047116711736,9.8100004196167,1.7007744190777885e-07,-1.0612383505304024e-07,-0.004614240489900112,270.0208464205922,-0.0011628930953975214,0.0016867909091214696
796.9000118747354,2.6442556190886535e-05,-0.0012395498342812061,9.8100004196167,9.62967874329479e-07,1.0989982257569864e-07,-0.004615147598087788,270.0208464205922,-0.001162890491045232,0.0016796763222521245
797.0000118762255,0.001277351751923561,0.0012599955080077052,9.8100004196167,7.439407312404e-08,-2.266614984591797e-07,-0.004615284502506256,270.0208464205922,-0.0011628878866787318,0.0016725617353827796
797.1000118777156,-0.0012235575122758746,-0.001239095232449472,9.8100004196167,-5.308170898388198e-07,3.2355424650631903e-07,-0.004615059122443199,270.0208464205922,-0.0011628852822980207,0.0016654471485134344
797.2000118792057,3.443657624302432e-05,0.01631792075932026,9.8100004196167,3.928297519451007e-05,2.7718613182514673e-07,-0.003163127228617668,270.026583779495,-0.0011628811701456243,0.0016583325616440895
797.3000118806958,0.0012756517389789224,-0.002490171231329441,9.8100004196167,-3.959915920859203e-05,-4.653732048609527e-07,-0.004776380956172943,270.0285235532193,-0.0011628773321206154,0.0016512179747747444
797.4000118821859,-0.0012243302771821618,-0.0024889358319342136,9.8100004196167,2.4180101263482356e-06,2.1091908308790153e-07,-0.0046428777277469635,270.02814106262576,-0.0011628737682656265,0.0016441033879053993
797.500011883676,0.0012768972665071487,9.836466233537067e-06,9.8100004196167,-1.6931635400396772e-06,-1.4355626376527653e-07,-0.00461975671350956,270.02814106262576,-0.0011628702043822159,0.0016369888010360544
797.6000118851662,-0.0012237164191901684,-0.0012389358598738909,9.8100004196167,-4.089056915290712e-07,-5.24238750188033e-08,-0.004616003483533859,270.02814106262576,-0.0011628667775767099,0.0016298742141667092
797.7000118866563,2.6897192583419383e-05,1.045024509949144e-05,9.8100004196167,-8.150396411110705e-07,4.2979557690614456e-08,-0.004615351557731628,270.02814106262576,-0.0011628632137075101,0.0016227596272973643
797.8000118881464,0.0012768972665071487,9.836466233537067e-06,9.8100004196167,8.419262798042837e-08,2.938198306878803e-08,-0.0046152593567967415,270.02814106262576,-0.001162859786916215,0.0016156450404280192
797.9000118896365,-0.0012224889360368252,0.0012610640842467546,9.8100004196167,1.1406140174585744e-06,6.689239171464578e-07,-0.004615019075572491,270.02814106262576,-0.0011628562230328043,0.001608530453558674
798.0000118911266,2.154051799152512e-05,-0.013799214735627174,9.8100004196167,-3.853307498502545e-05,6.415672260118299e-07,-0.006066823378205299,270.0223217414529,-0.0011628538927936916,0.0016014158666893292
798.1000118926167,0.0012733774492517114,-0.013801985420286655,9.8100004196167,8.176311894203536e-08,2.5080538534894004e-07,-0.005906339734792709,270.0146719295825,-0.0011628526591636046,0.001594301279819984
798.2000118941069,-0.0012222466757521033,0.0037555100861936808,9.8100004196167,3.626764373620972e-05,-1.1082062911782486e-07,-0.004426374100148678,270.0130873256951,-0.0011628511513492867,0.0015871866929506391
798.300011895597,0.0012774881906807423,0.002504929667338729,9.8100004196167,-2.9030222776782466e-06,3.565431825336418e-07,-0.004582958295941353,270.0135517785586,-0.0011628495064996969,0.001580072106081294
798.4000118970871,-0.0012228072155267,0.0012555205030366778,9.8100004196167,3.3534996646267246e-07,7.626908882230055e-07,-0.004609641619026661,270.0135517785586,-0.0011628477245579916,0.0015729575192119489
798.5000118985772,2.6601699573802762e-05,-0.0012447749031707644,9.8100004196167,1.8355826796323527e-06,-3.6626326505029283e-07,-0.004614264704287052,270.0135517785586,-0.00116284607967998,0.001565842932342604
798.6000119000673,0.0012771927285939455,0.0012549294624477625,9.8100004196167,7.161281132539443e-07,7.001435164966097e-07,-0.004614836536347866,270.0135517785586,-0.0011628442977666964,0.0015587283454732588
798.7000119015574,-0.0012231027940288186,5.5206123761308845e-06,9.8100004196167,8.964017865764617e-07,2.166176216178428e-08,-0.004615080542862415,270.0135517785586,-0.001162842515839202,0.001551613758603914
798.8000119030476,3.15408397000283e-05,0.013817925937473774,9.8100004196167,3.773024945985526e-05,6.239542358343897e-07,-0.0031629670411348343,270.0193437789748,-0.0011628395002247771,0.0015444991717345688
798.9000119045377,0.001276897150091827,9.98473205982009e-06,9.8100004196167,-3.896807538694702e-05,6.814159974055656e-07,-0.004776150919497013,270.02133819421243,-0.0011628363475750803,0.0015373845848652239
799.0000119060278,-0.0012244712561368942,-0.003739091567695141,9.8100004196167,2.1428704712889157e-06,-3.469490081897675e-07,-0.00464325025677681,270.0209283828622,-0.00116283374320858,0.0015302699979958788
799.1000119075179,2.644091182446573e-05,-0.0012395491357892752,9.8100004196167,-2.351010053303071e-09,-3.764559153296432e-08,-0.0046199019998312,270.0209283828622,-0.0011628311388562906,0.0015231554111265336
799.200011909008,0.0012773529160767794,0.0012599935289472342,9.8100004196167,-5.428190661405097e-07,-2.8906352866897578e-08,-0.004616036079823971,270.0209283828622,-0.0011628285344897904,0.0015160408242571887
799.3000119104981,-0.0012235586764290929,-0.0012390929041430354,9.8100004196167,5.067415713710943e-07,3.2817814599184203e-07,-0.00461555365473032,270.0209283828622,-0.0011628257930453856,0.0015089262373878436
799.4000119119883,0.0012768965680152178,9.993969797505997e-06,9.8100004196167,1.61295034217801e-07,-4.347854964947828e-09,-0.004615248180925846,270.0209283828622,-0.0011628231886646745,0.0015018116505184987
799.5000119134784,-0.0012155628064647317,0.016323722898960114,9.8100004196167,3.855366594507359e-05,-3.007185256365119e-08,-0.003163202665746212,270.026583779495,-0.0011628192135759718,0.0014946970636491536
799.6000119149685,3.4370121284155175e-05,0.012573146261274815,9.8100004196167,-1.1869833542732522e-06,3.8794732404312526e-07,-0.0033242572098970413,270.03426091212214,-0.0011628140048429714,0.0014875824767798084
799.7000119164586,0.0012745518470183015,-0.0037351050414144993,9.8100004196167,-3.675717016449198e-05,-3.945891364764975e-07,-0.004804085940122604,270.03584551600954,-0.001162809207315263,0.0014804678899104635
799.8000119179487,-0.0012261850060895085,-0.004983552265912294,9.8100004196167,3.074757159993169e-06,3.621187829594419e-07,-0.00464762095361948,270.03532642163265,-0.0011628048210070574,0.0014733533030411184
799.9000119194388,2.7667878384818323e-05,0.001265674945898354,9.8100004196167,-7.64129822528048e-07,3.2753746381786186e-07,-0.0046208081766963005,270.03532642163265,-0.0011628004347130627,0.0014662388532438078
800.000011920929,2.6126503144041635e-05,-0.0012343240668997169,9.8100004196167,-1.001688929136435e-06,-1.0144856332772179e-07,-0.004616066813468933,270.03532642163265,-0.0011627960484048572,0.0014591242663744626
800.1000119224191,2.689719076442998e-05,1.5675364920753054e-05,9.8100004196167,-4.520142624642176e-07,6.21283277268958e-07,-0.004615303128957748,270.03532642163265,-0.0011627916621250733,0.0014520096795051177
800.2000119239092,0.0012704555410891771,-0.012549231760203838,9.810019493103027,-3.8866848626639694e-05,-3.9454710076824995e-07,-0.006067369133234024,270.02953442121645,-0.0011627883723690502,0.0014448950926357726
800.3000119253993,-0.0012288213474676013,-0.015050576068460941,9.809961318969727,1.4174225952956476e-06,2.6137820441363147e-07,-0.005906017497181892,270.0218572885894,-0.0011627864533636512,0.0014377805057664275
800.4000119268894,0.0012791093904525042,0.006254782900214195,9.810019493103027,3.625389581429772e-05,-4.19125711914603e-07,-0.004426821134984493,270.0202726847019,-0.0011627839860608447,0.0014306659188970826
800.5000119283795,-0.0012144437059760094,0.018818505108356476,9.8100004196167,3.755150464712642e-05,-5.065770025680649e-08,-0.003130740486085415,270.0264744964683,-0.0011627797368447546,0.0014235513320277374
800.6000119298697,2.5032157282112166e-05,-0.0037395479157567024,9.8100004196167,-3.84933955501765e-05,3.9500289972238534e-07,-0.004770483821630478,270.0284962324626,-0.0011627758988197456,0.0014164367451583925
800.7000119313598,0.0012710350565612316,-0.015050387941300869,9.8100004196167,-3.523552732076496e-05,-2.8566358878379106e-07,-0.006094207987189293,270.022403703723,-0.0011627734315027283,0.0014093221582890474
800.8000119328499,-0.0012235470348969102,-0.0012391044292598963,9.8100004196167,3.891370943165384e-05,-3.9680170260680825e-08,-0.00445887167006731,270.02038196772867,-0.0011627712383699418,0.0014022075714197023
800.90001193434,2.780348040687386e-05,0.002510450081899762,9.8100004196167,-2.3720742774457904e-06,2.0608784723208373e-07,-0.00458815973252058,270.02076445832216,-0.0011627686340034415,0.0013950929845503574
801.0000119358301,0.0012773502385243773,0.001259997021406889,9.8100004196167,3.6406689218893007e-07,2.7290906245980295e-07,-0.004610673524439335,270.02076445832216,-0.0011627658925590367,0.0013879783976810123
801.1000119373202,-0.0012235559988766909,-0.0012390966294333339,9.8100004196167,7.471114145118918e-07,2.7846476768900175e-07,-0.004614344798028469,270.02076445832216,-0.0011627632881783256,0.0013808638108116673
801.2000119388103,3.4432705433573574e-05,0.01631792075932026,9.8100004196167,3.941438626497984e-05,3.277512803379068e-07,-0.0031629856675863266,270.026583779495,-0.0011627593131038338,0.0013737492239423222
801.3000119403005,0.0012709283037111163,-0.015048081986606121,9.8100004196167,-7.805853965692222e-05,4.917174010188319e-07,-0.006228026933968067,270.02281351507315,-0.001162756571659429,0.0013666346370729773
801.4000119417906,-0.0012248855782672763,-0.004989102017134428,9.8100004196167,4.254070881870575e-05,7.171794891291938e-08,-0.004481976851820946,270.020436609242,-0.001162754241434527,0.0013595200502036322
801.5000119432807,0.0012787096202373505,0.005009996704757214,9.8100004196167,-2.0479262730077608e-06,-9.228744346501117e-08,-0.00459214486181736,270.02076445832216,-0.0011627516370680269,0.001352405463334287
801.6000119447708,-0.0012235559988766909,-0.0012390966294333339,9.8100004196167,-1.3074178184524499e-07,1.3635721529681177e-07,-0.004611330106854439,270.02076445832216,-0.0011627490327157375,0.0013452908764649421
801.7000119462609,2.7350337404641323e-05,0.0012604501098394394,9.8100004196167,5.688439728146477e-07,1.799693762905008e-07,-0.004614547826349735,270.02076445832216,-0.0011627464283208155,0.001338176289595597
801.800011947751,0.0012838526163250208,0.015067342668771744,9.8100004196167,3.88217085856013e-05,-4.361747869552346e-07,-0.0031633879989385605,270.026583779495,-0.00116274231618263,0.001331061702726252
801.9000119492412,-0.0012243471574038267,-0.0024889276828616858,9.8100004196167,-3.8074264011811465e-05,-3.3025398238351045e-07,-0.004776375368237495,270.0285235532193,-0.001162738478157621,0.001323947115856907
802.0000119507313,2.5669634851510637e-05,-0.0024895495735108852,9.8100004196167,1.455184246879071e-06,7.825297529961972e-07,-0.004642547108232975,270.02814106262576,-0.0011627349142884214,0.0013168325289875619
802.1000119522214,0.0012762835249304771,-0.001240163459442556,9.8100004196167,-5.7986621726513476e-08,3.11448964396277e-08,-0.004619813524186611,270.02814106262576,-0.0011627313504192216,0.001309717942118217
802.2000119537115,-0.00122249114792794,0.0012610609410330653,9.8100004196167,-1.5394992942674435e-06,2.482694299033028e-07,-0.004615914076566696,270.0280317795991,-0.0011627279236137156,0.0013026033552488718
802.3000119552016,0.0012762857368215919,-0.0012401603162288666,9.8100004196167,-4.961233344147331e-07,-2.40220572322869e-07,-0.004615381360054016,270.0280317795991,-0.0011627243597160941,0.001295488768379527
802.4000119566917,-0.0012231022119522095,1.1061339137086179e-05,9.8100004196167,7.218056907731807e-08,-3.066135434437456e-07,-0.004615308716893196,270.0280317795991,-0.0011627207958611052,0.0012883741815101818
802.5000119581819,2.0811854483326897e-05,-0.017573989927768707,9.8100004196167,-5.603551835520193e-05,-3.8397814705604105e-08,-0.0066684456542134285,270.01994483562174,-0.0011627190139194,0.0012812595946408367
802.600011959672,0.0012765219435095787,-0.001245149178430438,9.8100004196167,5.571418296312913e-05,6.589070267182251e-07,-0.004387138411402702,270.0171854391971,-0.0011627172319919055,0.0012741450077714917
802.7000119611621,-0.0012203954393044114,0.008760834112763405,9.8100004196167,-3.589189418562455e-06,3.208394616649457e-07,-0.004575775936245918,270.0177318543307,-0.0011627144905332898,0.0012670304209021466
802.8000119626522,2.7286107069812715e-05,0.001260449644178152,9.8100004196167,-2.3054805353694974e-07,-4.4555989120453887e-07,-0.004608503542840481,270.0178411373574,-0.0011627118861810004,0.0012599158340328017
802.9000119641423,0.0012815236113965511,0.01131740864366293,9.8100004196167,4.034891753690317e-05,-4.781363145411888e-07,-0.003162081353366375,270.0235784962602,-0.001162708185233896,0.0012528012471634566
803.0000119656324,-0.001223659492097795,-0.001238992903381586,9.8100004196167,-3.8670055801048875e-05,6.192941555127618e-07,-0.0047758715227246284,270.0255182699845,-0.0011627044842867917,0.0012456866602941115
803.1000119671226,2.634853262861725e-05,-0.0012395497178658843,9.8100004196167,3.859895969071658e-06,-4.672044724429725e-07,-0.004643088206648827,270.02516310014767,-0.0011627010575097074,0.0012385720734247666
803.2000119686127,0.001277445931918919,0.0012599015608429909,9.8100004196167,3.780469626235572e-07,-3.8778356525881463e-08,-0.00462003331631422,270.02516310014767,-0.0011626974935978751,0.0012314574865554214
803.3000119701028,-0.0012236513430252671,-0.001239001052454114,9.8100004196167,-3.389062612768612e-07,2.155152998284393e-07,-0.004616016522049904,270.02516310014767,-0.00116269406680658,0.0012243428996860765
803.4000119715929,0.0012768968008458614,9.904115358949639e-06,9.8100004196167,-1.9467401557449193e-07,1.4080809762617719e-07,-0.004615267738699913,270.02502649636426,-0.0011626905029373802,0.0012172283128167314
803.500011973083,-0.0012225561076775193,0.0012609959812834859,9.8100004196167,-1.6121045121053612e-07,-2.118223676461639e-07,-0.004615258425474167,270.02502649636426,-0.0011626869390539696,0.0012101137259473865
803.6000119745731,2.6351059204898775e-05,-0.0012395491357892752,9.8100004196167,1.0957442100334447e-06,5.57167425085936e-07,-0.004615110345184803,270.02502649636426,-0.0011626835122626744,0.0012029991390780414
803.7000119760633,0.0012768968008458614,9.904115358949639e-06,9.8100004196167,-8.524553152255976e-08,-4.2942704681081523e-07,-0.0046155499294400215,270.02502649636426,-0.0011626799483934747,0.0011958845522086962
803.8000119775534,-0.0012231022119522095,1.0996370292559732e-05,9.8100004196167,-2.2613717476360762e-07,-3.8914430433578673e-07,-0.004615526646375656,270.02502649636426,-0.0011626765215879686,0.0011887699653393513
803.9000119790435,2.744331504800357e-05,0.0012604498770087957,9.8100004196167,4.617105844317848e-07,1.1961015289330135e-08,-0.00461539626121521,270.02502649636426,-0.001162672957704558,0.0011816553784700062
804.0000119805336,0.0012763505801558495,-0.0012400953564792871,9.8100004196167,-3.7046305578769534e-07,-3.7169616007304285e-07,-0.004615180194377899,270.02502649636426,-0.00116266939386378,0.0011745407916006613
804.1000119820237,-0.0012231022119522095,1.0996370292559732e-05,9.8100004196167,1.43704187394178e-06,2.8125617745899945e-07,-0.0046151792630553246,270.02502649636426,-0.0011626659670440631,0.0011674262047313162
804.2000119835138,0.0012768968008458614,9.904115358949639e-06,9.8100004196167,1.4140172197585343e-06,2.2313861336442642e-07,-0.004615309648215771,270.02502649636426,-0.0011626624031606525,0.001160311617861971
804.300011985004,-0.1026405319571495,0.001305220415815711,9.810076713562012,-3.6924154755979544e-07,0.0003687475109472871,-0.004667547065764666,270.02502649636426,-0.0011626589763551465,0.0011532060777468911
804.4000119864941,-0.6207893490791321,-0.0009694829350337386,9.810097694396973,-6.760683390893973e-08,0.0008968322654254735,-0.004927155561745167,270.0249718548509,-0.0011626554125143684,0.0011461563944857966
804.5000119879842,-1.3317811489105225,0.0005875660572201014,9.809906005859375,6.271518941503018e-06,0.0010427685920149088,-0.005262186750769615,270.0248625718242,-0.001162651848616747,0.001139226169502612
804.6000119894743,-1.7288782596588135,0.0007601245306432247,9.809469223022461,6.490352461696602e-06,0.0006548946257680655,-0.005344598554074764,270.02488989258086,-0.0011626484218254518,0.001132450904454226
804.7000119909644,-1.630434513092041,-0.006780627183616161,9.809318542480469,7.507563168474007e-06,3.1758067962073255e-06,-0.005205937661230564,270.0249718548509,-0.0011626455433031424,0.0011258219638024768
804.8000119924545,-1.152622938156128,-0.0007380723254755139,9.809477806091309,6.572656729986193e-06,-0.0005423808470368385,-0.005086696241050959,270.0249991756076,-0.0011626429389366422,0.0011192961698565534
804.9000119939446,-0.6244964599609375,-0.0009676525369286537,9.809765815734863,4.243626335664885e-06,-0.0006537172594107687,-0.005066402722150087,270.02502649636426,-0.0011626403345843528,0.0011128263698366495
805.0000119954348,-0.4090198576450348,0.0014381473883986473,9.809976577758789,2.9738719149463577e-06,-0.0002971962676383555,-0.00511718075722456,270.0249991756076,-0.0011626377302178525,0.0011063932365859264
805.1000119969249,-0.617770791053772,-0.000970822642557323,9.810012817382812,3.1881104405329097e-06,0.00021294080943334848,-0.005278534255921841,270.0249991756076,-0.0011626349887592369,0.0011000154804370686
805.200011998415,-1.0443857908248901,0.0017131866188719869,9.810053825378418,5.0917187763843685e-06,0.0004883001674897969,-0.005496263038367033,270.02488989258086,-0.0011626323843927366,0.001093731275951634
805.3000119999051,-1.341080904006958,-0.0006581585621461272,9.80968189239502,6.212912467162823e-06,0.00038032623706385493,-0.0055967941880226135,270.02488989258086,-0.0011626297800404473,0.0010875674207123324
805.4000120013952,-1.3387731313705444,0.0005920298863202333,9.809529304504395,6.265574029384879e-06,2.4071094230748713e-05,-0.0055511887185275555,270.02494453409423,-0.001162627175673947,0.001081523503503061
805.5000120028853,-1.059844970703125,0.0017210865626111627,9.809630393981934,6.434220267692581e-06,-0.0003359411202836782,-0.0054816072806715965,270.0249718548509,-0.001162624571293236,0.0010755746457495902
805.6000120043755,-0.7119338512420654,-0.0009300266392529011,9.809762954711914,5.691218575520907e-06,-0.00045251619303599,-0.005470519419759512,270.0249718548509,-0.0011626218298488311,0.0010696895264920784
805.7000120058656,-0.5228272080421448,0.0014875013148412108,9.809935569763184,3.460623702267185e-06,-0.0002537640102673322,-0.005515027791261673,270.0249718548509,-0.0011626192254823309,0.001063851285870304
805.8000120073557,-0.619010329246521,-0.0009707927238196135,9.810012817382812,1.81933751264296e-06,9.160927584161982e-05,-0.005632068030536175,270.02494453409423,-0.0011626166211016198,0.0010580685594224293
805.9000120088458,-0.8942341804504395,0.001648044679313898,9.809959411621094,2.9282255127327517e-06,0.0003154937003273517,-0.005788781680166721,270.02488989258086,-0.0011626140167351195,0.0010523658830425974
806.0000120103359,-1.1282936334609985,-0.0007504429668188095,9.809784889221191,3.6347319110063836e-06,0.0002757397887762636,-0.005878552328795195,270.02488989258086,-0.0011626114123828302,0.0010467644343601108
806.100012011826,-1.13843834400177,0.0017541704000905156,9.809707641601562,5.109039193484932e-06,3.283105615992099e-05,-0.005864483304321766,270.0249172133375,-0.0011626086709384253,0.0010412650358071754
806.2000120133162,-0.9545748829841614,-0.000824649934656918,9.80968189239502,3.1507465791946743e-06,-0.00023411943402606994,-0.005825873464345932,270.0249718548509,-0.0011626060665719251,0.0010358513072756899
806.3000120148063,-0.6917763352394104,0.0003110076650045812,9.80981731414795,3.499557578834356e-06,-0.00033804509439505637,-0.0058246515691280365,270.0249718548509,-0.001162603462191214,0.001030499398231683
806.4000120162964,-0.5364990830421448,0.0014934912323951721,9.809918403625488,2.291132432219456e-06,-0.0002033484634011984,-0.00586673291400075,270.0249718548509,-0.0011626008578389246,0.001025195601471722
806.5000120177865,-0.6014372110366821,-0.0009788385359570384,9.8100004196167,1.1034879889848526e-06,5.8791083574760705e-05,-0.005963314324617386,270.0249172133375,-0.0011625982534724244,0.0010199457425572663
806.6000120192766,-0.8091033101081848,0.0016108416020870209,9.8099365234375,3.822917278739624e-06,0.0002388275897828862,-0.00609001936390996,270.0248625718242,-0.0011625955120280196,0.0010147683947489658
806.7000120207667,-0.9893395304679871,-0.0008110516937449574,9.809854507446289,1.2418672667990904e-06,0.00021440981072373688,-0.006165000610053539,270.0248625718242,-0.0011625929076473085,0.0010096798696189045
806.8000120222569,-1.0057034492492676,0.0016963580856099725,9.809761047363281,9.629136457078857e-07,2.20418005483225e-05,-0.006159153766930103,270.02488989258086,-0.0011625903032808083,0.0010046813322793745
806.900012023747,-0.8518551588058472,-0.0008696013828739524,9.809761047363281,3.4415711525070947e-06,-0.0001983080874197185,-0.006134987808763981,270.02494453409423,-0.001162587698914308,0.0009997592811349949
807.0000120252371,-0.6303538084030151,0.00028410283266566694,9.809819221496582,1.3383155419433024e-06,-0.0002848493168130517,-0.006142028141766787,270.02494453409423,-0.001162585094533597,0.000994893635132738
807.1000120267272,-0.5051234364509583,0.0014793380396440625,9.809959411621094,-6.593697889911709e-07,-0.0001650791527936235,-0.006184126250445843,270.0249172133375,-0.001162582353103403,0.0009900732229018068
807.2000120282173,-0.5650781989097595,-0.0022447246592491865,9.810002326965332,-1.34638617055316e-06,6.473373650806025e-05,-0.0062738279812037945,270.02488989258086,-0.001162580022878501,0.0009853035958595911
807.3000120297074,-0.7527352571487427,-0.003413565456867218,9.809935569763184,1.200039832838229e-06,0.00021660742640960962,-0.006385907530784607,270.0248625718242,-0.0011625778297315037,0.0009806014082582607
807.4000120311975,-0.9079439640045166,-0.002096740296110511,9.809873580932617,-1.2352415978966746e-08,0.00018217334582004696,-0.006446800660341978,270.0248352510675,-0.0011625759107118938,0.0009759805043732823
807.5000120326877,-0.9055325388908386,-0.0020973922219127417,9.80978775024414,-8.569579676986905e-07,-1.3758909744865377e-06,-0.006434622686356306,270.0248625718242,-0.0011625741287843994,0.0009714409527406727
807.6000120341778,0.1884068250656128,0.003676879219710827,9.807839393615723,-5.266054722596891e-05,-0.0027856063097715378,-0.017707249149680138,270.0253816662011,-0.0011625722097790003,0.0009668843356397902
807.7000120356679,-0.04681887850165367,0.02150413952767849,9.810046195983887,0.0002674738352652639,-0.00019568551215343177,-0.018931657075881958,270.1142287669246,-0.0011625682346760868,0.0009623318992359546
807.800012037158,-3.663052558898926,-0.09847882390022278,9.786287307739258,-0.0013440219918265939,0.005984920542687178,-0.11997443437576294,269.70061983154534,-0.0011625713873257837,0.0009581081615704181
807.9000120386481,-4.375682830810547,-0.1492367684841156,9.831352233886719,0.00048547814367339015,-0.0024411084596067667,0.009616467170417309,269.53642208389823,-0.0011625848204204203,0.0009542769982111743
808.0000120401382,1.3024649620056152,0.12972494959831238,9.813872337341309,0.00030293880263343453,-0.004573896527290344,0.0201890766620636,269.64157967635975,-0.001162587287709016,0.000950328706798604
808.1000120416284,3.5135421752929688,0.025576211512088776,9.808076858520508,3.044120421691332e-05,-0.003538865130394697,0.014223137870430946,269.72867824865574,-0.0011625889325728167,0.0009460649440990462
808.2000120431185,2.9480042457580566,0.0030748099088668823,9.83729362487793,9.70855908235535e-05,0.0017841006629168987,0.011726193130016327,269.7972806686794,-0.0011625912627977186,0.000941536700909268
808.3000120446086,-12.400792121887207,-0.018436521291732788,9.742572784423828,-0.00021672522416338325,0.022637665271759033,0.004590773954987526,269.8397917660735,-0.0011625922223004181,0.0009381212770301167
808.4000120460987,-24.892356872558594,-0.05452580749988556,9.758082389831543,6.355709047056735e-05,-0.0029441677033901215,0.0015140241011977196,269.851703615986,-0.0011625922223004181,0.0009369393734141925
808.5000120475888,-1.4026532173156738,-0.002088816137984395,9.80493450164795,8.076435187831521e-05,-0.013856147415935993,0.002071443712338805,269.86479025843573,-0.0011625920852083027,0.0009358821368134824
808.6000120490789,5.717539310455322,0.01683199778199196,9.812795639038086,8.800077193882316e-05,-0.0104140629991889,0.007649457082152367,269.88161984455064,-0.0011625913998614124,0.0009343109486200894
808.7000120505691,6.193883419036865,0.009326087310910225,9.808552742004395,5.7201024901587516e-05,-0.006230469327419996,0.00716830138117075,269.89088158106523,-0.001162591125719814,0.0009321836591834603
808.8000120520592,6.273873805999756,0.016106262803077698,9.80532169342041,6.49263893137686e-05,-0.003453441197052598,0.004253653343766928,269.91063448814486,-0.0011625901662029037,0.0009294935519739132
808.9000120535493,6.129852294921875,0.01583050936460495,9.803966522216797,3.5066157579422e-05,-0.0015149564715102315,0.004401181824505329,269.93470407478003,-0.0011625885213533138,0.0009262537173707258
809.0000120550394,5.741389751434326,0.009302576072514057,9.803688049316406,2.5578492568456568e-05,-0.000551569159142673,0.0041533904150128365,269.95803600098475,-0.0011625864652700102,0.0009224991772786668
809.1000120565295,4.82438850402832,0.008137783966958523,9.805309295654297,9.208481060341e-06,0.002350834896788001,0.0034857946448028088,269.97858121000814,-0.0011625837238256054,0.0009183121749183282
809.2000120580196,0.8693394660949707,0.00888108555227518,9.810829162597656,-2.119961436619633e-06,0.005804786458611488,0.0029084859415888786,269.9961757773101,-0.0011625802970200994,0.0009140476583225817
809.3000120595098,-2.816134214401245,-0.0007309868233278394,9.810525894165039,-7.298578566405922e-06,0.004979885648936033,0.0021338423248380423,270.00950830657,-0.0011625768702145933,0.0009100361767021899
809.4000120609999,-3.2030792236328125,0.0024181120097637177,9.808349609375,-2.193118007198791e-07,0.0020590131171047688,0.0018046899931505322,270.02016340167523,-0.0011625734434232982,0.0009063122036737843
809.50001206249,-2.0462839603424072,-1.9373250007629395,9.806878089904785,-0.0044499109499156475,-0.0005537147517316043,-0.17729635536670685,269.3094139166437,-0.0011627410825241213,0.0009027738261798479
809.6000120639801,0.6646263003349304,-0.8551238775253296,9.808551788330078,0.0018157383892685175,-0.003625458339229226,-0.11340970546007156,268.6010413374433,-0.0011629864414572921,0.0008991776042874285
809.7000120654702,3.648073434829712,-0.027948498725891113,9.808218002319336,0.0003913126711267978,-0.0038211392238736153,-0.09958173334598541,268.0294091454266,-0.001163245507612487,0.0008952542599851045
809.8000120669603,4.82043981552124,-0.21832776069641113,9.814061164855957,-0.0001738007995299995,-0.0033012740314006805,-0.0920916199684143,267.5045227680895,-0.0011635425426987922,0.0008908996185267925
809.9000120684505,4.53621768951416,-0.2120102047920227,9.825539588928223,0.0006096780416555703,0.002184542827308178,-0.07729378342628479,267.0358351872432,-0.001163879602827933,0.0008861397921350306
810.0000120699406,1.8520151376724243,-0.1649792194366455,9.781418800354004,0.00019849473028443754,0.0005588822532445192,-0.06544224917888641,266.63534021507036,-0.0011642409247372143,0.0008812151366219991
810.1000120714307,3.315110206604004,-0.18520933389663696,9.804574966430664,3.893536631949246e-05,-0.0010003313655033708,-0.062228888273239136,266.2852247182155,-0.0011646380224163977,0.0008759950908750078
810.2000120729208,4.8708906173706055,-1.9298582077026367,9.80500602722168,-0.005353243090212345,-0.0008771932334639132,-0.2500440180301666,265.2776078910985,-0.0011652429212887228,0.0008703539598385856
810.3000120744109,4.9341230392456055,-3.9356231689453125,9.799978256225586,-0.004424753598868847,0.0005357119953259826,-0.4167933166027069,263.192405779007,-0.001166249578304246,0.0008643152513666181
810.400012075901,4.781304359436035,-4.545867919921875,9.794882774353027,-0.0037760210689157248,0.0011036655632779002,-0.547497034072876,260.2903676836953,-0.001167728996790629,0.0008579225543660193
810.5000120773911,4.995913505554199,-5.187055587768555,9.789124488830566,-0.003859198186546564,0.002045990200713277,-0.657221794128418,256.72115671025676,-0.0011697621862651886,0.0008512004047309325
810.6000120788813,4.599660873413086,-5.885242938995361,9.784725189208984,-0.0024431906640529633,0.004972012247890234,-0.7388467192649841,252.6120875848204,-0.001172419875928199,0.0008442416687646093
810.7000120803714,1.2314722537994385,-6.302858829498291,9.785639762878418,-0.00012145424261689186,0.008514386601746082,-0.7766231298446655,248.14989767929438,-0.0011756409316632244,0.0008373901916651415
810.8000120818615,-2.1925783157348633,-6.742263317108154,9.78170394897461,0.0005987035110592842,0.008311806246638298,-0.8001495003700256,243.5097676855112,-0.001179312817328082,0.0008309834447810249
810.9000120833516,-3.1837244033813477,-7.123869895935059,9.776402473449707,0.0016659358516335487,0.006444565486162901,-0.8195481300354004,238.7488799472022,-0.0011833801557941115,0.0008251508926486748
811.0000120848417,-2.744887351989746,-7.102338790893555,9.775418281555176,0.0028290089685469866,0.004547125194221735,-0.8292009830474854,233.92037333611006,-0.0011878149844051222,0.0008198906847956277
811.1000120863318,-1.2808799743652344,-6.966732025146484,9.776143074035645,0.0022387970238924026,0.0023237112909555435,-0.8447748422622681,229.0459951745521,-0.0011926441692367007,0.00081512448455427
811.200012087822,1.102431297302246,-7.030208110809326,9.775744438171387,0.0011681672185659409,0.0013598870718851686,-0.8767509460449219,224.0519657591139,-0.0011979806576789542,0.0008107403040725622
811.3000120893121,2.6584582328796387,-7.121510982513428,9.774601936340332,0.0012967409566044807,0.002942480379715562,-0.9050601124763489,218.8854877275112,-0.0012039018954226322,0.0008067007912211519
811.4000120908022,1.4197263717651367,-8.477897644042969,9.763161659240723,-0.002480688039213419,0.007660944014787674,-1.0642598867416382,213.06811998876296,-0.0012103427732199634,0.0008032258780791057
811.5000120922923,-0.3115558624267578,-7.065036296844482,9.777082443237305,0.009046288207173347,0.006130553781986237,-0.8363028764724731,207.6950423951457,-0.0012170520380863081,0.0008003220755680538
811.6000120937824,-1.9987916946411133,-6.778270721435547,9.774944305419922,0.00018913717940449715,0.007231991738080978,-0.9196701645851135,202.54203349658624,-0.001223827234596797,0.0007980452405419815
811.7000120952725,-2.0967302322387695,-6.224925994873047,9.781940460205078,0.008474597707390785,0.003558885306119919,-0.7258546948432922,197.9000320309705,-0.0012305944809298808,0.0007963546626066958
811.8000120967627,-1.143111228942871,-5.917486667633057,9.782327651977539,0.0011425690026953816,0.0025883500929921865,-0.7888677716255188,193.45767699479418,-0.0012373847553703854,0.0007952010643658587
811.9000120982528,0.8919286727905273,-4.890940189361572,9.791632652282715,0.007324422709643841,-0.0002809083089232445,-0.6063881516456604,189.58229596162067,-0.0012443269056205963,0.0007944640280373201
812.0000120997429,2.313156843185425,-3.299699068069458,9.799196243286133,0.0044740731827914715,0.00033398671075701714,-0.5174413919448853,186.43545022607736,-0.001251508246568278,0.0007939955843600315
812.100012101233,1.6112823486328125,-2.2877252101898193,9.804977416992188,0.006184603087604046,0.0017117694951593876,-0.3560175597667694,184.0706884712572,-0.0012588481798729845,0.0007937197954269797
812.2000121027231,-0.29240572452545166,-1.2559415102005005,9.808465003967285,0.004831762984395027,0.0027132690884172916,-0.23508179187774658,182.48184986652885,-0.0012661668669835535,0.0007935562684900359
812.3000121042132,-1.7285792827606201,-0.9284340143203735,9.80868911743164,0.003574119647964835,0.0021649745758622885,-0.15805239975452423,181.4197008090785,-0.0012733323075906355,0.0007934788913266623
812.4000121057034,-1.8634941577911377,-0.6964417695999146,9.808459281921387,0.0026525636203587055,0.000735411187633872,-0.10993971675634384,180.69183486998693,-0.001280331479790675,0.0007934653211952646
812.5000121071935,-0.865616500377655,-0.23487889766693115,9.809142112731934,0.00249156984500587,-0.0009770055767148733,-0.05305039882659912,180.28255627454143,-0.0012872530692362716,0.000793472723085118
812.6000121086836,0.7722817659378052,-0.14050394296646118,9.809488296508789,0.001240121084265411,-0.0018640549387782812,-0.03668172284960747,180.03957912500738,-0.001294244154209423,0.0007934923929220428
812.7000121101737,1.859574556350708,-0.16835248470306396,9.809596061706543,0.0008494616486132145,-0.0010199861135333776,-0.026945656165480614,179.86878341462204,-0.0013014020558301809,0.0007935273462907945
812.8000121116638,1.4088128805160522,-0.1149214506149292,9.810242652893066,0.0006259960937313735,0.0007544644759036601,-0.018883733078837395,179.74358604713572,-0.0013086862008151456,0.0007935729227422059
812.9000121131539,-0.05998803302645683,-0.07224303483963013,9.810553550720215,0.000440837349742651,0.0019650200847536325,-0.01292392797768116,179.65850921083404,-0.00131596486289709,0.0007936249415792303
813.000012114644,-1.2567025423049927,-0.05338728427886963,9.810070991516113,0.0003063925541937351,0.0017801991198211908,-0.00876825675368309,179.59944173489177,-0.0013231308517731577,0.0007936808669692328
813.1000121161342,-1.441426157951355,0.14589166641235352,9.809464454650879,0.0006009651115164161,0.0007097983616404235,0.011620805598795414,179.63148898247746,-0.0013301674446637435,0.000793722879547752
813.2000121176243,-0.6907311081886292,0.10452699661254883,9.809470176696777,5.232985131442547e-06,-0.0005928859463892877,0.007899773307144642,179.6840950994649,-0.0013371420809846768,0.0007937551600118342
813.3000121191144,0.5348753333091736,0.009672999382019043,9.809643745422363,-3.2722833566367626e-05,-0.0012595712905749679,0.003950267564505339,179.71332830911257,-0.0013441649666532385,0.0007937868236517622
813.4000121206045,1.327446699142456,0.006337761878967285,9.809826850891113,-7.628288585692644e-06,-0.0006738717202097178,0.002427359577268362,179.73093653679285,-0.0013513068308412812,0.0007938184872916901
813.5000121220946,1.0227549076080322,-0.0021589994430541992,9.810216903686523,-2.3360305931419134e-05,0.0005938144167885184,0.0009506603237241507,179.73829948071813,-0.0013585405333174094,0.0007938507677557725
813.6000121235847,-0.00938301719725132,0.00752338208258152,9.810431480407715,7.268274202942848e-06,0.0014656420098617673,0.0011978462571278214,179.7451160095098,-0.001365773413340321,0.0007938823628596833
813.7000121250749,-0.8630690574645996,0.012594461441040039,9.810044288635254,-2.0854640752077103e-06,0.001357427448965609,0.0012295705964788795,179.75212378359822,-0.0013729285735450958,0.0007939125187072337
813.800012126565,-1.0065051317214966,0.09430199861526489,9.809700965881348,0.0001853021385613829,0.000583332497626543,0.009565995074808598,179.79346008845513,-0.0013799936774177013,0.0007939339019445875
813.9000121280551,-0.46361491084098816,0.06400534510612488,9.809671401977539,-8.492104825563729e-05,-0.0003287644067313522,0.0062186154536902905,179.83567065752584,-0.0013870172484331533,0.0007939494596204829
814.0000121295452,0.3761744201183319,0.012391507625579834,9.809718132019043,-7.364683551713824e-05,-0.0007403785712085664,0.0034727014135569334,179.85872937616378,-0.0013940745391920473,0.0007939639892561208
814.1000121310353,0.86577308177948,0.011408627033233643,9.809940338134766,-3.39491234626621e-05,-0.0003256308555137366,0.0025265607982873917,179.87646054724914,-0.001401209412733806,0.0007939776964595528
814.2000121325254,0.6522077918052673,0.0007804036140441895,9.810199737548828,-4.942330997437239e-05,0.0004945439868606627,0.000965368642937392,179.88465677425316,-0.001408402953089194,0.000793991472199002
814.3000121340156,-0.009565196931362152,-0.007483332417905331,9.810254096984863,-3.881461452692747e-05,0.001045338110998273,-0.00023574844817630947,179.88636432154567,-0.0014155955339418824,0.0007940058647626056
814.4000121355057,-0.5554025173187256,0.0499231219291687,9.810059547424316,0.00010168296284973621,0.0009703233954496682,0.004672027193009853,179.90513368138485,-0.001422738220568931,0.0007940158024850938
814.5000121369958,-0.6908615827560425,0.031139254570007324,9.809833526611328,-4.88675432279706e-05,0.0006846343749202788,0.002948042703792453,179.92597941873174,-0.0014298189506689596,0.0007940227931588441
814.6000121384859,-0.7086549401283264,-5.543231964111328e-05,9.809877395629883,-4.140147939324379e-05,0.000671158020850271,0.0015214591985568404,179.93744047615903,-0.0014368360792929025,0.0007940297152965772
814.700012139976,-0.9178159236907959,0.00854957103729248,9.809893608093262,-1.9410450477153063e-05,0.0007933341548778117,0.001093581086024642,179.94405209927558,-0.001443771101804714,0.0007940358835381216
814.8000121414661,-1.1770246028900146,0.0084306001663208,9.809749603271484,-8.099887054413557e-06,0.0007902788929641247,0.001166453817859292,179.94765843915735,-0.0014506003046932392,0.0007940411608114429
814.9000121429563,-1.306107997894287,-0.0048410892486572266,9.809646606445312,-3.6482466384768486e-05,0.0005943016731180251,-0.00017976429080590606,179.95153798660593,-0.001457312585145587,0.000794046712228833
815.0000121444464,-1.2337154150009155,0.021133780479431152,9.809623718261719,4.602762055583298e-05,0.0003136665327474475,0.0022734464146196842,179.9604308929053,-0.0014639142484611511,0.0007940504131737596
815.1000121459365,-1.017293095588684,-0.0012645721435546875,9.809664726257324,-6.240355287445709e-05,0.00011455531057436019,-0.0002707874227780849,179.9604308929053,-0.0014704246217860373,0.0007940541141186862
815.2000121474266,-0.8182878494262695,-0.008020162582397461,9.80979061126709,2.593435056041926e-06,0.0001027741382131353,-4.2070703784702346e-05,179.9604308929053,-0.0014768616615867813,0.0007940585004237844
815.3000121489167,-0.765633761882782,0.014011085033416748,9.809884071350098,2.4595632567070425e-05,0.00025735178496688604,0.001291585387662053,179.96573111970122,-0.0014832303024547855,0.0007940615845445566
815.4000121504068,-0.8556357622146606,-0.0010736584663391113,9.809893608093262,-3.4263881389051676e-05,0.0004479545750655234,-0.00015417850227095187,179.96573111970122,-0.0014895220458868152,0.000794064737201346
815.500012151897,-1.0032867193222046,0.00898444652557373,9.809832572937012,2.751254942268133e-05,0.0005375802866183221,0.0012412857031449676,179.97202855411595,-0.001495723870093002,0.0007940669988899123
815.6000121533871,-1.099673867225647,0.00016736984252929688,9.809786796569824,-3.265979466959834e-05,0.0004789334489032626,-0.00015611863636877388,179.97202855411595,-0.0015018271394779958,0.0007940692605784785
815.7000121548772,-1.0647029876708984,-0.004824519157409668,9.8096923828125,1.3184326235204935e-06,0.0003322631528135389,-2.1997413568897173e-05,179.98021112074164,-0.0015078350067625479,0.0007940719334831478
815.8000121563673,-0.9320951700210571,-0.00039267539978027344,9.809762001037598,1.1839874787256122e-06,0.00020795672025997192,-1.1019036492143641e-06,179.97202855411595,-0.0015137592600638072,0.0007940745378517999
815.9000121578574,-0.803167462348938,-0.0003368258476257324,9.809823989868164,-3.563764039427042e-08,0.00019266582967247814,1.6148308077390539e-06,179.97202855411595,-0.0015196115505773378,0.0007940772107564692
816.0000121593475,-0.7492868900299072,-0.0003135800361633301,9.809873580932617,-5.059409886598587e-07,0.00028904210194014013,1.9491744751576334e-06,179.97202855411595,-0.0015253966757882154,0.0007940798151251212
816.1000121608377,-0.7980369329452515,-0.00033468008041381836,9.809864044189453,1.5401165001094341e-06,0.00042209922685287893,2.278437023051083e-06,179.97202855411595,-0.0015311102493740236,0.0007940824194937733
816.2000121623278,-0.8993600606918335,-0.00037848949432373047,9.809926986694336,7.834169082343578e-07,0.0004924366949126124,2.386394271525205e-06,179.97202855411595,-0.0015367433617115012,0.0007940850923984426
816.3000121638179,-0.9619592428207397,0.014722585678100586,9.809779167175293,1.8844002624973655e-05,0.0004595200589392334,0.0011583444429561496,179.98021112074164,-0.001542290118635492,0.0007940863945827685
816.400012165308,-0.9407224059104919,0.010455071926116943,9.809802055358887,-8.97637801244855e-06,0.00035830753040499985,0.0009857418481260538,179.98021112074164,-0.0015477524392082387,0.0007940867372628543
816.5000121667981,-0.8431367874145508,0.0036818385124206543,9.809769630432129,-7.887370884418488e-06,0.00026703125331550837,0.0009504527552053332,179.98021112074164,-0.0015531393701593288,0.0007940867372628543
816.6000121682882,-0.7454996109008789,-0.006341040134429932,9.809866905212402,-2.1761050447821617e-05,0.00025347049813717604,-0.00018683778762351722,180.00000500895632,-0.0015584594099351534,0.0007940872855509917
816.7000121697783,-0.7041506767272949,-0.003215610980987549,9.809900283813477,5.189940566197038e-06,0.0003275437920819968,-2.4206745365518145e-05,179.98021112074164,-0.001563716396603354,0.0007940881765192147
816.8000121712685,-0.7404009699821472,-0.0007205605506896973,9.80987548828125,1.324602635577321e-06,0.0004309742944315076,-1.3691387721337378e-06,179.98021112074164,-0.0015689069033442138,0.0007940889989514206
816.9000121727586,-0.8167085647583008,-0.00010156631469726562,9.8099365234375,4.4112675823271275e-07,0.0004850499681197107,1.9493206764309434e-06,179.98021112074164,-0.0015740243506598972,0.0007940898899196437
817.0000121742487,-0.868026614189148,0.0005164146423339844,9.809823989868164,-8.969218470156193e-07,0.00045553038944490254,2.3892343961051665e-06,179.98021112074164,-0.0015790638040016347,0.0007940907808878667
817.1000121757388,-0.8405263423919678,-0.0007298588752746582,9.809829711914062,4.540197551250458e-07,0.0003705791023094207,2.2684400846628705e-06,179.98021112074164,-0.0015840281418775248,0.0007940916718560899
817.2000121772289,-0.7554534673690796,0.0005319118499755859,9.80980110168457,-1.3975659385323524e-07,0.00029664600151591003,2.0755353489221307e-06,179.98021112074164,-0.001588924629061239,0.0007940925628243129
817.300012178719,-0.6765831112861633,-0.0007073283195495605,9.809920310974121,-1.86680699698627e-06,0.00029357976745814085,1.6792919268482365e-06,179.98021112074164,-0.0015937603933764422,0.0007940933852565189
817.4000121802092,-0.6490047574043274,-7.855892181396484e-05,9.809900283813477,8.677889127284288e-07,0.0003652832529041916,2.126953631886863e-06,179.98021112074164,-0.0015985381761964845,0.0007940942762247419
817.5000121816993,-0.6865049600601196,0.0005413293838500977,9.809943199157715,-7.546623237431049e-07,0.00045539895654655993,2.1113785351190018e-06,179.98021112074164,-0.0016032542766168945,0.0007940951671929651
817.6000121831894,-0.7528226375579834,-0.0007176995277404785,9.809860229492188,-1.0455260053277016e-06,0.0004940255894325674,2.5538247427903116e-06,179.98021112074164,-0.0016079029375788423,0.0007940960581611881
817.7000121846795,-0.7928802371025085,-9.822845458984375e-05,9.809907913208008,-1.0157236829400063e-07,0.00045488608884625137,1.8386884903520695e-06,179.98021112074164,-0.0016124804581636454,0.0007940969491294112
817.8000121861696,-0.6037228107452393,0.014389634132385254,9.804641723632812,3.77018004655838e-05,-0.002361730672419071,0.001060468959622085,179.98021112074164,-0.0016170039723704122,0.0007940965379133082
817.9000121876597,0.3528924286365509,-0.003725588321685791,9.820079803466797,-2.132949884980917e-05,0.0014641652815043926,-0.00018408914911560714,180.00000500895632,-0.0016215592872868,0.000794096469377291
818.0000121891499,-0.5808291435241699,0.0005959272384643555,9.7900972366333,4.165267455391586e-06,-0.0002128501218976453,-7.479439318558434e-06,179.98021112074164,-0.0016260623777526462,0.0007940964008412739
818.10001219064,-0.6487172842025757,-0.0012777447700500488,9.809499740600586,-1.9260914996266365e-07,0.0009306799038313329,1.4253711242417921e-06,179.98021112074164,-0.0016305073496738487,0.0007940964008412739
818.2000121921301,-1.5108540058135986,0.010720372200012207,9.82827091217041,2.0745908841490746e-05,0.000859041465446353,0.0010508805280551314,180.01979889717103,-0.0016348167573454475,0.0007940954413370336
818.3000121936202,-1.5149980783462524,-0.006838798522949219,9.81125545501709,-2.9637623811140656e-05,-0.00014856971392873675,-0.00026541738770902157,180.01979889717103,-0.0016389904637321706,0.0007940950986569478
818.4000121951103,-0.3745211362838745,-0.3445025682449341,9.808015823364258,-0.0004937981721013784,-0.0019595706835389137,-0.02715672180056572,179.87805881151493,-0.001643130313311758,0.0007941255286485669
818.5000121966004,2.133070230484009,-0.07866692543029785,9.80747127532959,0.00032054935581982136,-0.0035941831301897764,-0.015152135863900185,179.77794189866088,-0.0016474617895880783,0.0007941637032101251
818.6000121980906,3.919461727142334,0.015955686569213867,9.838632583618164,0.00019392871763557196,0.0005535897798836231,-0.011303236708045006,179.7052550255136,-0.001652144992718263,0.000794202220451769
818.7000121995807,1.7329617738723755,-0.016470789909362793,9.777911186218262,6.256665074033663e-05,2.8059148462489247e-05,-0.009887974709272385,179.64611924767962,-0.0016569833613857554,0.0007942431364540135
818.8000122010708,2.8067963123321533,-0.022960424423217773,9.80305004119873,2.2805179469287395e-05,-0.0014697009464725852,-0.008356284350156784,179.59602664030675,-0.0016620733943000232,0.0007942878904732189
818.9000122025609,4.3213067054748535,-0.023321151733398438,9.807944297790527,2.1806219592690468e-05,-0.0016569218132644892,-0.007254429627209902,179.5515074672966,-0.001667551066930173,0.0007943377161576942
819.000012204051,5.151941776275635,-0.01927471160888672,9.806930541992188,-7.533072493970394e-05,-0.0012679295614361763,-0.010890955105423927,179.52316218224107,-0.001673490672331468,0.0007943931617955767
819.1000122055411,5.718387126922607,-0.019511699676513672,9.80506706237793,6.046710768714547e-05,-0.0006536506116390228,0.001626181649044156,179.48528195310416,-0.0016799429271117106,0.0007944549127470379
819.2000122070312,5.245208263397217,-1.8917748928070068,9.803451538085938,-0.007337445393204689,0.000895853154361248,-0.22859615087509155,178.68834914112543,-0.0016868613638933994,0.0007946965022075269
819.3000122085214,3.910228967666626,-2.0616939067840576,9.80535888671875,0.0010076792677864432,0.003050565253943205,-0.1803920567035675,177.5613679280733,-0.0016941220695656511,0.0007951372573338828
819.4000122100115,0.7210708856582642,-0.5982867479324341,9.81041145324707,0.0017080167308449745,0.0053813038393855095,-0.11755891889333725,176.7626319461537,-0.0017014440464180325,0.00079563469174643
819.5000122115016,-2.178657293319702,-2.8139872550964355,9.805387496948242,-0.00991198979318142,0.004526036791503429,-0.38302746415138245,175.2457288937639,-0.0017085499977298468,0.000796366313729613
819.6000122129917,-2.0446577072143555,-4.232178211212158,9.800736427307129,0.0007677123649045825,0.002105762017890811,-0.3799935281276703,173.02213348870956,-0.0017154278611997142,0.000797451307417273
819.7000122144818,-1.1393661499023438,-4.982292175292969,9.793911933898926,-0.009396209381520748,0.0018442487344145775,-0.6435664296150208,169.98719357252776,-0.0017221276680885467,0.0007989567010341923
819.800012215972,0.8112187385559082,-5.473948001861572,9.792985916137695,0.0024503804743289948,-0.0005581604200415313,-0.5704507827758789,166.5357214000019,-0.0017287845714406558,0.0008009546630064405
819.9000122174621,2.3508543968200684,-5.02142858505249,9.792152404785156,-0.0018295708578079939,0.0012885809410363436,-0.6668985486030579,162.8753274011437,-0.0017355112444477072,0.0008034429316454515
820.0000122189522,1.446650505065918,-6.264720916748047,9.786166191101074,-0.0005782837979495525,0.004191453568637371,-0.7413939833641052,158.70557887512095,-0.0017421555371583963,0.0008064994324027358
820.1000122204423,-0.5514452457427979,-6.488888740539551,9.783954620361328,0.0008898606756702065,0.005812835413962603,-0.7731815576553345,154.2538938005384,-0.0017485037542854798,0.0008100563146213054
820.2000122219324,-1.97760009765625,-6.613652229309082,9.781342506408691,0.0018893046071752906,0.0054501984268426895,-0.7875440120697021,149.67944290581406,-0.001754400730263228,0.0008140331170170143
820.3000122234225,-2.001891613006592,-6.621701240539551,9.779953956604004,0.002393340691924095,0.004023626446723938,-0.794971227645874,145.05510430939196,-0.0017598120600439415,0.0008183915964922871
820.4000122249126,-0.8405693769454956,-6.594278335571289,9.779932022094727,0.0019964692182838917,0.0023656608536839485,-0.8069854974746704,140.3954263142042,-0.0017647903792550323,0.0008231554665090614
820.5000122264028,0.9204906225204468,-6.622827053070068,9.779544830322266,0.001478465273976326,0.001810341840609908,-0.826477587223053,135.65746069074976,-0.0017694147784794723,0.0008283998425421445
820.6000122278929,1.8466156721115112,-6.642409324645996,9.77939510345459,0.001776823541149497,0.0031046257354319096,-0.8395286798477173,130.82743777766188,-0.0017736991019745574,0.0008341571421276529
820.700012229383,1.0255448818206787,-6.618000507354736,9.780138969421387,0.0024431974161416292,0.005007582250982523,-0.8352454900741577,125.9678947869812,-0.0017775597358280493,0.000840335801146661
820.8000122308731,-0.6331673264503479,-6.5781331062316895,9.78044319152832,0.0029526136349886656,0.005858602933585644,-0.8189714550971985,121.16363534744262,-0.0017808888043191473,0.0008467694826855215
820.9000122323632,-1.7280255556106567,-6.549374580383301,9.779974937438965,0.0032810429111123085,0.005197588820010424,-0.8014803528785706,116.45255334856134,-0.0017836257216146123,0.0008533247471188238
821.0000122338533,-1.6380515098571777,-6.440952777862549,9.78040599822998,0.0032580867409706116,0.003771309508010745,-0.7883608341217041,111.83343301666511,-0.0017857744628457795,0.0008599574572515169
821.1000122353435,-1.0792652368545532,-7.8831095695495605,9.768363952636719,-0.003524467349052429,0.004583463072776794,-0.9726501703262329,106.64231849272618,-0.0017872213952188076,0.0008666991396514943
821.2000122368336,0.8885980844497681,-6.656036853790283,9.78037166595459,0.008483128622174263,0.0009079556912183762,-0.7640230655670166,101.75399308488306,-0.0017881030425428435,0.0008736399877173387
821.3000122383237,2.5532243251800537,-3.137605905532837,9.799135208129883,0.007677340414375067,0.0006546671502292156,-0.551516592502594,98.16456475150129,-0.0017887413870028013,0.0008808474408899356
821.4000122398138,1.509141445159912,-2.3423492908477783,9.804072380065918,0.00569913862273097,0.0023060557432472706,-0.4100993275642395,95.52958022254792,-0.001789185500413737,0.0008882096483892797
821.5000122413039,-0.6461918950080872,-2.1156094074249268,9.806092262268066,0.004339223727583885,0.0032060546800494194,-0.31898629665374756,93.50162875607943,-0.00178943839830481,0.0008955254570050065
821.600012242794,-1.9516947269439697,-1.4247575998306274,9.807299613952637,0.004485603421926498,0.002183632692322135,-0.21228715777397156,92.06906487956095,-0.0017895583363412015,0.0009026708850820736
821.7000122442842,-1.8737765550613403,-0.848753809928894,9.808038711547852,0.0033867578022181988,0.0005698408931493759,-0.14291559159755707,91.11120598054754,-0.0017896000062478379,0.0009096496335654075
821.8000122457743,-0.7311302423477173,-0.6136525273323059,9.808724403381348,0.002363261068239808,-0.0011674519628286362,-0.1011437326669693,90.44918989524406,-0.0017895867102595275,0.0009165633413684566
821.9000122472644,0.9735743999481201,-0.13509951531887054,9.809521675109863,0.0024282794911414385,-0.001968932803720236,-0.041851844638586044,90.10242802127168,-0.0017895617631467076,0.000923564569665419
822.0000122487545,1.9794738292694092,-0.06999946385622025,9.809621810913086,0.0010632970370352268,-0.0009220718638971448,-0.029765188694000244,89.90905853567945,-0.001789530510720283,0.0009307433747828429
822.1000122502446,1.3395321369171143,-0.14677278697490692,9.810311317443848,0.0007317654090002179,0.0009561029146425426,-0.022336147725582123,89.7661436574861,-0.0017894858252418544,0.0009380423235383484
822.2000122517347,-0.22752562165260315,-0.09411802887916565,9.810559272766113,0.0005494829383678734,0.0020917574875056744,-0.01519759465008974,89.66473583887893,-0.0017894329154302113,0.0009453206429526886
822.3000122532248,-1.4005789756774902,-0.0646631047129631,9.809948921203613,0.0003811839851550758,0.001770148752257228,-0.010240156203508377,89.59603779620693,-0.0017893752080908598,0.0009524733358475746
822.400012254715,-1.48159658908844,-0.03736592456698418,9.809407234191895,0.0002570589422248304,0.0005898067611269653,-0.007104011252522469,89.54901194377139,-0.001789315170555028,0.0009594930003331531
822.5000122562051,-0.6075707077980042,0.16728347539901733,9.809460639953613,0.000619916245341301,-0.0007616148213855922,0.01440260000526905,89.59457613572455,-0.001789270622154504,0.0009664582472211064
822.6000122576952,0.6893830895423889,0.11818485707044601,9.80962085723877,-2.786298318824265e-05,-0.0013529449934139848,0.009661734104156494,89.65890285732773,-0.001789236217049961,0.0009734855877406068
822.7000122591853,1.4363011121749878,0.01906857267022133,9.809846878051758,-6.321173714241013e-05,-0.000617096433416009,0.004963209852576256,89.69595663357505,-0.0017892029085544436,0.0009806417074363508
822.8000122606754,1.0040290355682373,0.005110548343509436,9.810262680053711,-3.0483246518997476e-05,0.0007408834062516689,0.002862157765775919,89.71627644635583,-0.0017891696000447155,0.0009878880205306773
822.9000122621655,-0.11942080408334732,-0.0017270795069634914,9.810426712036133,-2.9663113309652545e-05,0.001581221935339272,0.0014604369644075632,89.72729354148707,-0.0017891361544712936,0.0009951235049342926
823.0000122636557,-0.9794903993606567,0.01815960928797722,9.810004234313965,1.0461523743288126e-05,0.001375375548377633,0.002143691061064601,89.7385838441851,-0.0017891046279032707,0.0010022710576278917
823.1000122651458,-1.0512480735778809,-0.005968080367892981,9.809699058532715,-6.312823825282976e-05,0.0005097129615023732,-0.000313901633489877,89.74111784436717,-0.0017890731013352479,0.0010093243047618785
823.2000122666359,-0.4200782775878906,0.10389537364244461,9.809564590454102,0.0002470278996042907,-0.00044676574179902673,0.010728088207542896,89.78390214932813,-0.0017890510327305265,0.0010163399256224446
823.300012268126,0.47608253359794617,0.07553443312644958,9.809741020202637,-8.506215817760676e-05,-0.0008168620406650007,0.007323223631829023,89.83243064338107,-0.0017890355436094296,0.0010233983814937355
823.4000122696161,0.9546226263046265,0.018803291022777557,9.809968948364258,-8.291197445942089e-05,-0.0003068653750233352,0.004197000991553068,89.86230589081072,-0.001789021562260018,0.0010305424388504594
823.5000122711062,0.6559993624687195,0.007804997731000185,9.810215950012207,-5.602646342595108e-05,0.0005887430161237717,0.0024257374461740255,89.87951796751913,-0.0017890079921301094,0.0010377453001099064
823.6000122725964,-0.07835261523723602,-0.008799834176898003,9.810286521911621,-4.869033000431955e-05,0.0011330770794302225,0.0009520310559310019,89.88769370395565,-0.0017889937366390996,0.0010449411706956032
823.7000122740865,-0.6367031931877136,0.021424317732453346,9.810003280639648,-7.646090125490446e-06,0.0009950469247996807,0.0011869625886902213,89.8941960440455,-0.0017889815372171824,0.0010520798822429886
823.8000122755766,-0.6721070408821106,0.03795759752392769,9.809837341308594,5.7857250794768333e-05,0.00041232071816921234,0.0042820703238248825,89.91363476242336,-0.0017889727646007714,0.001059158282095273
823.9000122770667,-0.2431066483259201,0.03240986168384552,9.809732437133789,-3.244778054067865e-05,-0.00019435382273513824,0.0032239332795143127,89.9342619337168,-0.0017889670075703634,0.0010662148874941008
824.0000122785568,0.31129682064056396,0.006669003516435623,9.809842109680176,-3.894781548297033e-05,-0.00039070419734343886,0.0019573576282709837,89.94787450073262,-0.0017889616617736692,0.0010732994555879298
824.1000122800469,0.5830563306808472,0.016791243106126785,9.81002426147461,-1.4918700799171347e-05,-5.592026354861446e-05,0.0016652842750772834,89.95807197316346,-0.0017889578237628712,0.001080436316662852
824.200012281537,0.38310813903808594,0.004068025853484869,9.810142517089844,-2.0971854610252194e-05,0.0004885198432020843,0.0011509588221088052,89.96566714352052,-0.0017889542598794606,0.0010876075828183882
824.3000122830272,-0.06352841109037399,-0.005010714288800955,9.81017780303955,-3.739653038792312e-05,0.0008027491276152432,-0.00020353728905320168,89.96688974738194,-0.0017889504218686625,0.001094773023412466
824.4000122845173,-0.39151203632354736,0.012393337674438953,9.809999465942383,3.1201288948068395e-05,0.000705694081261754,0.0013894741423428059,89.97213533266452,-0.0017889476804242577,0.001101903510637792
824.5000122860074,-0.3904746472835541,0.012440236285328865,9.809893608093262,-7.720525900367647e-06,0.00033953890670090914,0.001260951510630548,89.97970318226488,-0.0017889458984967632,0.001108998770350298
824.6000122874975,-0.12156308442354202,-0.0012688819551840425,9.809860229492188,-3.8030080759199336e-05,-1.2163902283646166e-05,-0.00018698723579291254,89.98119899369313,-0.001788944116555058,0.0011160832013720927
824.7000122889876,0.19880814850330353,0.006375166121870279,9.809930801391602,3.2788582757348195e-05,-0.00010033587022917345,0.001401290064677596,89.9865128808674,-0.001788942882924971,0.001123185520294366
824.8000122904778,0.33784499764442444,8.452474867226556e-05,9.81000804901123,-3.865379039780237e-05,0.00010914920130744576,-0.00016693970246706158,89.9883092206191,-0.0017889416492664623,0.0011303181321362242
824.9000122919679,0.20660188794136047,-0.004940821323543787,9.810090065002441,1.0982349749610876e-06,0.00042114840471185744,-2.860543281713035e-05,89.98791306964725,-0.001788939867324757,0.0011374693172387326
825.000012293458,-0.04988395422697067,-0.0012449504574760795,9.810098648071289,-1.5431959354827995e-06,0.0005911120097152889,-4.2731639950943645e-06,89.98782427718804,-0.0017889382224609562,0.0011446159104280915
825.1000122949481,-0.23265676200389862,-3.896069756592624e-05,9.810015678405762,-1.3449366633722093e-06,0.0005228568334132433,1.1232119589976719e-07,89.98782427718804,-0.001788936440519251,0.0011517417372042507
825.2000122964382,-0.22026674449443817,0.0012136956211179495,9.8099365234375,-1.9326731148794352e-07,0.00030299145146273077,7.647034863111912e-07,89.98782427718804,-0.0017889346585917565,0.0011588476885354335
825.3000122979283,-0.060161709785461426,-0.001252301037311554,9.80990219116211,-1.579804688844888e-06,0.00010594855848466977,1.1014655143526397e-07,89.98782427718804,-0.0017889328766358403,0.0011659484311293124
825.4000122994184,0.1263035237789154,0.0012872808147221804,9.809969902038574,-1.048669560077542e-06,6.968721572775394e-05,-1.3936083576027158e-07,89.98782427718804,-0.0017889310947083459,0.0011730602765579708
825.5000123009086,0.1939607560634613,-0.001198373967781663,9.810015678405762,-8.362447943000006e-07,0.0001982661779038608,1.3580326196915848e-07,89.98782427718804,-0.0017889294498445452,0.0011801898042790569
825.6000123023987,0.11020194739103317,0.01383539754897356,9.81005573272705,3.219918653485365e-05,0.0003755731740966439,0.0014334259321913123,89.99362310779337,-0.0017889289015755594,0.0011873289270425452
825.7000123038888,-0.03743870183825493,0.008757514879107475,9.810049057006836,-3.6891673516947776e-05,0.00046607546391896904,-0.00015619343321304768,89.99551507019346,-0.0017889290386250423,0.0011944648971492441
825.8000123053789,-0.13758862018585205,-0.00250119436532259,9.810009002685547,2.4250789465440903e-06,0.00041831855196505785,-2.6298221200704575e-05,89.99514623997828,-0.0017889290386250423,0.00120158839370082
825.900012306869,-0.1251462996006012,-2.6901244609689456e-07,9.809968948364258,-4.990810680283175e-07,0.0002890460309572518,-4.12407143812743e-06,89.99508476827576,-0.0017889290386250423,0.001208700787417616
826.0000123083591,-0.022578375414013863,8.508737664669752e-06,9.809942245483398,-1.3545761703426251e-06,0.00017997872782871127,-4.3472476818351424e-07,89.99505744751907,-0.0017889290386250423,0.0012158109879818627
826.1000123098493,0.07379616796970367,0.01008987333625555,9.809981346130371,4.524256655713543e-05,0.00016607021098025143,0.0020247818902134895,90.00324684433393,-0.0017889299981277418,0.0012229279050757912
826.2000123113394,0.11387993395328522,0.0012539183953776956,9.810017585754395,-5.270868859952316e-05,0.0002441378019284457,-0.00022472877753898501,90.00592427848856,-0.0017889309576446522,0.0012300549655002593
826.3000123128295,0.05761939659714699,-0.011244934052228928,9.810029029846191,4.107217137061525e-06,0.000345332344295457,-3.8489113649120554e-05,90.00536420297662,-0.0017889309576446522,0.0012371873717340659
826.4000123143196,-0.023713747039437294,1.7859747458714992e-05,9.810029983520508,-8.83889697433915e-07,0.0003927138459403068,-6.230375220184214e-06,90.00526858032825,-0.0017889309576446522,0.001244317447743289
826.5000123158097,-0.0838022455573082,1.8130382159142755e-05,9.8100004196167,-1.0527112408453831e-06,0.0003615466703195125,-4.055777935718652e-07,90.0052549199499,-0.0017889309576446522,0.001251440121862659
826.6000123172998,-0.06757837533950806,1.663793773332145e-05,9.809989929199219,8.244839477811183e-07,0.0002856939972843975,3.6115261536906473e-07,90.0052549199499,-0.0017889309576446522,0.0012585566277404845
826.70001231879,-0.012532480992376804,0.02132556028664112,9.809961318969727,3.20576764352154e-05,0.0002244161005364731,0.0014303827192634344,90.01103325998774,-0.0017889328766358403,0.0012656720370420355
826.8000123202801,0.04879395291209221,0.020057225599884987,9.809990882873535,-5.0043386181641836e-06,0.0002215712593169883,0.001272650551982224,90.018717222804,-0.0017889365775829447,0.0012727918326486847
826.9000123217702,0.06382647156715393,-0.03133397921919823,9.810029029846191,-8.021033136174083e-05,0.0002684808277990669,-0.00221038400195539,90.01203046760656,-0.001788937537099855,0.0012799173852807754
827.0000123232603,0.03007250465452671,5.797875019197818e-06,9.8100004196167,5.382285235100426e-05,0.00032540361280553043,0.00019168575818184763,90.00888858058835,-0.00178893835952465,0.0012870456793535525
827.1000123247504,-0.01747538521885872,0.007513308897614479,9.810019493103027,-4.3800337152788416e-06,0.00034964230144396424,3.361960261827335e-05,90.00935986364108,-0.001788939867324757,0.0012941723285619176
827.2000123262405,-0.046275921165943146,0.0012680708896368742,9.809990882873535,-7.562853170384187e-07,0.00032923949765972793,6.148399734229315e-06,90.00944182591113,-0.0017889416492664623,0.0013012948656092533
827.3000123277307,-0.04127591848373413,0.0012672471348196268,9.810039520263672,1.4352865491673583e-06,0.0002853922778740525,1.3838166523783002e-06,90.00944182591113,-0.0017889434311797459,0.001308413701711662
827.4000123292208,-0.0012761252000927925,1.0656065569492057e-05,9.809864044189453,3.010728164554166e-07,0.0002519197587389499,7.020898351584037e-07,90.00944182591113,-0.001788945213135662,0.001315532400742037
827.5000123307109,0.027529029175639153,-0.0012440888676792383,9.810097694396973,1.978838071181599e-07,0.0002521432179491967,5.785990992990264e-07,90.00945548628947,-0.0017889469950631565,0.0013226535670690291
827.600012332201,0.03630516678094864,0.0012544671772047877,9.809990882873535,1.1826912782453292e-07,0.0002801753580570221,7.30423010963932e-08,90.00945548628947,-0.001788948639941168,0.0013297780231248453
827.7000123336911,0.01755475625395775,-0.0012424380984157324,9.810029983520508,-4.020978963126254e-07,0.0003127777890767902,4.138938152209448e-07,90.00945548628947,-0.0017889504218686625,0.0013369039869730388
827.8000123351812,-0.012482251040637493,0.0012625132221728563,9.809961318969727,4.999316729481507e-07,0.0003255440678913146,4.3189558596168354e-07,90.00945548628947,-0.0017889522038103678,0.001344028854244958
827.9000123366714,-0.028761809691786766,-0.021297773346304893,9.810009956359863,-3.331151674501598e-05,0.00031229457817971706,-0.0014292689738795161,90.00367031606247,-0.001788952066746674,0.0013511511171482248
828.0000123381615,-0.021265637129545212,0.0012611090205609798,9.8100004196167,3.74992705474142e-05,0.000286746711935848,0.00015833218640182167,90.00177835366237,-0.001788952066746674,0.0013582715981150456
828.1000123396516,-0.0012487831991165876,0.001260497490875423,9.8100004196167,-2.087948359985603e-06,0.00026809098199009895,2.7607284209807403e-05,90.00216767444506,-0.0017889522038103678,0.0013653918049377977
828.2000123411417,0.01877450756728649,-0.0012402805732563138,9.809981346130371,1.5679934222134762e-06,0.00026950309984385967,4.93158950121142e-06,90.00223597633676,-0.0017889522038103678,0.001372513793696996
828.3000123426318,0.02127455733716488,9.621908247936517e-06,9.80997085571289,1.1660786185530014e-06,0.00028673140332102776,1.0982678304571891e-06,90.00223597633676,-0.0017889522038103678,0.0013796375643926407
828.4000123441219,0.003774558426812291,1.0304166607966181e-05,9.810088157653809,-1.2011556691504666e-06,0.0003049290389753878,6.197257675921719e-07,90.00223597633676,-0.0017889522038103678,0.0013867618833764224
828.500012345612,-0.0049825189635157585,0.016318626701831818,9.80997085571289,3.286694118287414e-05,0.0003107957309111953,0.0014307246310636401,90.0080348069421,-0.0017889535745183593,0.0013938856540720668
828.6000123471022,-0.016251174733042717,-0.01629646122455597,9.810009956359863,-6.883090827614069e-05,0.0003027360653504729,-0.0015873222146183252,90.0041415991152,-0.0017889535745183593,0.001401007916975334
828.7000123485923,-0.007499999832361937,1.0693548574636225e-05,9.809981346130371,3.8894515455467626e-05,0.0002876213693525642,0.00013122125528752804,90.0018603159324,-0.0017889535745183593,0.0014081294945184292
828.8000123500824,-0.0012429356575012207,0.0012604978401213884,9.809981346130371,-3.1268132261175197e-06,0.0002783866075333208,2.2982960217632353e-05,90.0021813348234,-0.0017889538486599577,0.0014152509349894902
828.9000123515725,0.007506968453526497,-0.0012398354010656476,9.80997085571289,-9.524019901618885e-07,0.0002794396423269063,4.105836069356883e-06,90.0021813348234,-0.0017889538486599577,0.001422373197892757
829.0000123530626,0.012528065592050552,9.96018570731394e-06,9.810117721557617,-3.554287104634568e-07,0.0002898091624956578,1.0250237210129853e-06,90.0022496367151,-0.0017889538486599577,0.0014294965573722986
829.1000123545527,0.0012756680371239781,0.01631774939596653,9.809931755065918,3.265772829763591e-05,0.00029942867695353925,0.0014311042614281178,90.0080348069421,-0.001788955219396371,0.0014366199168518402
829.2000123560429,-0.0012371423654258251,-0.016297630965709686,9.8100004196167,-7.075684698065743e-05,0.00030285961111076176,-0.0015881017316132784,90.00414842930437,-0.001788955219396371,0.0014437431392593475
829.300012357533,-0.009994152933359146,1.0774922884593252e-05,9.8100004196167,4.0868202631827444e-05,0.0002979947894345969,0.00013128947466611862,90.0018603159324,-0.001788955219396371,0.001450865676306683
829.4000123590231,-0.008745274506509304,0.0012607836397364736,9.8100004196167,-3.1157837838691194e-06,0.00028899204335175455,2.3101334591046907e-05,90.0021813348234,-0.0017889553564600646,0.0014579872538497784
829.5000123605132,0.0025046300143003464,-0.0012396450620144606,9.809981346130371,-9.551797575113596e-07,0.00028432984254322946,4.22035463998327e-06,90.0021813348234,-0.0017889553564600646,0.0014651091055369423
829.6000123620033,0.006270989775657654,0.01631704904139042,9.810039520263672,3.2922642276389524e-05,0.00028486171504482627,0.0014316124143078923,90.0080348069421,-0.0017889567271680562,0.0014722315055122437
829.7000123634934,0.0037726527079939842,0.0025098000187426805,9.809961318969727,-3.708276562974788e-05,0.0002913794887717813,-0.00015757371147628874,90.00993359953137,-0.0017889585091239724,0.0014793541796316136
829.8000123649836,-0.003730327356606722,-0.0012389251496642828,9.810039520263672,2.982350679303636e-06,0.0002963228616863489,-2.6839783458854072e-05,90.00954427874868,-0.0017889601539735622,0.001486476716678949
829.9000123664737,0.0012702967505902052,0.0025102419313043356,9.809990882873535,-6.546226813952671e-07,0.00029856362380087376,-4.270848421583651e-06,90.00954427874868,-0.001788961798837363,0.0014935991166542505
830.0000123679638,1.9880550098605454e-05,1.0450254194438457e-05,9.810009956359863,-8.282044063889771e-07,0.0002944433072116226,-4.761265302022366e-07,90.00954427874868,-0.001788963580793279,0.001500721653701586
830.1000123694539,-0.0012303275289013982,-0.0012393415672704577,9.809981346130371,1.0685000688681612e-06,0.0002900640247389674,6.415064035536489e-08,90.00954427874868,-0.0017889653627207736,0.0015078440536768873
830.200012370944,0.0012700885999947786,0.0012602420756593347,9.809981346130371,-1.0129363658961665e-07,0.00028732724604196846,4.037466396766831e-07,90.00954427874868,-0.001788967144648268,0.001514966590724223
830.3000123724341,1.9880550098605454e-05,1.0450254194438457e-05,9.810009956359863,-8.705922027729684e-07,0.00028834081604145467,4.410384519815125e-07,90.00954427874868,-0.0017889689265899733,0.0015220891277715584
830.4000123739243,-0.0012303275289013982,-0.0012393415672704577,9.810009956359863,2.663156806193001e-07,0.0002919979451689869,2.9310973559404374e-07,90.00954427874868,-0.0017889705714679849,0.0015292115277468598
830.5000123754144,0.0012662598164752126,-0.020049501210451126,9.8100004196167,-3.2914798794081435e-05,0.00029509287560358644,-0.0014302028575912118,90.00367031606247,-0.0017889704343900803,0.0015363340647941953
830.6000123769045,1.4072075828153174e-05,0.0012604502262547612,9.8100004196167,3.662959352368489e-05,0.0002954291121568531,0.000158505848958157,90.00177835366237,-0.0017889704343900803,0.0015434564647694967
830.7000123783946,-0.0012382582062855363,0.001260497490875423,9.8100004196167,-2.9395600904535968e-06,0.0002933399809990078,2.7757787393056788e-05,90.00216767444506,-0.0017889705714679849,0.0015505790018168321
830.8000123798847,0.0012616472085937858,-0.001239596982486546,9.8100004196167,5.993736635900859e-07,0.0002904794819187373,5.221000719757285e-06,90.00216767444506,-0.0017889705714679849,0.0015577015388641678
830.9000123813748,1.1694407476170454e-05,1.0450224181113299e-05,9.809981346130371,1.2426951343513792e-06,0.00028941273922100663,1.1330047300361912e-06,90.00216767444506,-0.0017889705714679849,0.0015648239388394692
831.000012382865,-0.001238305470906198,1.049752791004721e-05,9.810009956359863,5.899809707443637e-07,0.0002895814541261643,7.94690606653603e-07,90.00216767444506,-0.0017889705714679849,0.0015719464758868046
831.1000123843551,0.0012616944732144475,1.0402980478829704e-05,9.810009956359863,-3.4809026772109064e-08,0.0002919859834946692,4.4608674443225027e-07,90.00216767444506,-0.0017889705714679849,0.001579068875862106
831.2000123858452,1.722176602925174e-05,-0.01379978097975254,9.810009956359863,-3.16422047035303e-05,0.00029343331698328257,-0.0014301154296845198,89.99645763629893,-0.0017889694748873808,0.0015861914129094415
831.3000123873353,-0.0012365591246634722,0.006260331254452467,9.810009956359863,3.697575448313728e-05,0.0002943489816971123,0.00015873610391281545,89.99456567389883,-0.001788968652448375,0.0015933139499567772
831.4000123888254,0.0012619849294424057,0.010010560043156147,9.809981346130371,-1.5500777408306021e-06,0.000292065495159477,2.7708918423741125e-05,89.9949618248707,-0.0017889689265899733,0.0016004363499320785
831.5000123903155,1.3083585145068355e-05,-0.002489549806341529,9.8100004196167,3.1196049121717806e-07,0.0002912325144279748,5.237724053586135e-06,89.9949618248707,-0.0017889689265899733,0.001607558886979414
831.6000123918056,1.286387396248756e-05,1.045024509949144e-05,9.8100004196167,3.4282322758372175e-07,0.0002900091640185565,1.2076113762304885e-06,89.9949618248707,-0.0017889689265899733,0.0016146812869547154
831.7000123932958,-0.0012335202191025019,0.007567944470793009,9.809981346130371,3.348766767885536e-05,0.00029101985273882747,0.0014308171812444925,90.00082212717857,-0.0017889696119510745,0.0016218038240020508
831.8000123947859,0.0012661943910643458,-0.0037396089173853397,9.810039520263672,-3.6870784242637455e-05,0.000292007636744529,-0.0001576999347889796,90.00271408957866,-0.0017889698861068837,0.0016289263610493865
831.900012396276,1.510123456682777e-05,-0.0024895495735108852,9.809981346130371,1.6201828429984744e-06,0.0002925606386270374,-2.692486668820493e-05,90.00232476879597,-0.001788970160248482,0.0016360487610246877
832.0000123977661,-0.001234847935847938,-0.0012394990772008896,9.8100004196167,-1.24317261906981e-06,0.0002930841874331236,-4.0858030843082815e-06,90.00232476879597,-0.001788970160248482,0.0016431712980720234
832.1000123992562,0.001265202765353024,1.0399497114121914e-05,9.8100004196167,-8.858897899699514e-07,0.0002921771665569395,-2.087532209316123e-07,90.00232476879597,-0.001788970160248482,0.0016502936980473247
832.2000124007463,1.520276055089198e-05,1.045024509949144e-05,9.8100004196167,9.638768005970633e-07,0.0002910780895035714,1.7072686375740886e-07,90.00232476879597,-0.001788970160248482,0.0016574162350946602
832.3000124022365,-0.0012347971787676215,1.0500993084860966e-05,9.8100004196167,-1.3150225868230336e-06,0.0002910222392529249,2.0416644019860541e-07,90.00232476879597,-0.001788970160248482,0.0016645387721419959
832.4000124037266,0.001265202765353024,1.0399497114121914e-05,9.8100004196167,1.2183710396129754e-07,0.00029116106452420354,5.103210014567594e-07,90.00232476879597,-0.001788970160248482,0.001671661172117297
832.5000124052167,1.7480724636698142e-05,0.0163231510668993,9.8100004196167,3.263172766310163e-05,0.00029205443570390344,0.0014310806291177869,90.0080348069421,-0.0017889715309564735,0.0016787837091646327
832.6000124067068,-0.0012341474648565054,0.003760666586458683,9.8100004196167,-3.622870281105861e-05,0.0002925799344666302,-0.00015750076272524893,90.0099267693422,-0.0017889733128981788,0.001685906109139934
832.7000124081969,0.0012647865805774927,-0.002489757724106312,9.8100004196167,1.044807504513301e-06,0.0002923190768342465,-2.7082000087830238e-05,90.0095374485595,-0.001788974820684075,0.0016930286461872696
832.800012409687,1.5410794730996713e-05,0.0012604502262547612,9.8100004196167,1.1629980463112588e-06,0.0002917164529208094,-4.219766196911223e-06,90.0095374485595,-0.0017889766026399911,0.0017001511832346052
832.9000124111772,-0.0012345891445875168,0.001260658260434866,9.8100004196167,-4.328462637204211e-07,0.00029135929071344435,-4.803458750757272e-07,90.0095374485595,-0.0017889783845674856,0.0017072735832099064
833.0000124126673,0.0012652026489377022,1.0242208190902602e-05,9.8100004196167,1.7043235800429102e-07,0.00029098274535499513,1.0365825175995269e-07,90.0095374485595,-0.001788980166509191,0.001714396120257242
833.1000124141574,1.4994724551797844e-05,-0.0012395497178658843,9.8100004196167,6.956914262445935e-07,0.00029133440693840384,2.889113090986939e-07,90.0095374485595,-0.0017889818113587808,0.0017215185202325432
833.2000124156475,-0.0012345891445875168,0.001260658260434866,9.8100004196167,-6.53390159754963e-08,0.00029135067597962916,3.236521592953068e-07,90.0095374485595,-0.001788983593300486,0.001728641057279879
833.3000124171376,0.0012649946147575974,-0.001239757752045989,9.8100004196167,2.6473682623873174e-07,0.00029187582549639046,3.3394326237612404e-07,90.0095374485595,-0.0017889853752279805,0.0017357635943272146
833.4000124186277,1.5410794730996713e-05,0.0012604502262547612,9.8100004196167,-8.194435281438928e-07,0.00029251884552650154,3.969656461322302e-07,90.0095374485595,-0.0017889871571838967,0.0017428859943025158
833.5000124201179,-0.0012347971787676215,1.0658280189090874e-05,9.8100004196167,4.0549647195575744e-08,0.00029187719337642193,3.9181833244583686e-07,90.0095374485595,-0.0017889889391113911,0.0017500085313498514
833.600012421608,0.0012649946147575974,-0.001239757752045989,9.8100004196167,-2.7402730751191484e-08,0.00029151071794331074,2.6704503852670314e-07,90.0095374485595,-0.0017889905839894027,0.0017571309313251526
833.7000124230981,1.5410794730996713e-05,0.0012604502262547612,9.8100004196167,8.547954166715499e-07,0.0002918123791459948,2.670643652891158e-07,90.0095374485595,-0.0017889923659168971,0.0017642534683724883
833.8000124245882,1.5202759641397279e-05,1.0450244189996738e-05,9.8100004196167,-1.0992894203809556e-06,0.00029189736233092844,2.5935395342457923e-07,90.0095374485595,-0.0017889941478443916,0.001771376005419824
833.9000124260783,-0.0012350052129477262,-0.0012393416836857796,9.8100004196167,-1.499372785929154e-07,0.0002915780933108181,5.732049999096489e-07,90.0095374485595,-0.001788995929771886,0.0017784984053951251
834.0000124275684,0.001265410683117807,0.0012602421920746565,9.8100004196167,6.42829490971053e-07,0.00029172500944696367,3.815306115484418e-07,90.0095374485595,-0.0017889977117278022,0.0017856209424424608
834.1000124290586,1.4994724551797844e-05,-0.0012395497178658843,9.8100004196167,7.553080081379449e-07,0.000292313692625612,4.368527868336969e-07,90.0095374485595,-0.001788999356577392,0.001792743342417762
834.2000124305487,-0.0012345891445875168,0.001260658260434866,9.8100004196167,1.0164724244532408e-06,0.00029181764693930745,2.9022541525591805e-07,90.0095374485595,-0.0017890011385333082,0.0017998658794650976
834.3000124320388,0.0012637636391445994,-0.022549569606781006,9.8100004196167,-3.220811777282506e-05,0.00029128542519174516,-0.0014298184541985393,90.00366348587329,-0.0017890010014554036,0.0018069884165124333
834.4000124335289,1.5279973013093695e-05,0.002510450081899762,9.8100004196167,3.751695476239547e-05,0.00029155693482607603,0.00015862149302847683,90.0017715234732,-0.0017890010014554036,0.0018141108164877345
834.500012435019,-0.0012347028823569417,0.002510497346520424,9.8100004196167,-1.207744730891136e-06,0.00029231057851575315,2.7720354410121217e-05,90.0021608442559,-0.0017890011385333082,0.0018212333535350702
834.6000124365091,0.0012651084689423442,-0.002489596838131547,9.8100004196167,4.7117256940509833e-07,0.0002915498334914446,5.0112121243728325e-06,90.0021608442559,-0.0017890011385333082,0.0018283557535103713
834.7000124379992,1.520276055089198e-05,1.0450244189996738e-05,9.8100004196167,1.2685378578680684e-06,0.00029257929418236017,1.2049141560055432e-06,90.0021608442559,-0.0017890011385333082,0.001835478290557707
834.8000124394894,-0.0012347971787676215,1.0497365110495593e-05,9.8100004196167,-5.502382123268035e-07,0.00029146388988010585,4.562538720165321e-07,90.0021608442559,-0.0017890011385333082,0.0018426006905330082
834.9000124409795,0.0012660522479563951,-0.013799883425235748,9.8100004196167,-3.322152770124376e-05,0.00029162317514419556,-0.0014300651382654905,89.99645763629893,-0.0017889999048747995,0.0018497232275803438
835.0000124424696,1.4610206562792882e-05,0.006260449532419443,9.8100004196167,3.622832809924148e-05,0.0002917287056334317,0.00015835034719202667,89.99456567389883,-0.0017889992195136983,0.0018568457646276795
835.1000124439597,-0.0012355708749964833,0.008760339580476284,9.8100004196167,-1.8754045640889672e-06,0.00029175166855566204,2.7525087716639973e-05,89.99493450411401,-0.001788999356577392,0.0018639681646029807
835.2000124454498,0.0012653132434934378,-0.0012394391233101487,9.8100004196167,-9.350753771286691e-07,0.0002919598191510886,5.025591690355213e-06,89.99493450411401,-0.001788999356577392,0.0018710907016503164
835.30001244694,1.5202759641397279e-05,1.0450244189996738e-05,9.8100004196167,1.0289752481185133e-06,0.0002916236699093133,1.341484335171117e-06,89.99493450411401,-0.001788999356577392,0.0018782131016256175
835.4000124484301,1.5202759641397279e-05,1.0450244189996738e-05,9.8100004196167,1.4782076505071018e-06,0.00029187629115767777,5.092406922813097e-07,89.99493450411401,-0.001788999356577392,0.0018853356386729532
835.5000124499202,1.5202759641397279e-05,1.0450244189996738e-05,9.8100004196167,7.439954856636177e-07,0.000291495060082525,2.2498170437756926e-07,89.99493450411401,-0.001788999356577392,0.0018924581757202889
835.6000124514103,-0.002484797267243266,1.0229201507172547e-05,9.8100004196167,-4.418884032020287e-07,0.0002915623190347105,2.98298516554496e-07,89.99493450411401,-0.001788999356577392,0.00189958057569559
835.7000124529004,0.002515202620998025,1.0671286872820929e-05,9.8100004196167,-4.890286220415874e-08,0.0002913714270107448,2.8028239285049494e-07,89.99493450411401,-0.001788999356577392,0.0019067031127429257
835.8000124543905,1.5202759641397279e-05,1.0450244189996738e-05,9.8100004196167,-5.422777462626982e-07,0.0002915089135058224,5.053806830801477e-07,89.99493450411401,-0.001788999356577392,0.0019138255127182269
835.9000124558806,1.5202759641397279e-05,1.0450244189996738e-05,9.8100004196167,-1.4218437627278036e-06,0.00029176572570577264,4.937811013405735e-07,89.99493450411401,-0.001788999356577392,0.0019209480497655626
836.0000124573708,1.5202759641397279e-05,1.0450244189996738e-05,9.8100004196167,-1.3478843357006554e-06,0.00029181799618527293,5.593616947408009e-07,89.99493450411401,-0.001788999356577392,0.0019280705868128982
836.1000124588609,1.5202759641397279e-05,1.0450244189996738e-05,9.8100004196167,-2.412593289591314e-07,0.00029165661544539034,6.429550580833165e-07,89.99493450411401,-0.001788999356577392,0.0019351929867881994
836.200012460351,-0.002484797267243266,1.0229201507172547e-05,9.8100004196167,-2.1973097830141342e-07,0.000291827687760815,4.911578344035661e-07,89.99493450411401,-0.001788999356577392,0.001942315523835535
836.3000124618411,0.002515202620998025,1.0671286872820929e-05,9.8100004196167,-1.8943080704048043e-07,0.00029188109328970313,5.001573981644469e-07,89.99493450411401,-0.001788999356577392,0.0019494379238108363
836.4000124633312,1.5202759641397279e-05,1.0450244189996738e-05,9.8100004196167,-1.935900826310899e-07,0.0002917188103310764,5.297403617987584e-07,89.99493450411401,-0.001788999356577392,0.001956560460858172
836.5000124648213,1.532709939056076e-05,0.00882315170019865,9.8100004196167,3.0991475796326995e-05,0.00029185492894612253,0.001430880045518279,90.0008152969894,-0.0017890001790163979,0.0019636829979055074
836.6000124663115,1.4966364688007161e-05,-0.004989549983292818,9.8100004196167,-3.6842877307208255e-05,0.0002917659003287554,-0.00015786333824507892,90.0027072593895,-0.001789000453172207,0.001970805397880809
836.7000124678016,1.510161382611841e-05,-0.0024895495735108852,9.8100004196167,2.5898500553012127e-06,0.00029180615092627704,-2.7218182367505506e-05,90.00231793860681,-0.0017890005902359007,0.0019779279349281444
836.8000124692917,1.5152187188505195e-05,-0.0012395497178658843,9.8100004196167,-8.49099251354346e-07,0.00029193630325607955,-4.21961567553808e-06,90.00231793860681,-0.0017890005902359007,0.0019850503349034456
836.9000124707818,-0.002484797267243266,1.0551390914770309e-05,9.8100004196167,-7.748418511255295e-07,0.00029172198264859617,-3.901842262621358e-07,90.00231793860681,-0.0017890005902359007,0.001992172871950781
837.0000124722719,0.002515202620998025,1.034909928421257e-05,9.8100004196167,1.5925326124488492e-07,0.0002913368516601622,1.6295307148084248e-07,90.00231793860681,-0.0017890005902359007,0.001999295408998117
837.100012473762,1.5202759641397279e-05,1.045024509949144e-05,9.8100004196167,7.453095918208419e-07,0.0002919006801676005,2.6459176183379896e-07,90.00231793860681,-0.0017890005902359007,0.002006417808973418
837.2000124752522,1.5202759641397279e-05,1.045024509949144e-05,9.8100004196167,3.692179717518229e-08,0.0002918099635280669,3.906626773186872e-07,90.00231793860681,-0.0017890005902359007,0.0020135403460207536
837.3000124767423,1.5202759641397279e-05,1.045024509949144e-05,9.8100004196167,-4.4110842623013014e-07,0.0002917637175414711,5.025743803344085e-07,90.00231793860681,-0.0017890005902359007,0.002020662745996055
837.4000124782324,1.5202759641397279e-05,1.045024509949144e-05,9.8100004196167,-7.062623694764625e-07,0.00029184340382926166,4.356741101219086e-07,90.00231793860681,-0.0017890005902359007,0.0020277852830433906
837.5000124797225,-0.002484797267243266,1.0551390914770309e-05,9.8100004196167,-8.94302615961351e-07,0.0002919477119576186,3.7648655393240915e-07,90.00231793860681,-0.0017890005902359007,0.002034907820090726
837.6000124812126,0.002517478074878454,0.016322800889611244,9.8100004196167,3.112409831373952e-05,0.00029211348737590015,0.0014308411628007889,90.00802114656376,-0.0017890020980360077,0.0020420302200660273
837.7000124827027,1.4031176760909148e-05,-0.016297394409775734,9.8100004196167,-7.151254976633936e-05,0.00029181179706938565,-0.0015879776328802109,90.00412793873686,-0.0017890020980360077,0.002049152757113363
837.8000124841928,1.5202759641397279e-05,1.045024509949144e-05,9.8100004196167,3.766056397580542e-05,0.00029163164435885847,0.00013105470861773938,90.00184665555408,-0.0017890020980360077,0.0020562751570886643
837.900012485683,1.7632914023124613e-05,0.017573151737451553,9.8100004196167,3.1260420655598864e-05,0.000291902368189767,0.0014533133944496512,90.00795967486123,-0.0017890036058219039,0.0020633976941359998
838.0000124871731,1.5635028830729425e-05,0.002510450081899762,9.8100004196167,-3.648692654678598e-05,0.0002914395008701831,-0.00015366263687610626,90.00990627877468,-0.0017890053877351875,0.0020705202311833357
838.1000124886632,-0.0024852128699421883,-0.002489133970811963,9.8100004196167,1.738778223625559e-06,0.0002921578998211771,-2.61651639448246e-05,90.00952378818117,-0.0017890068955495053,0.002077642631158637
838.2000124901533,0.002515410538762808,0.0012600345071405172,9.8100004196167,-2.5931927893907414e-07,0.0002918752725236118,-4.126197836740175e-06,90.00952378818117,-0.0017890086774912106,0.0020847651682059723
838.3000124916434,1.5410580090247095e-05,0.0012604502262547612,9.8100004196167,-1.3183439477870706e-06,0.00029165780870243907,-3.8164589000189153e-07,90.00952378818117,-0.001789010459418705,0.002091887568181274
838.4000124931335,1.4994939192547463e-05,-0.0012395497178658843,9.8100004196167,-1.0632946896294015e-06,0.0002916925004683435,2.0748970541717426e-07,90.00952378818117,-0.0017890122413604104,0.0020990101052286094
838.5000124946237,1.5410580090247095e-05,0.0012604502262547612,9.8100004196167,-1.4413222970688366e-06,0.00029188880580477417,5.329208079274395e-07,90.00952378818117,-0.0017890140232879048,0.002106132642275945
838.6000124961138,1.3845860848960001e-05,-0.021299267187714577,9.8100004196167,-3.314330751891248e-05,0.00029221398290246725,-0.0014299602480605245,90.00365665568413,-0.0017890137491463065,0.002113255042251246
838.7000124976039,-0.0024847586173564196,0.0012605271767824888,9.8100004196167,3.58990509994328e-05,0.00029213930247351527,0.00015812971105333418,90.00176469328403,-0.0017890137491463065,0.002120377579298582
838.800012499094,0.002515994943678379,-0.012550754472613335,9.8100004196167,-3.5630389902507886e-05,0.00029226785409264266,-0.0014027591096237302,89.99636884383972,-0.001789012789643607,0.002127499979273883
838.9000125005841,1.4606877812184393e-05,0.006255224347114563,9.8100004196167,3.6475823435466737e-05,0.00029192634974606335,0.00016306944598909467,89.99453835314216,-0.0017890122413604104,0.0021346225163212185
839.0000125020742,1.4650153389084153e-05,0.006260449532419443,9.8100004196167,-1.3868186670151772e-06,0.00029161464772187173,2.8513661163742654e-05,89.99493450411401,-0.0017890122413604104,0.0021417450533685544
839.1000125035644,1.5202759641397279e-05,1.0450244189996738e-05,9.8100004196167,1.4320838772619027e-06,0.0002918825775850564,5.232117018749705e-06,89.99493450411401,-0.0017890122413604104,0.0021488674533438556
839.2000125050545,1.5202759641397279e-05,1.0450244189996738e-05,9.8100004196167,-5.408131755757495e-07,0.0002919111866503954,1.285614075641206e-06,89.99493450411401,-0.0017890122413604104,0.002155989990391191
839.3000125065446,1.5202759641397279e-05,1.0450244189996738e-05,9.8100004196167,1.3784280099571333e-06,0.00029150559566915035,5.961393867437437e-07,89.99493450411401,-0.0017890122413604104,0.002163112390366492
839.4000125080347,-0.002484797267243266,1.0229201507172547e-05,9.8100004196167,1.2845732726418646e-06,0.0002915720106102526,1.81962192868923e-07,89.99493450411401,-0.0017890122413604104,0.002170234927413828
839.5000125095248,0.002515202620998025,1.0671286872820929e-05,9.8100004196167,1.7100981608564325e-07,0.0002916737867053598,3.543387094850914e-07,89.99493450411401,-0.0017890122413604104,0.0021773574644611635
839.6000125110149,1.5202759641397279e-05,1.0450244189996738e-05,9.8100004196167,-3.297066442087271e-08,0.00029129383619874716,4.4694871803585556e-07,89.99493450411401,-0.0017890122413604104,0.0021844798644364647
839.700012512505,1.5202759641397279e-05,1.0450244189996738e-05,9.8100004196167,-4.86479848404997e-07,0.0002915250661317259,5.18973536145495e-07,89.99493450411401,-0.0017890122413604104,0.0021916024014838006
839.8000125139952,1.5202759641397279e-05,1.0450244189996738e-05,9.8100004196167,-1.3260753348731669e-06,0.0002918122918345034,5.073761712992564e-07,89.99493450411401,-0.0017890122413604104,0.0021987248014591018
839.9000125154853,1.5202759641397279e-05,1.0450244189996738e-05,9.8100004196167,-1.23107633953623e-06,0.0002918182290159166,5.459458520817861e-07,89.99493450411401,-0.0017890122413604104,0.0022058473385064372
840.0000125169754,-0.002484797267243266,1.0229201507172547e-05,9.8100004196167,-1.1600344862472411e-07,0.00029154412914067507,5.986653377476614e-07,89.99493450411401,-0.0017890122413604104,0.002212969875553773
840.1000125184655,0.002515202620998025,1.0671286872820929e-05,9.8100004196167,-1.1897543572558789e-06,0.00029195297975093126,4.288498587357026e-07,89.99493450411401,-0.0017890122413604104,0.0022200922755290743
840.2000125199556,1.5202759641397279e-05,1.0450244189996738e-05,9.8100004196167,-1.8642217014530615e-07,0.00029166165040805936,4.7128597202572564e-07,89.99493450411401,-0.0017890122413604104,0.0022272148125764097
840.3000125214458,1.5202759641397279e-05,1.0450244189996738e-05,9.8100004196167,-2.49309493938199e-07,0.00029162727878428996,5.034335117670707e-07,89.99493450411401,-0.0017890122413604104,0.002234337212551711
840.4000125229359,1.5902101949905045e-05,0.012594051659107208,9.8100004196167,4.533708852250129e-05,0.0002919845574069768,0.002023035427555442,90.0032058631989,-0.0017890133379268036,0.002241459749599047
840.500012524426,1.4945980183256324e-05,-0.002484324388206005,9.8100004196167,-5.1493789214873686e-05,0.0002918373211286962,-0.00022308046754915267,90.00588329735355,-0.0017890141603658094,0.0022485822866463822
840.6000125259161,-0.0024857278913259506,-0.009989317506551743,9.8100004196167,1.99860960492515e-06,0.000291804492007941,-3.8390604458982125e-05,90.00533005203077,-0.0017890141603658094,0.0022557046866216834
840.7000125274062,0.002515202620998025,1.02175836218521e-05,9.8100004196167,7.100839525264746e-07,0.00029181240824982524,-6.226793630048633e-06,90.00533005203077,-0.0017890141603658094,0.0022628272236690193
840.8000125288963,1.520276055089198e-05,1.0450244189996738e-05,9.8100004196167,-1.3841971622241545e-06,0.00029188423650339246,-7.726781632300117e-07,90.00522076900405,-0.0017890141603658094,0.0022699496236443205
840.9000125303864,1.520276055089198e-05,1.0450244189996738e-05,9.8100004196167,-4.6992994384709164e-07,0.0002912934869527817,3.5028679690185527e-07,90.00522076900405,-0.0017890141603658094,0.002277072160691656
841.0000125318766,1.520276055089198e-05,1.0450244189996738e-05,9.8100004196167,7.006157147770864e-07,0.0002916263183578849,2.1780969916562753e-07,90.00522076900405,-0.0017890141603658094,0.002284194697738992
841.1000125333667,1.520276055089198e-05,1.0450244189996738e-05,9.8100004196167,4.823330073122634e-07,0.0002919045800808817,2.8343472990854934e-07,90.00522076900405,-0.0017890141603658094,0.002291317097714293
841.2000125348568,1.520276055089198e-05,1.0450244189996738e-05,9.8100004196167,-1.2142112382207415e-07,0.0002918086829595268,4.107866118374659e-07,90.00522076900405,-0.0017890141603658094,0.0022984396347616285
841.3000125363469,-0.0024807159788906574,0.021323632448911667,9.8100004196167,3.260762969148345e-05,0.00029146100860089064,0.0014308012323454022,90.01100593923105,-0.0017890160793854193,0.0023055620347369296
841.400012537837,0.0025146398693323135,-0.0024901125580072403,9.8100004196167,-3.650779035524465e-05,0.000292540731607005,-0.0001576811191625893,90.01289790163115,-0.0017890178613129137,0.0023126845717842655
841.5000125393271,1.6021424016798846e-05,0.003760450053960085,9.8100004196167,2.1003097572247498e-06,0.0002915355726145208,-2.6863588573178276e-05,90.01250858084846,-0.001789019780304102,0.002319807108831601
841.6000125408173,1.4384095265995711e-05,-0.003739549545571208,9.8100004196167,-1.4337310858536512e-06,0.00029232099768705666,-4.3461050154292025e-06,90.01250858084846,-0.001789021562260018,0.0023269296458789364
841.7000125423074,1.5475647160201333e-05,0.0012604501098394394,9.8100004196167,-4.22419731194168e-07,0.000291657168418169,-3.5327869341017504e-07,90.01250858084846,-0.001789023207109608,0.0023340519087822033
841.8000125437975,1.5202759641397279e-05,1.045024509949144e-05,9.8100004196167,-2.4328780909854686e-06,0.00029162762803025544,3.3233288831979735e-07,90.01250858084846,-0.001789024989065524,0.002341174445829539
841.9000125452876,-0.0024850701447576284,-0.0012390039628371596,9.8100004196167,-1.0101721272803843e-06,0.0002918473328463733,4.2879412376350956e-07,90.01250858084846,-0.0017890267709788077,0.0023482969828768747
842.0000125467777,0.0025154754985123873,0.0012599043548107147,9.8100004196167,-7.326873401325429e-07,0.0002921498962678015,4.455078510545718e-07,90.01250858084846,-0.001789028552920513,0.00235541951992421
842.1000125482678,1.4929871213098522e-05,-0.0012395497178658843,9.8100004196167,-4.2591062765495735e-07,0.0002925059525296092,2.4355853156521334e-07,90.01250858084846,-0.0017890303348622183,0.002362542056971546
842.200012549758,1.5475647160201333e-05,0.0012604501098394394,9.8100004196167,1.1067415925936075e-06,0.0002918606624007225,5.574411261477508e-07,90.01250858084846,-0.001789031979726019,0.002369664319874813
842.3000125512481,1.5202759641397279e-05,1.045024509949144e-05,9.8100004196167,-9.269697898162121e-07,0.0002919307735282928,2.9246788812997693e-07,90.01250858084846,-0.0017890337616535135,0.0023767868569221483
842.4000125527382,1.4929871213098522e-05,-0.0012395497178658843,9.8100004196167,-1.1188539019713062e-06,0.00029190853820182383,4.1851336618492496e-07,90.01250858084846,-0.0017890355436094296,0.0023839093939694842
842.5000125542283,-0.0024845243897289038,0.001260995864868164,9.8100004196167,-1.2092407359887147e-06,0.0002919177059084177,5.213994995756366e-07,90.01250858084846,-0.001789037325536924,0.0023910319310168197
842.6000125557184,0.002515202620998025,9.904469152388629e-06,9.8100004196167,-1.2433852134563494e-06,0.00029187469044700265,5.278114372231357e-07,90.01250858084846,-0.0017890391074786294,0.002398154468064155
842.7000125572085,1.4929871213098522e-05,-0.0012395497178658843,9.8100004196167,-1.2178445558674866e-06,0.00029179727425798774,4.0687544355932914e-07,90.01250858084846,-0.0017890407523282192,0.002405276730967422
842.8000125586987,1.5475647160201333e-05,0.0012604501098394394,9.8100004196167,-4.102279547169019e-07,0.0002921532723121345,3.1294979407903156e-07,90.01250858084846,-0.0017890425342841354,0.002412399268014758
842.9000125601888,1.4929871213098522e-05,-0.0012395497178658843,9.8100004196167,-1.0717424174799817e-06,0.0002918643585871905,5.213175882090582e-07,90.01250858084846,-0.0017890443162116298,0.0024195218050620934
843.0000125616789,1.3609886991616804e-05,-0.013799450360238552,9.8100004196167,-3.293401459814049e-05,0.00029193938826210797,-0.0014299757312983274,90.00663461816225,-0.0017890447274311327,0.002426644342109429
843.100012563169,1.4788913176744245e-05,-0.004989549517631531,9.8100004196167,3.7535290175583214e-05,0.0002923013817053288,0.00015823531430214643,90.00474265576216,-0.0017890447274311327,0.0024337668791567647
843.2000125646591,-0.002484797267243266,1.0674198165361304e-05,9.8100004196167,-1.253094296771451e-06,0.00029192338115535676,2.7628757379716262e-05,90.00513197654485,-0.0017890447274311327,0.0024408891420600316
843.3000125661492,0.002515202620998025,1.0226292033621576e-05,9.8100004196167,-2.5101107326008787e-07,0.00029153478681109846,5.163997229828965e-06,90.00513197654485,-0.0017890447274311327,0.002448011679107367
843.4000125676394,1.520276055089198e-05,1.045024509949144e-05,9.8100004196167,1.3262895208754344e-06,0.0002918062964454293,1.2110483567084884e-06,90.00513197654485,-0.0017890447274311327,0.002455134216154703
843.5000125691295,1.520276055089198e-05,1.045024509949144e-05,9.8100004196167,1.6402967730755336e-06,0.00029187664040364325,5.293145477480721e-07,90.00513197654485,-0.0017890447274311327,0.0024622567532020384
843.6000125706196,1.5291308955056593e-05,-0.00880003534257412,9.8100004196167,-3.318006201880053e-05,0.0002920390397775918,-0.0014301156625151634,89.99942193839871,-0.0017890440420842424,0.002469379290249374
843.7000125721097,1.4987043869041372e-05,0.005010450258851051,9.8100004196167,3.6553643440129235e-05,0.00029233016539365053,0.0001584862475283444,89.99752997599862,-0.0017890436308363178,0.0024765015531526408
843.8000125735998,-0.0024849330075085163,0.0037603594828397036,9.8100004196167,-1.8146711227018386e-06,0.00029189445194788277,2.761084761004895e-05,89.99792612697048,-0.0017890436308363178,0.0024836240901999766
843.9000125750899,0.002516108797863126,0.013817761093378067,9.8100004196167,3.2239222491625696e-05,0.00029193193768151104,0.0014353860169649124,90.00377276890002,-0.0017890448644948265,0.002490746627247312
844.00001257658,1.4830912732577417e-05,-0.003739549545571208,9.8100004196167,-3.55035845132079e-05,0.00029160486883483827,-0.00015674186579417437,90.00567839167844,-0.0017890456869338323,0.0024978691642946475
844.1000125780702,1.4279045899456833e-05,-0.009989549405872822,9.8100004196167,3.1173808565654326e-06,0.0002919775724876672,-2.660480276972521e-05,90.00529590108492,-0.0017890456869338323,0.0025049917013419834
844.2000125795603,1.520276055089198e-05,1.045024509949144e-05,9.8100004196167,-1.7788342177027516e-07,0.0002916579833254218,-4.318855189922033e-06,90.00529590108492,-0.0017890456869338323,0.0025121139642452503
844.3000125810504,1.520276055089198e-05,1.045024509949144e-05,9.8100004196167,2.4730081804591464e-07,0.0002916403755079955,-5.228434361015388e-07,90.00529590108492,-0.0017890456869338323,0.002519236501292586
844.4000125825405,-0.002484797267243266,1.0681173989723902e-05,9.8100004196167,-4.759106673191127e-07,0.00029189628548920155,3.2229328894572973e-07,90.00529590108492,-0.0017890456869338323,0.0025263590383399217
844.5000125840306,0.002515278523787856,-0.007549016736447811,9.8100004196167,-3.255973570048809e-05,0.0002922223065979779,-0.0014300860930234194,89.99942193839871,-0.001789045001572731,0.002533481575387257
844.6000125855207,1.5040972357382998e-05,0.003760450053960085,9.8100004196167,3.730241587618366e-05,0.00029191028443165123,0.00015847601753193885,89.99752997599862,-0.0017890447274311327,0.0025406041124345926
844.7000125870109,1.5066939340613317e-05,0.003760450053960085,9.8100004196167,-2.548821839809534e-06,0.00029195501701906323,2.763019256235566e-05,89.99792612697048,-0.0017890447274311327,0.0025477263753378595
844.800012588501,1.520276055089198e-05,1.0450244189996738e-05,9.8100004196167,8.703573826096545e-07,0.00029194189119152725,4.973795967089245e-06,89.99792612697048,-0.0017890447274311327,0.0025548489123851954
844.9000125899911,1.520276055089198e-05,1.0450244189996738e-05,9.8100004196167,-4.2484259665798163e-07,0.0002919984981417656,1.3591646847999073e-06,89.99792612697048,-0.0017890447274311327,0.002561971449432531
845.0000125914812,1.520276055089198e-05,1.0450244189996738e-05,9.8100004196167,-3.972288027398463e-07,0.0002912814379669726,6.33657236903673e-07,89.99792612697048,-0.0017890447274311327,0.0025690939864798663
845.1000125929713,-0.002484797267243266,1.0359696716477629e-05,9.8100004196167,7.718512762266982e-08,0.00029155623633414507,4.5227079681353644e-07,89.99792612697048,-0.0017890447274311327,0.002576216523527202
845.2000125944614,0.0025159462820738554,0.011317760683596134,9.8100004196167,3.1822099117562175e-05,0.00029121869010850787,0.0014307373203337193,90.00378642927835,-0.0017890456869338323,0.002583338786430469
845.3000125959516,1.5078807336976752e-05,-0.0012395497178658843,9.8100004196167,-3.5546581784728914e-05,0.00029193100635893643,-0.00015777599764987826,90.00567839167844,-0.0017890466464365318,0.0025904613234778045
845.4000125974417,1.4279314200393856e-05,-0.009989549405872822,9.8100004196167,1.5293753676814958e-06,0.0002916018129326403,-2.6795094527187757e-05,90.00528907089576,-0.0017890466464365318,0.00259758386052514
845.5000125989318,1.520276055089198e-05,1.0450244189996738e-05,9.8100004196167,-9.47160231135058e-07,0.0002919101680163294,-4.2428837332408875e-06,90.00528907089576,-0.0017890466464365318,0.002604706397572476
845.6000126004219,-0.04402119293808937,1.4823559467913583e-05,9.858902931213379,-5.322038987287669e-07,-0.0034691672772169113,-3.555078080808016e-07,90.00521393881489,-0.0017890466464365318,0.002611824548314713
845.700012601912,0.036860376596450806,7.471277967852075e-06,9.787924766540527,3.2871400890144287e-07,0.00023417852935381234,1.374629334804922e-07,90.00520710862571,-0.0017890466464365318,0.0026189459887857743
845.8000126034021,0.02673640288412571,0.02131863497197628,9.783222198486328,3.2766678486950696e-05,0.0003992904967162758,0.0014305207878351212,90.01099227885271,-0.0017890485654419308,0.002626069074121247
845.9000126048923,0.016617100685834885,-0.001242365106008947,9.806673049926758,-3.645113611128181e-05,0.0003543411730788648,-0.00015782448463141918,90.01289107144198,-0.001789050347383636,0.0026331932560329945
846.0000126063824,0.042622484266757965,0.0012512307148426771,9.85750961303711,2.6062975848617498e-06,0.0023830938152968884,-2.6950654500979e-05,90.01249492047012,-0.0017890522663890351,0.0026403215501057714
846.1000126078725,-0.03784574568271637,-0.017542770132422447,9.777547836303711,-3.1220017262967303e-05,0.0002573697711341083,-0.001434007310308516,90.0066482785406,-0.0017890525405306335,0.002647446280305656
846.2000126093626,-0.035240329802036285,-0.0037366703618317842,9.796337127685547,3.6256191378924996e-05,0.00018281335360370576,0.00015719996008556336,90.00473582557298,-0.0017890525405306335,0.002654567994920786
846.3000126108527,-0.010146289132535458,1.1343763617333025e-05,9.809062957763672,-3.2065452160168206e-06,0.00020636958652175963,2.7729007342713885e-05,90.00512514635568,-0.0017890525405306335,0.002661688612959641
846.4000126123428,-0.00256386143155396,0.021318411454558372,9.810957908630371,3.3712847653077915e-05,0.00022350599465426058,0.0014354848535731435,90.01097861847438,-0.0017890544595360325,0.0026688089568544277
846.500012613833,0.019989266991615295,-0.0012440459104254842,9.810850143432617,-3.649245991255157e-05,0.0002467643062118441,-0.0001572787732584402,90.0128842412528,-0.0017890562414777378,0.0026759312197576946
846.6000126153231,-0.07764081656932831,0.001277351751923561,9.810526847839355,3.0403055006900104e-06,0.0006263290997594595,-2.6331632398068905e-05,90.01249492047012,-0.0017890581604831368,0.002683046903203314
846.7000126168132,-0.5832582116127014,-0.0023631262592971325,9.810385704040527,6.364962246152572e-07,0.0011916664661839604,-2.0742245396832004e-06,90.0124334487676,-0.0017890599424248421,0.002690109676843686
846.8000126183033,-1.3067501783370972,0.0015437882393598557,9.810050964355469,5.108992127134115e-07,0.001397644286043942,3.077381052207784e-06,90.01244027895676,-0.0017890617243523366,0.002697055390966749
846.9000126197934,-1.7301228046417236,0.0003861426084768027,9.809538841247559,2.0768958108874358e-07,0.001042672898620367,4.455359885469079e-06,90.01246076952427,-0.0017890635063082527,0.00270384621369103
847.0000126212835,-1.6479523181915283,-0.0008811767329461873,9.809358596801758,4.186974820186151e-07,0.00038872112054377794,4.147278559685219e-06,90.01248126009177,-0.0017890651511578426,0.002710488998618246
847.1000126227736,-1.170159101486206,0.0015151214320212603,9.809478759765625,-1.6429140714535606e-07,-0.0001825498475227505,2.6684990643843776e-06,90.01249492047012,-0.0017890669331137588,0.0027170267863671723
847.2000126242638,-0.6345325112342834,0.000148521110531874,9.80974292755127,-6.377309773597517e-07,-0.0003200278733856976,1.6807117617645417e-06,90.01250858084846,-0.0017890687150270423,0.00272350782629389
847.3000126257539,-0.4115416705608368,-0.0011500056134536862,9.809993743896484,8.45705642404937e-07,2.742715150816366e-05,1.7730510535329813e-06,90.01251541103763,-0.0017890704969687476,0.0027299521309154104
847.400012627244,-0.6115150451660156,0.001393759623169899,9.810052871704102,-4.23047197273263e-07,0.0005528553738258779,2.288319819854223e-06,90.0125222412268,-0.001789072278896242,0.0027363418808672713
847.5000126287341,-1.0293970108032227,-0.0010147627908736467,9.809967994689941,-5.00691953675414e-07,0.0008542977157048881,3.0739768135390477e-06,90.01253590160513,-0.0017890739237742537,0.002742638970123932
847.6000126302242,-1.3423480987548828,-0.01612018793821335,9.809709548950195,-2.488395693944767e-05,0.0007616326329298317,-0.0012495210394263268,90.0073517880251,-0.001789074197915852,0.00274881571013446
847.7000126317143,-1.3425395488739014,-0.002352699637413025,9.809575080871582,3.264513361500576e-05,0.00040374803938902915,0.00015772356709931046,90.0058491464077,-0.001789074197915852,0.002754872100898854
847.8000126332045,-1.0648669004440308,0.0001259598066098988,9.809568405151367,-2.4474707061017398e-06,3.394490704522468e-05,2.6144401999772526e-05,90.00623163700122,-0.001789074197915852,0.0027608330895273624
847.9000126346946,-0.704448938369751,8.762380457483232e-05,9.809792518615723,-1.9711299046321074e-06,-8.803595846984535e-05,5.467884420795599e-06,90.00629310870374,-0.001789074197915852,0.002766731025020083
848.0000126361847,-0.5240936279296875,6.79881704854779e-05,9.809954643249512,3.3327044235420544e-08,0.00011536141391843557,2.4602829853392905e-06,90.00630676908209,-0.001789074197915852,0.0027725820818770663
848.1000126376748,-0.6265310049057007,7.93766594142653e-05,9.8100004196167,-1.4792993852097425e-06,0.00046981783816590905,1.8372979866398964e-06,90.00632042946043,-0.001789074197915852,0.0027783769391999786
848.2000126391649,-0.9067661762237549,-0.0037674312479794025,9.809934616088867,-2.0628591300919652e-05,0.0007018179167062044,-0.00117918336763978,90.00138220269051,-0.001789073786696349,0.0027840903757345046
848.300012640655,-1.1320677995681763,-0.016381319612264633,9.809791564941406,1.0156749340239912e-05,0.0006629065028391778,-0.0010036783060058951,89.99514623997828,-0.0017890720047546438,0.0027897023789636337
848.4000126421452,-1.1347113847732544,0.012401668354868889,9.809686660766602,2.6053397959913127e-05,0.0004136151692364365,0.0001833034766605124,89.9942309946295,-0.0017890713194077534,0.0027952124005992287
848.5000126436353,-0.9395802617073059,0.007428289391100407,9.809714317321777,-2.8545682653202675e-06,0.00014351408754009753,2.8357071641949005e-05,89.99466129654722,-0.0017890713194077534,0.002800638808293889
848.6000126451254,-0.6767767667770386,0.0024482517037540674,9.809800148010254,-8.348330311491736e-07,4.8957928811432794e-05,5.365223387343576e-06,89.99472276824974,-0.001789071456485658,0.002806004081861242
848.7000126466155,-0.544009804725647,-0.0025392496027052402,9.809946060180664,-1.799709679062289e-07,0.00019954335584770888,2.1441076114570023e-06,89.99475008900643,-0.001789071456485658,0.0028113208319284462
848.8000126481056,-0.6164682507514954,-4.589161471812986e-05,9.809976577758789,6.219233910087496e-07,0.0004707791958935559,2.581218723207712e-06,89.99475008900643,-0.001789071456485658,0.002816582204893785
848.9000126495957,-0.8316459059715271,-6.558839231729507e-05,9.80993938446045,1.296124196414894e-06,0.0006477918941527605,2.503902805983671e-06,89.99475008900643,-0.001789071456485658,0.0028217690106724534
849.0000126510859,-0.9993810653686523,-8.040235115913674e-05,9.80982780456543,-2.8007741548208287e-07,0.00060935941291973,3.0415837954933522e-06,89.99478423995228,-0.001789071456485658,0.0028268664454847454
849.100012652576,-0.9944751262664795,-7.994701445568353e-05,9.809770584106445,-2.930515279331303e-07,0.0004034214944113046,3.345364120832528e-06,89.99478423995228,-0.001789071456485658,0.0028318742351865923
849.2000126540661,-0.826849639415741,-6.469111394835636e-05,9.809747695922852,2.093835576033598e-07,0.00018544084741733968,1.6630380059723393e-06,89.99478423995228,-0.001789071456485658,0.0028368082801339747
849.3000126555562,-0.6090831756591797,-4.455748057807796e-05,9.8098726272583,3.223163673737872e-07,0.00012252255692146719,1.719709189273999e-06,89.99481156070895,-0.001789071456485658,0.002841687770411698
849.4000126570463,-0.5038794875144958,0.005045827478170395,9.809920310974121,1.4810088941885624e-05,0.00027152831899002194,0.0010438048047944903,89.9992648440478,-0.0017890720047546438,0.0028465220269180956
849.5000126585364,-0.5988742113113403,-0.0049919323064386845,9.810004234313965,-2.7652780772768892e-05,0.0005094766966067255,-0.00016161704843398184,90.00027571204497,-0.0017890720047546438,0.002851302825331108
849.6000126600266,-0.789046585559845,3.966743861383293e-06,9.809934616088867,2.190007762692403e-06,0.0006449938518926501,-1.8713448298512958e-05,89.99990688182979,-0.0017890720047546438,0.002856012620430343
849.7000126615167,-0.916745126247406,8.500635885866359e-06,9.809837341308594,9.36470428314351e-07,0.0005812225863337517,-6.096973947933293e-07,89.9998795610731,-0.0017890720047546438,0.0028606401723089863
849.8000126630068,-0.8942921757698059,8.548552614229266e-06,9.809818267822266,5.772432132289396e-07,0.0003770915209315717,1.6570423895245767e-06,89.9998795610731,-0.0017890720047546438,0.0028651876741195865
849.9000126644969,0.04700896888971329,1.0548647878749762e-05,9.807374954223633,-3.2356194878957467e-07,-0.00030402420088648796,-5.948605576122645e-06,89.9998795610731,-0.0017890720047546438,0.002869739562235285
850.000012665987,-0.13075241446495056,1.0242486496281344e-05,9.809971809387207,2.0503018731687916e-06,-0.0002567881310824305,1.3509120435628574e-06,89.99990688182979,-0.0017890720047546438,0.002874279662156032
850.1000126674771,-3.89128041267395,4.223426913085859e-06,9.79217529296875,9.553451718602446e-08,0.011812727898359299,4.804147920367541e-06,89.99990688182979,-0.0017890720047546438,0.0028784707766774
850.2000126689672,-6.352133750915527,3.1969082670002535e-07,9.817604064941406,-1.3490974879459827e-06,-0.003458295948803425,-9.49958860019251e-07,89.99990688182979,-0.0017890720047546438,0.0028820919456800658
850.3000126704574,1.68500554561615,1.3156004570191726e-05,9.818739891052246,9.492441108704952e-07,-0.005317112430930138,-3.575275059120031e-06,89.99990688182979,-0.0017890720047546438,0.0028858644422086206
850.4000126719475,3.912426233291626,1.8779508536681533e-05,9.808964729309082,3.4065934073623794e-07,-0.004529397469013929,-5.371031875256449e-06,89.9998795610731,-0.0017890720047546438,0.002889988391433172
850.5000126734376,4.215184688568115,2.1685209503630176e-05,9.831646919250488,1.7397896101556398e-07,-0.0009343405836261809,-4.584163434628863e-06,89.99984541012725,-0.0017890720047546438,0.0028944906594724467
850.6000126749277,0.6225395798683167,-0.5559391379356384,9.78698444366455,-0.0009543767082504928,0.0012075327103957534,-0.050488103181123734,89.78076026230993,-0.0017890221105432147,0.0028990480304695175
850.7000126764178,0.08104822039604187,-0.23326784372329712,9.808117866516113,0.00030662730569019914,0.0006083853077143431,-0.03193454071879387,89.58062888943938,-0.0017889511072297637,0.002903612803356442
850.800012677908,0.8500347137451172,-0.01499614492058754,9.804277420043945,4.469597843126394e-05,-0.0019477158784866333,-0.024108780547976494,89.4342374449585,-0.0017888783219746074,0.00290825351415038
850.9000126793981,3.102766275405884,-0.04115908592939377,9.808672904968262,-7.634048233740032e-05,-0.002873501041904092,-0.020724980160593987,89.31558339869704,-0.0017887985460589562,0.0029131724811739873
851.0000126808882,4.488101005554199,-0.05208846926689148,9.807859420776367,-4.024867666885257e-05,-0.002622195752337575,-0.013296235352754593,89.22048667488295,-0.0017887084897267869,0.002918493891690358
851.1000126823783,5.813982009887695,-0.049541179090738297,9.804519653320312,-6.425908213714138e-05,-0.004791463725268841,-0.013791333884000778,89.13894787657134,-0.001788606371064816,0.0029243364500812137
851.2000126838684,7.1857709884643555,-0.04211307689547539,9.802454948425293,-3.2144205761142075e-05,0.0006079825107008219,-0.011295007541775703,89.07525636256096,-0.0017884901339755288,0.0029308232470333733
851.3000126853585,4.286530494689941,-2.022329092025757,9.804241180419922,-0.010062729939818382,0.0006161431665532291,-0.258495032787323,88.18838361959149,-0.0017881808994673065,0.002937688362800256
851.4000126868486,4.423431396484375,-2.3658928871154785,9.80309772491455,-0.00038990669418126345,0.0014468841254711151,-0.2118464708328247,86.9114387731226,-0.0017876391907947209,0.0029449381026954405
851.5000126883388,2.4593753814697266,-0.733870804309845,9.8084135055542,0.0009880538564175367,0.003687620162963867,-0.14256061613559723,85.98080500814085,-0.0017870167466753628,0.002952403045684507
851.6000126898289,-0.9191268086433411,-2.95609974861145,9.805335998535156,-0.013459485024213791,0.005592664238065481,-0.424336701631546,84.33242764441748,-0.00178614003395694,0.002959759427622393
851.700012691319,-2.6329691410064697,-4.899422645568848,9.798331260681152,-0.003151950193569064,0.003606168320402503,-0.4578655958175659,81.80966312352741,-0.0017848633450228135,0.0029668191856780097
851.8000126928091,-2.8735544681549072,-5.630566596984863,9.789620399475098,-0.01331252045929432,0.004151380620896816,-0.7167311906814575,78.4521811841701,-0.0017831454212142717,0.00297352557202915
851.9000126942992,-1.7637379169464111,-5.899925708770752,9.789408683776855,-0.0006301248213276267,0.0003935536660719663,-0.6323332786560059,74.71463336844742,-0.0017809609042132024,0.002979940817379394
852.0000126957893,0.6193797588348389,-5.324119567871094,9.789811134338379,-0.005831665359437466,-0.0003962461487390101,-0.71889728307724,70.83236750459051,-0.0017783092457079874,0.0029862527104157614
852.1000126972795,2.3380308151245117,-6.459753513336182,9.783108711242676,-0.005399422254413366,0.0009483761386945844,-0.7964192628860474,66.47293096493817,-0.0017750451493441233,0.0029925267715706565
852.2000126987696,2.2882816791534424,-6.510410308837891,9.781978607177734,-0.0038801541086286306,0.0036818827502429485,-0.8298072218894958,61.83530082039122,-0.001771171904877633,0.0029987076237422135
852.3000127002597,0.2838020920753479,-6.657771587371826,9.781232833862305,-0.0033804457634687424,0.006122538819909096,-0.8533697724342346,57.045961929094524,-0.0017667861480674674,0.003004586643294198
852.4000127017498,-1.323124647140503,-4.830779552459717,9.79263687133789,0.004137540701776743,0.004033352248370647,-0.6359142661094666,53.01935026241315,-0.0017621278920501027,0.0030101117428535684
852.5000127032399,-2.2020461559295654,-5.089343070983887,9.789220809936523,-0.003755074692890048,0.003850071458145976,-0.7026263475418091,49.20376412032849,-0.0017572549812285843,0.003015190535869193
852.60001270473,-1.9764097929000854,-6.508242130279541,9.781854629516602,-0.003635715926066041,0.0026348591782152653,-0.7627761960029602,45.013005932418785,-0.0017520965493815766,0.0030197336513746948
852.7000127062201,-0.3623223304748535,-6.424700736999512,9.78189754486084,-0.003486442845314741,0.0009481006418354809,-0.7903939485549927,40.60670063468182,-0.0017465894062524967,0.003023820317005911
852.8000127077103,1.6589206457138062,-6.329763412475586,9.782002449035645,-0.003302108496427536,0.0009528207592666149,-0.8098730444908142,36.0687571010712,-0.0017406293771387027,0.003027538258864807
852.9000127092004,2.194099187850952,-6.267423629760742,9.782610893249512,-0.0026348382234573364,0.0029406233225017786,-0.8170836567878723,31.45862188302813,-0.0017342093342591625,0.0030308819940700086
853.0000127106905,0.13014864921569824,-8.057210922241211,9.767674446105957,-0.01277870126068592,0.008632199838757515,-1.0646352767944336,26.07903853422644,-0.0017274629229007132,0.003033585054586799
853.1000127121806,-1.7149076461791992,-8.763880729675293,9.763824462890625,-0.0010982952080667019,0.0068780663423240185,-0.9969061017036438,20.29923512836598,-0.0017205890345053376,0.003035500499194387
853.2000127136707,-1.1993484497070312,-5.385047912597656,9.786340713500977,0.004668466281145811,0.003009471809491515,-0.7471223473548889,15.581403195037439,-0.0017136899248839654,0.0030369252259191087
853.3000127151608,-0.3078577518463135,-3.1253480911254883,9.79919147491455,0.005029422231018543,0.0004203342832624912,-0.522800087928772,12.205389244914583,-0.0017067588774608566,0.003038072518846367
853.400012716651,0.45366883277893066,-2.0902328491210938,9.804475784301758,0.004058904480189085,-0.0005496651865541935,-0.36732834577560425,9.851534448425292,-0.0016997558672358082,0.0030390438112815584
853.5000127181411,0.5571682453155518,-3.11002254486084,9.80191707611084,-0.0019414783455431461,0.0004456266760826111,-0.4304971396923065,7.543895273181247,-0.0016926666386893885,0.00303974699081762
853.6000127196312,0.36056315898895264,-2.312922954559326,9.80583667755127,0.003635875415056944,0.0003020046278834343,-0.2936778664588928,5.630088647461545,-0.0016855251857208486,0.003040248126175094
853.7000127211213,-0.025728344917297363,-0.9038873314857483,9.808915138244629,0.003165875794366002,0.0003535561263561249,-0.18634358048439026,4.383247859759472,-0.001678379894713089,0.003040669485608594
853.8000127226114,-0.4190256595611572,-0.6144189834594727,9.809418678283691,0.0022184906993061304,0.00018263293895870447,-0.12242495268583298,3.576043510486083,-0.0016712687346540633,0.0030410340972198847
853.9000127241015,-0.45744845271110535,-0.4530767798423767,9.809557914733887,0.0015967914368957281,-0.00022895087022334337,-0.08270799368619919,3.037251081442209,-0.0016641963659651537,0.0030413564906446055
854.0000127255917,-0.18010181188583374,-0.3417324423789978,9.80964183807373,0.0011602092999964952,-0.0006340366089716554,-0.05682205408811569,2.6697583026783733,-0.0016571388010646615,0.0030416481799336384
854.1000127270818,0.18668177723884583,-0.23393353819847107,9.809843063354492,0.0008400961523875594,-0.0007575131603516638,-0.03946448490023613,2.415650506118158,-0.0016500635538676534,0.003041919582561592
854.2000127285719,0.37623777985572815,-0.1471705138683319,9.809969902038574,0.0006020190194249153,-0.0005388843128457665,-0.02768150344491005,2.23817124218655,-0.0016429540386866393,0.0030421794711386627
854.300012730062,0.24831241369247437,-0.815494954586029,9.809713363647461,-0.001796427182853222,-0.00012181058991700411,-0.09215695410966873,1.8346171990391629,-0.0016358199875838864,0.0030423669856816126
854.4000127315521,-0.027221381664276123,-0.5980595946311951,9.809911727905273,0.0006611872813664377,3.5503588151186705e-05,-0.060818303376436234,1.4346323566199304,-0.0016286870330759484,0.0030425015904193145
854.5000127330422,-0.2278125137090683,-0.13017891347408295,9.809966087341309,0.0006235072505660355,-2.9681541491299868e-05,-0.035710737109184265,1.1876209131639466,-0.0016215743652168157,0.0030426238586739283
854.6000127345324,-0.24840781092643738,-0.10468924045562744,9.809957504272461,0.0003812917566392571,-0.0002551331708673388,-0.022875532507896423,1.0351429163589356,-0.001614483628870289,0.003042736531886139
854.7000127360225,-0.08771517872810364,-0.07977195829153061,9.809852600097656,0.0002638630394358188,-0.000472813582746312,-0.01554399449378252,0.9341894120532679,-0.0016074007056516848,0.0030428423514966343
854.8000127375126,0.11041940003633499,-0.060031458735466,9.8099946975708,0.00019109860295429826,-0.0005329243722371757,-0.010943824425339699,0.8641138589639056,-0.0016003079132218545,0.0030429426882257566
854.9000127390027,0.19514046609401703,-0.311648964881897,9.809903144836426,-0.0006706180283799767,-0.00040335371159017086,-0.034301698207855225,0.7127181803380772,-0.0015931971643681209,0.003043015336403946
855.0000127404928,0.14072397351264954,-0.20769011974334717,9.810087203979492,0.00024310467415489256,-0.0002227214863523841,-0.02239181287586689,0.5647525906969176,-0.0015860736678376952,0.0030430696169295368
855.1000127419829,-0.016624651849269867,-0.06072893738746643,9.81002426147461,0.00022161463857628405,-0.0001136756909545511,-0.013264666311442852,0.47312613658972547,-0.0015789515420010503,0.0030431186887178233
855.200012743473,-0.13029836118221283,-0.03465171158313751,9.809988021850586,0.00014195787662174553,-0.00014675174315925688,-0.008397232741117477,0.4173098573728077,-0.0015718412043668195,0.003043164470777286
855.3000127449632,-0.14275528490543365,-0.019467778503894806,9.809988975524902,0.0001069058635039255,-0.00027671013958752155,-0.005411501508206129,0.38103549642323686,-0.0015647436144519133,0.0030432086079723373
855.4000127464533,-0.04769647866487503,-0.020011775195598602,9.80996036529541,6.263999966904521e-05,-0.00039847425068728626,-0.004028830211609602,0.35608270763149114,-0.0015576502737388864,0.0030432508261589077
855.5000127479434,0.07115350663661957,-0.025628291070461273,9.809980392456055,6.210303399711847e-05,-0.0004287149931769818,-0.002541342983022332,0.33919698589933867,-0.0015505506277264658,0.0030432905770488607
855.6000127494335,0.11331962049007416,-0.1186639666557312,9.809972763061523,-0.00030546702328138053,-0.0003554961585905403,-0.013001492246985435,0.28461862510863284,-0.0015434405642480442,0.003043320184608274
855.7000127509236,0.07606334984302521,-0.0882675051689148,9.810063362121582,8.239352609962225e-05,-0.0002493216597940773,-0.008518260903656483,0.22814123160482544,-0.0015363239212717872,0.0030433415678456275
855.8000127524137,-0.013691231608390808,-0.007747099734842777,9.809990882873535,8.886361320037395e-05,-0.00018940384325105697,-0.00468400027602911,0.19483356065320703,-0.0015292082378266514,0.003043362676938913
855.9000127539039,-0.16089624166488647,-0.004716038703918457,9.785482406616211,4.8801302909851074e-05,0.008726340718567371,-0.0029769924003630877,0.17582935970043992,-0.0015221069469646409,0.003043382963599992
856.000012755394,-0.7753571271896362,-0.03052651882171631,9.786185264587402,1.6835983842611313e-05,0.0009566025109961629,-0.0026696654967963696,0.15949038660721904,-0.0015150748774601652,0.0030434005088203855
856.1000127568841,-1.5225273370742798,0.0038198232650756836,9.853416442871094,3.8405152736231685e-05,0.0004484715755097568,-0.0015678616473451257,0.14803752007085635,-0.00150817892048849,0.0030434180540407784
856.2000127583742,-1.761978030204773,-0.0487823486328125,9.815606117248535,-8.286606316687539e-05,-2.187859354307875e-05,-0.004534643143415451,0.12820425154672604,-0.0015014405963711397,0.003043430664667936
856.3000127598643,-1.5355302095413208,-0.02476179599761963,9.781709671020508,3.32370400428772e-05,-0.00719336187466979,-0.0030677763279527426,0.11014343045242728,-0.0014948398925298534,0.0030434413562866127
856.4000127613544,-0.9708125591278076,0.004018962383270264,9.804776191711426,2.8840964660048485e-05,-0.0011087397579103708,-0.0018488675123080611,0.09691329399915308,-0.0014883262294773658,0.003043451773761221
856.5000127628446,-0.5503108501434326,0.0007919669151306152,9.838194847106934,2.3902917746454477e-05,-0.0007607779698446393,-0.0009958869777619839,0.09065408596539092,-0.001481861912324689,0.003043462191235829
856.6000127643347,-0.4551158845424652,-0.03444066643714905,9.81371784210205,-1.8476712284609675e-05,-0.0004047191177960485,-0.0017001840751618147,0.08156468499537084,-0.0014754383055901599,0.0030434695931256827
856.7000127658248,-0.7264642119407654,0.010992884635925293,9.809392929077148,5.5060849263099954e-05,-3.856475814245641e-07,0.00026704464107751846,0.07912936904061088,-0.001469079808089191,0.0030434780915918106
856.8000127673149,-1.1231733560562134,0.004053235054016113,9.808938980102539,-6.248883437365294e-07,0.0001375146966893226,4.520624497672543e-05,0.07912936904061088,-0.0014628219214074534,0.003043486590057938
856.900012768805,-1.3523694276809692,-0.018421649932861328,9.80907154083252,-6.647157715633512e-05,-6.404274608939886e-05,-0.0022503319196403027,0.06852804166478502,-0.001456685480590636,0.0030434931695155856
857.0000127702951,-1.279957890510559,-0.0009810924530029297,9.809260368347168,6.67172425892204e-05,-0.0004364317865110934,0.0002838060026988387,0.06852804166478502,-0.0014506637690487878,0.003043499748973233
857.1000127717853,-0.9722116589546204,0.008532702922821045,9.809439659118652,-4.392914706841111e-05,-0.0007414410938508809,-0.0012365361908450723,0.06561060373405075,-0.0014447290982531058,0.0030435068767190178
857.2000127732754,-0.6531050801277161,-0.041892290115356445,9.80974292755127,-5.168258212506771e-07,-0.0007769070798531175,-0.0010988489957526326,0.055952909680744456,-0.0014388529572073594,0.00304351044059191
857.3000127747655,-0.5352733135223389,0.0029367804527282715,9.8099365234375,-3.3744145184755325e-06,-0.000531430821865797,-0.0010708828922361135,0.05233915597547922,-0.001433024791381854,0.0030435140044648024
857.4000127762556,-0.6877932548522949,-0.0018870830535888672,9.809980392456055,3.310921601951122e-05,-0.00021476474648807198,0.0001984580885618925,0.05233915597547922,-0.0014272584450480963,0.003043517294193626
857.5000127777457,-0.9667947888374329,0.0033587217330932617,9.809901237487793,-3.5945267882198095e-06,-6.802109419368207e-05,3.1604740797774866e-05,0.048456643664523236,-0.0014215784540851928,0.003043520858066518
857.6000127792358,-1.1395740509033203,0.0010112524032592773,9.80974006652832,5.0597009249031544e-08,-0.00017368736735079437,6.269076493481407e-06,0.048456643664523236,-0.0014160008559542803,0.0030435244219394106
857.700012780726,-1.1046597957611084,-0.0015194416046142578,9.80971908569336,4.3731415644288063e-07,-0.0004343222244642675,2.181326863137656e-06,0.048456643664523236,-0.001410522223821431,0.0030435279858123027
857.8000127822161,-0.8857330679893494,0.0032880306243896484,9.809713363647461,8.500064723193645e-07,-0.0006651218282058835,1.0032754289568402e-06,0.048456643664523236,-0.0014051230934484238,0.0030435315496851953
857.9000127837062,-0.639171838760376,0.00047284364700317383,9.809852600097656,-3.506161738187075e-05,-0.0007026975508779287,-0.0011885635321959853,0.04423465961263638,-0.0013997811221315715,0.003043534839414019
858.0000127851963,-0.5414490699768066,-0.0020652413368225098,9.80990219116211,3.6082317819818854e-05,-0.0005221219616942108,0.0001744194159982726,0.048456643664523236,-0.0013944876743181567,0.0030435384032869114
858.1000127866864,-0.6539503335952759,0.003026604652404785,9.810030937194824,-3.470631781965494e-06,-0.00027402149862609804,2.5479646865278482e-05,0.048456643664523236,-0.001389252893332582,0.0030435419671598035
858.2000127881765,-0.8691527843475342,-0.0018088817596435547,9.80992317199707,-1.2823293218389153e-06,-0.00015456354594789445,4.532576895144302e-06,0.048456643664523236,-0.0013840959692430488,0.003043545531032696
858.3000127896667,-1.0143680572509766,0.0033048391342163086,9.80978775024414,-2.3905886337161064e-07,-0.00023970786423888057,1.84679788617359e-06,0.048456643664523236,-0.0013790299239246906,0.003043549094905588
858.4000127911568,-0.9719277024269104,0.0007715821266174316,9.809800148010254,-9.209325071424246e-07,-0.00045690700062550604,1.319574266744894e-06,0.048456643664523236,-0.0013740513305720015,0.0030435523846344117
858.5000127926469,-0.7917728424072266,-0.0019733309745788574,9.809749603271484,-3.1962699722498655e-05,-0.0006494810222648084,-0.0011140352580696344,0.03956468118525214,-0.0013691433293132604,0.0030435559485073043
858.600012794137,-0.5752477049827576,0.0029108524322509766,9.809883117675781,3.248301800340414e-05,-0.0006731760804541409,0.00017702275363262743,0.03956468118525214,-0.0013642871412855584,0.0030435595123801964
858.7000127956271,-0.5050665140151978,0.0003660917282104492,9.809942245483398,-4.3370528146624565e-06,-0.0005031199543736875,2.3081880499375984e-05,0.04423465961263638,-0.0013594760499699987,0.003043563076253089
858.8000127971172,-0.6175944209098816,-0.002060234546661377,9.809993743896484,-2.47466959990561e-06,-0.000283468805719167,3.742540002349415e-06,0.03956468118525214,-0.001354720335726256,0.003043566640125981
858.9000127986073,-0.8140342235565186,0.0030765533447265625,9.809950828552246,7.701892172917724e-07,-0.00019258873362559825,7.890783422226377e-07,0.03956468118525214,-0.0013500376808934789,0.003043569929854805
859.0000128000975,-0.932975709438324,-0.0018407106399536133,9.80981731414795,-3.048335202038288e-07,-0.00029130515758879483,1.2805130609194748e-06,0.03956468118525214,-0.001345438639987151,0.003043573493727697
859.1000128015876,-0.8278667330741882,0.0030861496925354004,9.803594589233398,-8.707866072654724e-08,-0.0017952538328245282,1.5436262401635759e-06,0.03956468118525214,-0.0013409138921502972,0.0030435770576005892
859.2000128030777,0.4717361032962799,-0.00031870603561401367,9.821765899658203,5.443434929475188e-07,0.00018534093396738172,-4.5264908266062776e-08,0.03956468118525214,-0.0013363466519535905,0.0030435806214734818
859.3000128045678,-0.560674786567688,-0.0020993947982788086,9.797353744506836,1.1154043022543192e-06,-0.0004758693976327777,2.3284922008315334e-06,0.03956468118525214,-0.0013318295801525437,0.003043584185346374
859.4000128060579,-0.30944985151290894,-0.5201994180679321,9.803340911865234,-0.0007318524876609445,0.0004700107383541763,-0.04250071942806244,359.8480519692582,-0.001327340608085592,0.003043540870583529
859.500012807548,-1.2022401094436646,-0.1398179531097412,9.814376831054688,0.0006051860982552171,0.0010913766454905272,-0.021415211260318756,359.69803369432805,-0.0013229593746615365,0.0030434857676257324
859.6000128090382,-1.5752004384994507,0.04604637622833252,9.822548866271973,0.00020360072085168213,0.00019625049026217312,-0.015596739016473293,359.60189195157096,-0.0013187194625174925,0.0030434358734052398
859.7000128105283,-0.801843523979187,-0.014486849308013916,9.81009578704834,5.2411865908652544e-05,-0.0008879093802534044,-0.012899431400001049,359.52482009697655,-0.0013145513760832728,0.00304338543089661
859.8000128120184,0.05790098384022713,-0.019696731120347977,9.808365821838379,2.070353366434574e-05,-0.0007777634309604764,-0.01037552859634161,359.46151790374887,-0.0013103779438523588,0.0030433330693795
859.9000128135085,-0.14583349227905273,-0.0016636550426483154,9.80896282196045,1.4629156794399023e-05,0.00032920975354500115,-0.0076932464726269245,359.41083790010737,-0.001306217533468157,0.003043280982006458
860.0000128149986,-1.0364148616790771,-0.013992905616760254,9.80942153930664,3.182212822139263e-06,0.0008163214079104364,-0.004373050294816494,359.3703758594642,-0.0013021503320658212,0.0030432283463452795
860.1000128164887,-1.3006330728530884,-0.015101432800292969,9.809211730957031,-8.46928742248565e-06,4.9101843615062535e-05,-0.0011776810279116035,359.33767291371817,-0.0012981996418943709,0.0030431757106841005
860.2000128179789,-0.5289757251739502,-0.003910183906555176,9.809383392333984,-1.0434596333652735e-05,-0.0008839600486680865,-0.0005227512447163463,359.31073464763165,-0.001294296378645754,0.0030431233491669905
860.300012819469,0.13679906725883484,-0.003337964415550232,9.809815406799316,-9.128096280619502e-06,-0.0004712891823146492,0.00047417814494110644,359.28865947623416,-0.0012903806418336217,0.0030430707135058114
860.4000128209591,-0.35213637351989746,-0.002015352249145508,9.81024169921875,-1.1113123036921024e-05,0.0006149764521978796,0.0019677558448165655,359.27019064471847,-0.0012864965686816277,0.0030430180778446324
860.5000128224492,-1.1524757146835327,-1.9312316179275513,9.808267593383789,-0.007493964862078428,0.000163285993039608,-0.2086254507303238,358.5270114215077,-0.0012827203712078017,0.0030427954728608968
860.6000128239393,0.589993953704834,-2.4596505165100098,9.806617736816406,0.00020273984409868717,-0.0027453284710645676,-0.23177491128444672,357.2414605366846,-0.0012789016814025445,0.003042350537037494
860.7000128254294,3.571150302886963,-0.7076094150543213,9.807507514953613,0.000995537033304572,-0.0033064077142626047,-0.20233102142810822,356.07401728298936,-0.001274767588853365,0.0030418211648409505
860.8000128269196,4.774049758911133,-0.4327726364135742,9.833503723144531,-0.00019775470718741417,-0.0025371734518557787,-0.17978371679782867,355.0380141896818,-0.0012702102178678842,0.0030412161288814617
860.9000128284097,2.8308894634246826,-0.3378021717071533,9.787541389465332,-0.0005210752133280039,0.0009396328823640943,-0.15380491316318512,354.14129231392917,-0.0012654035128321084,0.003040555715820108
861.0000128298998,2.3060083389282227,-0.3061690330505371,9.797958374023438,-0.0007925622630864382,-0.0012712180614471436,-0.1206478625535965,353.397211505748,-0.0012603946265556942,0.003039844586106056
861.1000128313899,4.420331001281738,-0.33881711959838867,9.80626392364502,-0.0009802435524761677,-0.00439416104927659,-0.1005869135260582,352.7784510084582,-0.0012549963186216928,0.003039053406323961
861.20001283288,5.37736701965332,-0.3301053047180176,9.806989669799805,-0.0005702637718059123,-0.0009627793915569782,-0.09306949377059937,352.2563513483024,-0.0012491240156009553,0.003038168469270391
861.3000128343701,4.918559551239014,-0.281740665435791,9.806266784667969,-0.00042705354280769825,-0.0011810441501438618,-0.06205439195036888,351.8160773544034,-0.001242819113230098,0.003037195806114856
861.4000128358603,5.256186008453369,-2.496041774749756,9.801485061645508,-0.012007154524326324,-7.158052176237106e-05,-0.3527545630931854,350.51943424236816,-0.0012360858607678438,0.0030359256966448474
861.5000128373504,4.584551811218262,-5.627834320068359,9.79137134552002,-0.010392459109425545,0.0031602485105395317,-0.5784510374069214,347.71168007835934,-0.0012290584517273828,0.003034076320757802
861.6000128388405,1.968848705291748,-6.221670627593994,9.788887023925781,-0.007160486187785864,0.006532970815896988,-0.7068119645118713,343.9417981471058,-0.0012220152793815942,0.0030316438404367593
861.7000128403306,-1.1397686004638672,-6.335039138793945,9.787004470825195,-0.0051371147856116295,0.007376306224614382,-0.761903703212738,339.73415573156785,-0.001215264344622824,0.003028716255927753
861.8000128418207,-2.64097261428833,-6.582363128662109,9.782352447509766,-0.004021960310637951,0.005994388833642006,-0.791881263256073,335.31827450861454,-0.001208974246040384,0.0030253536047818146
861.9000128433108,-2.5711965560913086,-6.611421585083008,9.780473709106445,-0.003074260428547859,0.00418736832216382,-0.8042120337486267,330.8014157689717,-0.0012031733575526005,0.0030215882359990445
862.000012844801,-1.3579344749450684,-6.496114730834961,9.78063678741455,-0.0032670609652996063,0.0019358971621841192,-0.8113554120063782,326.23879476188984,-0.001197795747501118,0.003017408635528559
862.1000128462911,1.275022029876709,-4.685309410095215,9.792460441589355,0.0026306258514523506,-0.0012858229456469417,-0.6293729543685913,322.33465863231055,-0.0011925827609644557,0.003012828236429722
862.2000128477812,2.659860610961914,-5.181362152099609,9.788768768310547,-0.005102051421999931,0.0013631847687065601,-0.7365199327468872,318.3883119336606,-0.0011874979367831884,0.0030077439605327248
862.3000128492713,1.4394655227661133,-6.746149063110352,9.781466484069824,-0.0043435972183942795,0.004784899298101664,-0.8172280788421631,313.90737998905206,-0.001182757437547366,0.00300214922837992
862.4000128507614,-0.8274531364440918,-6.784787178039551,9.780440330505371,-0.0029416377656161785,0.0061960648745298386,-0.8388518691062927,309.2017621415068,-0.0011785331515881126,0.0029962290872176394
862.5000128522515,-2.5561180114746094,-7.732490539550781,9.770915031433105,-0.006073459051549435,0.006878627929836512,-0.9524216651916504,304.06906622553896,-0.0011750090296089866,0.0029901121106140753
862.6000128537416,-1.9634976387023926,-6.033774375915527,9.783732414245605,0.004104204010218382,0.0023491745814681053,-0.7337326407432556,299.4730592537941,-0.0011720401863897223,0.0029838835573745746
862.7000128552318,-0.6599328517913818,-6.090228080749512,9.780929565429688,-0.00719377351924777,0.0022298628464341164,-0.860213577747345,294.9298633047117,-0.0011695887901339574,0.002977480100219282
862.8000128567219,1.4499473571777344,-5.7343220710754395,9.786831855773926,0.002376823453232646,-0.0003626965917646885,-0.6953954100608826,290.673098168663,-0.0011675698561504078,0.002970773439724073
862.900012858212,2.109548568725586,-6.215426921844482,9.781102180480957,-0.008702609688043594,0.0036288080736994743,-0.8805538415908813,286.13290750281544,-0.0011660308113476958,0.002963731226888849
863.0000128597021,1.0265207290649414,-5.7443952560424805,9.788379669189453,0.003908061422407627,0.00343680614605546,-0.6851587295532227,281.84573436458186,-0.001164974534248131,0.0029564935493326845
863.1000128611922,-0.5750796794891357,-4.029851913452148,9.796313285827637,0.0006311630713753402,0.0039597852155566216,-0.6113632321357727,278.25291825737173,-0.0011642808126879345,0.002949255323488383
863.2000128626823,-1.6940765380859375,-2.9150333404541016,9.801957130432129,0.00497760996222496,0.0020185706671327353,-0.4121887683868408,275.54215277957707,-0.001163860001540229,0.0029421432039156556
863.3000128641725,-1.5637537240982056,-1.473555088043213,9.806286811828613,0.003976892214268446,0.00010763551108539104,-0.2717251479625702,273.75398193411104,-0.0011635788668087343,0.0029351626734958757
863.4000128656626,-0.5621384382247925,-1.0826630592346191,9.807775497436523,0.002704998478293419,-0.0014880122616887093,-0.1898435801267624,272.5353122616407,-0.0011633958756362972,0.002928228199279627
863.5000128671527,0.8414310812950134,-0.8338717222213745,9.808717727661133,0.001931018428876996,-0.0020521755795925856,-0.1386527270078659,271.6614305384726,-0.0011632845731384123,0.0029212158681478848
863.6000128686428,1.578771710395813,-0.5848360657691956,9.809362411499023,0.0016072681173682213,-0.0011456015054136515,-0.0988103598356247,271.0323427951577,-0.0011632226165829707,0.0029140609821004496
863.7000128701329,1.015371561050415,-0.3634260296821594,9.810151100158691,0.0013364211190491915,0.00032551612821407616,-0.06669312715530396,270.59766955637815,-0.0011631919124539536,0.002906814806078157
863.800012871623,-0.22326955199241638,-0.23752237856388092,9.810361862182617,0.0009879155550152063,0.0011168061755597591,-0.044430095702409744,270.306157082602,-0.001163182180334843,0.0028995883684288072
863.9000128731132,-1.10612154006958,-0.16668589413166046,9.809924125671387,0.0007058602059260011,0.0007867685053497553,-0.029714759439229965,270.11163329504,-0.0011631875261315372,0.002892461445076373
864.0000128746033,-1.1313592195510864,-0.1172129362821579,9.809582710266113,0.0004891062853857875,-0.00017478874360676855,-0.020364349707961082,269.9797560025454,-0.0011632030152810557,0.0028854359550293364
864.1000128760934,-0.40831857919692993,-0.0833108127117157,9.809548377990723,0.0003417307452764362,-0.0011852927273139358,-0.014111142605543137,269.8888598450709,-0.001163226043360055,0.0028784472002874968
864.2000128775835,0.5649954676628113,0.06461931765079498,9.809760093688965,0.0006291365716606379,-0.0015220793429762125,0.0028122933581471443,269.87427056100375,-0.0011632430403096805,0.0028714074547488908
864.3000128790736,1.0684880018234253,0.04322735592722893,9.809952735900879,8.591137157054618e-05,-0.000890287512447685,0.0004722589801531285,269.88110075017374,-0.0011632566104395892,0.0028642720329303288
864.4000128805637,0.7036756873130798,-0.014958813786506653,9.810220718383789,8.138002885971218e-05,0.00011248952796449885,8.036353392526507e-05,269.882275542711,-0.001163271551305911,0.0028570732838319114
864.5000128820539,-0.12208924442529678,-0.0003392213839106262,9.810288429260254,5.244343265076168e-05,0.0006613810546696186,1.5099174561328255e-05,269.8824667880078,-0.0011632864921438113,0.002849885774640308
864.600012883544,-0.7329685091972351,-0.0015494741965085268,9.810033798217773,3.055557681364007e-05,0.00045258121099323034,3.9710071177978534e-06,269.8825214295211,-0.0011633014329959224,0.00284276378588111
864.7000128850341,-0.7458596229553223,-0.011682082898914814,9.809747695922852,-2.439819581923075e-05,-0.00021238216140773147,-0.0014552276115864515,269.87697531591505,-0.0011633171962728284,0.0028357086882746596
864.8000128865242,-0.2557041645050049,0.0572592057287693,9.80978775024414,0.00022595976770389825,-0.0008755706367082894,0.005824040621519089,269.896618939968,-0.0011633278878946385,0.002828676892914044
864.9000128880143,0.36754927039146423,0.044439949095249176,9.809781074523926,-1.286945007450413e-05,-0.0010650791227817535,0.004028229508548975,269.9225736588141,-0.0011633346044419568,0.0028216116519770543
865.0000128895044,0.6656790971755981,0.007099021226167679,9.810011863708496,-3.9676018786849454e-05,-0.0006541673792526126,0.0019234541105106473,269.93721758439455,-0.0011633407726776568,0.0028144869217771695
865.1000128909945,0.42571189999580383,0.005496031139045954,9.810164451599121,1.1004329962815973e-06,-3.353978900122456e-05,0.001701320055872202,269.94721698133947,-0.0011633465296938539,0.0028073240855517436
865.2000128924847,-0.08223237097263336,-0.005047050770372152,9.810188293457031,-5.7508073950884864e-05,0.00029422753141261637,-0.00029440116486512125,269.9491840758204,-0.0011633526979295539,0.0028001683770721027
865.3000128939748,-0.4452691972255707,-0.002879452658817172,9.810027122497559,4.291176765036653e-07,0.0001581389078637585,-5.046246951678768e-05,269.94847373614675,-0.0011633591403352739,0.002793052967770552
865.4000128954649,-0.4505351185798645,0.03613816946744919,9.809859275817871,0.00011644375626929104,-0.00026045629056170583,0.0038616873789578676,269.9631449824839,-0.0011633622929849707,0.0027859778576470907
865.500012896955,-0.13283318281173706,0.026344068348407745,9.809829711914062,-2.1894877136219293e-05,-0.0006541801849380136,0.0024956827983260155,269.97967404027537,-0.001163362978331861,0.00277891480986265
865.6000128984451,0.23009763658046722,0.002630649833008647,9.809929847717285,-3.3575237466720864e-05,-0.0007403854397125542,0.0010633773636072874,269.9882800786296,-0.0011633636636929623,0.002771830927128993
865.7000128999352,0.3879273235797882,-0.008656805381178856,9.810002326965332,-3.8056699850130826e-05,-0.0004883235087618232,-0.00023857485211919993,269.98931826738345,-0.001163364897351471,0.0027647119539545495
865.8000129014254,0.2379310429096222,-0.003682326525449753,9.8101167678833,-4.426161126502848e-07,-0.00013133714674040675,-4.159901800449006e-05,269.98871721073647,-0.0011633666792789654,0.0027575721458308897
865.9000129029155,-0.05484268441796303,0.017572889104485512,9.810089111328125,4.054615055792965e-05,5.3426632803166285e-05,0.001467054826207459,269.9942906450992,-0.00116336681635687,0.0027504369981563967
866.0000129044056,-0.27515020966529846,0.017625058069825172,9.81003475189209,1.9435141439316794e-05,-3.4214135666843504e-05,0.001916149165481329,270.0042900420441,-0.0011633653085709739,0.0027433265234480812
866.1000129058957,-0.2552770972251892,-0.0024490042123943567,9.809914588928223,-5.634178887703456e-05,-0.00028838933212682605,-0.0002567639166954905,270.006776230902,-0.0011633640749124652,0.0027362390768415315
866.2000129073858,-0.06516233831644058,-0.0037274041678756475,9.80990219116211,2.6094660370290512e-06,-0.000509941834025085,-4.4548578443937004e-05,270.00612053274165,-0.0011633631154097657,0.0027291573872604232
866.3000129088759,0.1475890725851059,0.012543048709630966,9.809941291809082,4.395588257466443e-05,-0.0005477675586007535,0.0014654494589194655,270.0116939671044,-0.0011633611964043666,0.0027220625387640203
866.4000129103661,0.2177724689245224,0.013754923827946186,9.810052871704102,2.2055496629036497e-06,-0.0003957204462494701,0.0013090857537463307,270.0193437789748,-0.0011633579066767652,0.0027149482260387437
866.5000129118562,0.13276012241840363,-0.005032831337302923,9.810035705566406,-4.0719845856074244e-05,-0.00019164742843713611,-0.00019296587561257184,270.0209830243756,-0.0011633550281686666,0.0027078215768303786
866.6000129133463,-0.03989870473742485,-0.0012200145283713937,9.81006908416748,4.6284509380711825e-07,-9.145197691395879e-05,-3.3606022043386474e-05,270.02049125075536,-0.0011633524237879556,0.002700699039783043
866.7000129148364,-0.160078763961792,-0.0011773325968533754,9.809999465942383,-1.5726684523542644e-06,-0.00014838144124951214,-5.874912403669441e-06,270.0204092884853,-0.0011633498194356662,0.002693590484083208
866.8000129163265,-0.14264585077762604,0.0013164164265617728,9.809968948364258,3.8998678064672276e-07,-0.0002979622222483158,-1.0676222927941126e-06,270.0204092884853,-0.0011633470779912614,0.002686495087298668
866.9000129178166,-0.03756836801767349,-0.0012261968804523349,9.809942245483398,2.4400321763096144e-07,-0.00042302513611502945,-6.573091013706289e-07,270.0204092884853,-0.0011633444736247611,0.0026794027060988825
867.0000129193068,0.09258227050304413,0.01378108374774456,9.809989929199219,4.4417869503377005e-05,-0.00043756651575677097,0.0014726966619491577,270.0260646851181,-0.0011633407726776568,0.0026723023747211067
867.1000129207969,0.12767541408538818,-4.679328412748873e-05,9.809998512268066,-4.04344464186579e-05,-0.0003463148605078459,-0.0001652876235311851,270.02808642111245,-0.0011633367975747433,0.0026651905292924484
867.200012922287,0.07266539335250854,-0.003774593584239483,9.810057640075684,2.6516415800870163e-06,-0.00023058211081661284,-2.8863392799394205e-05,270.0277039305189,-0.0011633333707834481,0.002658072104406142
867.3000129237771,-0.029928062111139297,0.0012749197194352746,9.8100004196167,7.736917950751376e-07,-0.00017587555339559913,-5.192093794903485e-06,270.0276492890055,-0.0011633298069142484,0.002650956146816454
867.4000129252672,-0.0950380265712738,-0.017511464655399323,9.810019493103027,-4.7089091822272167e-05,-0.00021198308968450874,-0.0014723571948707104,270.0219665716161,-0.001163327750816734,0.0026438489618369624
867.5000129267573,-0.07756096124649048,0.005037399474531412,9.809980392456055,4.0812024963088334e-05,-0.0002999167481902987,0.00016251904889941216,270.01994483562174,-0.0011633254206060428,0.0026367486304591865
867.6000129282475,-0.017515666782855988,1.66565332619939e-05,9.809961318969727,-3.582718591133016e-06,-0.0003698233049362898,2.7585301722865552e-05,270.0203273262153,-0.0011633228162395426,0.0026296499439458225
867.7000129297376,0.05756637826561928,0.0024899758864194155,9.809990882873535,7.409183808704256e-07,-0.0003739818057511002,4.203403932478977e-06,270.0204092884853,-0.0011633202118730424,0.0026225460486951546
867.8000129312277,0.06762117892503738,-0.001263585058040917,9.809999465942383,-5.854507207914139e-07,-0.00032036995980888605,2.504180827145319e-07,270.0204092884853,-0.0011633176074923313,0.0026154361222749762
867.9000129327178,0.04262162744998932,-4.68302550871158e-06,9.81004810333252,-6.988195764279226e-07,-0.0002539689012337476,-3.6194666108713136e-07,270.0204092884853,-0.0011633148660479264,0.002608322357837837
868.0000129342079,-0.019943419843912125,0.0012675717007368803,9.809981346130371,4.629614522855263e-07,-0.000224675823119469,-3.838452471427445e-07,270.0204092884853,-0.0011633122616814262,0.00260121023826511
868.100012935698,-0.0575004406273365,-0.0012190750567242503,9.810029983520508,2.182721914323338e-08,-0.00024798206868581474,-4.0698157022234227e-07,270.0204092884853,-0.0011633096573291368,0.0025941036015737556
868.2000129371881,-0.04499955102801323,0.0012764738639816642,9.810029983520508,1.4633071714342805e-06,-0.00029941470711492,-4.96976895192347e-07,270.0204092884853,-0.0011633070529484257,0.002587000802899362
868.3000129386783,-0.005000445060431957,-0.0012377694947645068,9.809834480285645,5.783191454611369e-07,-0.00033805836574174464,-4.6992118996058707e-07,270.0204092884853,-0.0011633044485819255,0.0025798985525131058
868.4000129401684,0.03256470710039139,0.013808377087116241,9.810136795043945,4.5241638872539625e-05,-0.0003385633754078299,0.0014726008521392941,270.0260373643614,-0.0011633006105569166,0.0025727932865420946
868.5000129416585,0.04008888080716133,-9.147805030806921e-06,9.809961318969727,-4.158511001151055e-05,-0.0003067304496653378,-0.0001643722498556599,270.02808642111245,-0.0011632967725461185,0.002565684456698191
868.6000129431486,0.015081209130585194,-0.0037467987276613712,9.810009956359863,1.5861004385442357e-06,-0.0002689701796043664,-2.873879566323012e-05,270.0277039305189,-0.0011632932086911296,0.002558574256133944
868.7000129446387,-0.004950280301272869,0.0012628617696464062,9.810009956359863,-8.869287739798892e-07,-0.00025316615938208997,-5.122782567923423e-06,270.0276492890055,-0.0011632897818714127,0.0025514646038578346
868.8000129461288,-0.027477102354168892,0.011339103803038597,9.810009956359863,4.377874938654713e-05,-0.00026793061988428235,0.0014710932737216353,270.03325004412494,-0.0011632851214358197,0.0025443574188783427
868.900012947619,-0.027492213994264603,0.0012826139573007822,9.809981346130371,-4.133169204578735e-05,-0.0002974476956296712,-0.00016378551663365215,270.03529910087593,-0.001163280460971805,0.0025372524270514
869.0000129491091,0.0025234431959688663,-0.0037410708609968424,9.8100004196167,5.672202405548887e-07,-0.00031954573933035135,-2.849812517524697e-05,270.0348892895258,-0.0011632759375999058,0.002530147709368526
869.1000129505992,0.010053790174424648,4.377702225610847e-06,9.809981346130371,-5.808926175632223e-07,-0.0003190319403074682,-5.2384243645065e-06,270.0348073272557,-0.001163271551305911,0.002523041620965309
869.2000129520893,0.027562517672777176,-0.01506182923913002,9.810019493103027,-4.5218446757644415e-05,-0.0002990038483403623,-0.001474533462896943,270.02915193062296,-0.0011632686727693908,0.0025159333394095427
869.3000129535794,0.005065486300736666,8.086323759926017e-06,9.8100004196167,4.0818504203343764e-05,-0.0002781320654321462,0.00016300813877023757,270.02710287387197,-0.001163265520119694,0.002508824509565639
869.4000129550695,-0.004957252182066441,-0.007548281457275152,9.8100004196167,-4.7827663365751505e-05,-0.00026954885106533766,-0.001445047790184617,270.02188460934605,-0.0011632633269726966,0.002501715953865804
869.5000129565597,-0.014973094686865807,1.0437546734465286e-05,9.8100004196167,4.127148713450879e-05,-0.00027915171813219786,0.00016764027532190084,270.0199175148651,-0.001163260859684101,0.0024946093171744495
869.6000129580498,-0.019976159557700157,0.0012675425969064236,9.810019493103027,-2.3269624307431513e-06,-0.0002963186416309327,2.8442444090615027e-05,270.0203273262153,-0.0011632583923670836,0.0024875040512034384
869.7000129595399,-0.002475723624229431,0.002511335536837578,9.809931755065918,7.751757493679179e-07,-0.0003086276992689818,4.335050562076503e-06,270.0203273262153,-0.0011632556509368897,0.0024803987852324272
869.80001296103,0.020049840211868286,-0.0012466713087633252,9.810078620910645,1.7715931335260393e-06,-0.00030761261587031186,1.827204982873809e-07,270.0204092884853,-0.0011632530465703894,0.0024732921485410724
869.9000129625201,0.015050730668008327,0.0012551090912893414,9.809942245483398,5.004995387025701e-07,-0.0002955160161945969,-2.958134075470298e-07,270.0204092884853,-0.0011632504422038892,0.002466184141129375
870.0000129640102,0.0025498410686850548,-0.0012404399458318949,9.810029983520508,-4.05140298198603e-07,-0.00028354208916425705,-6.379966634995071e-07,270.0204092884853,-0.001163247837823178,0.0024590755854295397
870.1000129655004,5.073139982414432e-05,0.0012604502262547612,9.810049057006836,-1.2164459803898353e-06,-0.0002797920606099069,-5.723942422264372e-07,270.0204092884853,-0.0011632452334708887,0.0024519673038737736
870.2000129669905,-0.019950158894062042,-0.0012324281269684434,9.809981346130371,1.3110959571349667e-06,-0.0002847886935342103,-5.055145493315649e-07,270.0204092884853,-0.0011632424920264839,0.002444860667182419
870.3000129684806,0.002531574573367834,9.55996620177757e-06,9.809922218322754,-1.2950584959980915e-06,-0.0002950384805444628,-4.656256180624041e-07,270.0204092884853,-0.0011632398876599837,0.002437754030491065
870.4000129699707,-0.002455163048580289,0.01381906308233738,9.810049057006836,4.503080344875343e-05,-0.0003012250817846507,0.0014722716296091676,270.0260373643614,-0.0011632361867128793,0.0024306471196556415
870.5000129714608,0.0025479462929069996,1.4451084098254796e-05,9.8100004196167,-4.076871482538991e-05,-0.0003009094507433474,-0.00016387146024499089,270.02805910035573,-0.0011632323487020813,0.002423540482964287
870.6000129729509,0.005051415413618088,-0.002491964492946863,9.8100004196167,3.482212378003169e-06,-0.00029390136478468776,-2.8845259294030257e-05,270.0277039305189,-0.0011632287848186706,0.0024164330238407267
870.700012974441,0.015043572522699833,-0.01755322515964508,9.809990882873535,-4.438659379957244e-05,-0.00028701176051981747,-0.0014779100893065333,270.0219665716161,-0.0011632267287495779,0.0024093247422849605
870.8000129759312,-0.014948925003409386,0.017574604600667953,9.810019493103027,8.524183067493141e-05,-0.00028496436425484717,0.0016344526084139943,270.02554559074116,-0.0011632231648519564,0.0024022172831614
870.9000129774213,-0.004961356986314058,0.0025128915440291166,9.809990882873535,-4.4612410420086235e-05,-0.0002882538828998804,-0.0001359954330837354,270.0279771380857,-0.0011632193268553692,0.0023951106464700452
871.0000129789114,-0.0024643864016979933,-0.0037383439484983683,9.8100004196167,3.0391513519134605e-06,-0.00029483551043085754,-2.364733154536225e-05,270.0276492890055,-0.0011632157629861695,0.002388004009778691
871.1000129804015,0.002538024913519621,0.0012592443963512778,9.809990882873535,1.8280713902640855e-06,-0.00029800235643051565,-4.554105544229969e-06,270.0276492890055,-0.0011632123361806634,0.002380897098943268
871.2000129818916,-0.0024631808046251535,-0.0012383440043777227,9.809990882873535,-1.0001384680435876e-06,-0.00029684422770515084,-1.2700626257355907e-06,270.0276492890055,-0.0011632087723114637,0.0023737904622519136
871.3000129833817,0.002537422114983201,9.244443390343804e-06,9.8100004196167,-1.5815430742804892e-07,-0.00029311509570106864,-5.600028885055508e-07,270.0276492890055,-0.001163205208428053,0.002366683825560559
871.4000129848719,-0.00246257777325809,1.1656088645395357e-05,9.810039520263672,7.712530987191712e-07,-0.00028973407461307943,-2.8858812584076077e-07,270.0276492890055,-0.0011632017816083362,0.0023595771888692044
871.500012986362,0.002538024913519621,0.0012592443963512778,9.8100004196167,-1.246380861630314e-06,-0.000288325478322804,-4.519436629379925e-07,270.0276492890055,-0.0011631982177675582,0.00235247055217785
871.6000129878521,3.6819208617089316e-05,-0.0012395498342812061,9.809981346130371,-1.3670613725480507e-06,-0.00029046821873635054,-6.783392336728866e-07,270.0276492890055,-0.0011631947909620521,0.0023453636413424267
871.7000129893422,-0.00246257777325809,1.1656046808639076e-05,9.8100004196167,1.3558909586208756e-06,-0.00029351635021157563,-6.088843065299443e-07,270.0276492890055,-0.0011631912270928524,0.0023382570046510723
871.8000129908323,0.002537422114983201,9.244443390343804e-06,9.8100004196167,2.7080341169494204e-07,-0.00029565111617557704,-2.7829165105686116e-07,270.0276492890055,-0.0011631876632094418,0.002331150367959718
871.9000129923224,-0.00246197497472167,0.0012616559397429228,9.809981346130371,-8.306813583658368e-07,-0.0002950514608528465,-4.6867282321727544e-07,270.0276492890055,-0.0011631842364181466,0.0023240437312683636
872.0000129938126,0.0025368190836161375,-0.0012407555477693677,9.810019493103027,1.586774942552438e-07,-0.00029286075732670724,-6.063164619263262e-07,270.0276492890055,-0.001163180672534736,0.002316937094577009
872.1000129953027,-0.00246257777325809,1.1656046808639076e-05,9.8100004196167,1.0861893997571315e-06,-0.0002904148423112929,-2.9502675147341506e-07,270.0276492890055,-0.0011631772457434408,0.002309830183741586
872.2000129967928,0.0025375233963131905,-0.0150502510368824,9.810049057006836,-4.5062457502353936e-05,-0.00028985063545405865,-0.0014732874697074294,270.0219665716161,-0.0011631750525822326,0.0023027235470502315
872.3000129982829,-0.00245820009149611,0.0025113180745393038,9.809931755065918,4.1224393498850986e-05,-0.00029122192063368857,0.00016302049334626645,270.0199175148651,-0.0011631727223573307,0.0022956169103588767
872.400012999773,0.0025418163277208805,0.0025095625314861536,9.810019493103027,-2.6512409476708854e-06,-0.00029293246916495264,2.7920810680370778e-05,270.0203273262153,-0.0011631701179908305,0.0022885102736675223
872.5000130012631,-0.0024590683169662952,1.133685145759955e-05,9.809990882873535,1.793716137399315e-06,-0.0002938338147941977,4.219876245770138e-06,270.0203273262153,-0.001163167513638541,0.0022814034999041337
872.6000130027533,0.0025409297086298466,9.56363419390982e-06,9.810009956359863,6.553437401635165e-07,-0.0002942193241324276,4.148618018007255e-07,270.0203273262153,-0.00116316490925783,0.002274296863212779
872.7000130042434,-0.0024586250074207783,0.0012613364960998297,9.8100004196167,7.777385917506763e-07,-0.00029259503935463727,-4.212580790863285e-07,270.0203273262153,-0.001163162304877119,0.0022671902265214245
872.8000130057335,0.0025404863990843296,-0.001240435754880309,9.8100004196167,1.5787887264195888e-07,-0.00029136394732631743,-4.920130436403269e-07,270.0203273262153,-0.0011631597005248295,0.002260083452758036
872.9000130072236,-0.0024504854809492826,0.013819062151014805,9.810009956359863,4.6106735680950806e-05,-0.00029122200794517994,0.0014723537024110556,270.0260373643614,-0.0011631558624998206,0.0022529768160666815
873.0000130087137,0.0025420987512916327,9.22594335861504e-06,9.809981346130371,-4.2078896512975916e-05,-0.00029179122066125274,-0.00016380619490519166,270.02805910035573,-0.0011631520244748117,0.0022458700423032925
873.1000130102038,-0.002459106734022498,-0.0024883407168090343,9.810009956359863,1.3998443364471314e-06,-0.00029285968048498034,-2.8518692488432862e-05,270.0277039305189,-0.001163148460605612,0.002238763405611938
873.200013011694,0.002541495254263282,-0.0012407571775838733,9.8100004196167,-2.0964360203379329e-07,-0.0002936066302936524,-5.113625775265973e-06,270.0277039305189,-0.0011631450338143168,0.0022316567689205837
873.3000130131841,3.869357897201553e-05,-0.015048004686832428,9.810009956359863,-4.684975283453241e-05,-0.0002933831128757447,-0.001473903306759894,270.0219665716161,-0.0011631428406388977,0.0022245499951571946
873.4000130146742,-0.002448876155540347,0.015069033019244671,9.809990882873535,8.673140109749511e-05,-0.0002920529223047197,0.001635266817174852,270.02554559074116,-0.0011631394138618134,0.0022174433584658403
873.5000130161643,0.002546269679442048,0.0037592295557260513,9.8100004196167,-4.3976215238217264e-05,-0.000291649455903098,-0.00013577543722931296,270.0279771380857,-0.0011631355758368045,0.0022103365847024516
873.6000130176544,-0.00245853909291327,-0.0037383439484983683,9.8100004196167,2.6689083370001754e-06,-0.0002915677323471755,-2.3883992980699986e-05,270.0276492890055,-0.0011631320119676047,0.002203229948011097
873.7000130191445,0.002543872222304344,0.0012592443963512778,9.8100004196167,1.3627574162455858e-06,-0.00029248566715978086,-4.5322162804950494e-06,270.0276492890055,-0.001163128448098405,0.0021961233113197425
873.8000130206347,-0.0024573334958404303,-0.0012383440043777227,9.8100004196167,6.032895498719881e-07,-0.00029299664311110973,-1.2198963759146864e-06,270.0276492890055,-0.001163125021292899,0.002189016537556354
873.9000130221248,0.0025432694237679243,9.244462489732541e-06,9.810019493103027,5.946001238044119e-07,-0.0002934966469183564,-4.468095653464843e-07,270.0276492890055,-0.0011631214574236992,0.0021819099008649995
874.0000130236149,-0.0024567304644733667,1.1656004971882794e-05,9.809961318969727,-8.761637673160294e-07,-0.0002931252238340676,-3.876398011470883e-07,270.0276492890055,-0.0011631180306181932,0.0021748031271016104
874.100013025105,0.002543872222304344,0.0012592443963512778,9.810019493103027,-3.768103056245309e-07,-0.0002930903574451804,-4.828228838960058e-07,270.0276492890055,-0.0011631144667489934,0.002167696490410256
874.2000130265951,-0.0024573334958404303,-0.0012383440043777227,9.8100004196167,-6.328911013042671e-07,-0.00029220100259408355,-4.4809104338128236e-07,270.0276492890055,-0.0011631109028797937,0.0021605898537189016
874.3000130280852,0.0025432694237679243,9.244462489732541e-06,9.810019493103027,2.4892841565815615e-07,-0.0002919575199484825,-5.458379632727883e-07,270.0276492890055,-0.0011631074760742877,0.0021534830799555126
874.4000130295753,-0.0024624750949442387,-0.01504826545715332,9.809981346130371,-4.455089583643712e-05,-0.00029272199026308954,-0.0014727998059242964,270.0219665716161,-0.0011631054199767732,0.002146376443264158
874.5000130310655,0.0025441369507461786,0.0025095806922763586,9.8100004196167,4.225845623295754e-05,-0.00029302347684279084,0.00016283545119222254,270.0199175148651,-0.0011631029526881775,0.0021392696695007696
874.6000130325556,-0.0024558454751968384,0.002511335304006934,9.8100004196167,-3.6853830351901706e-06,-0.000292470445856452,2.79814576060744e-05,270.02030000545864,-0.0011631004853995819,0.0021321630328094148
874.7000130340457,0.0025432691909372807,9.565115760779008e-06,9.8100004196167,-5.7490375127144944e-08,-0.0002925350854638964,4.348695711087203e-06,270.02030000545864,-0.0011630977439409662,0.0021250563961180604
874.8000130355358,-0.0024562880862504244,0.0012613352155312896,9.809981346130371,-1.1590527719818056e-06,-0.000291903706965968,3.1599816452398954e-07,270.02030000545864,-0.001163095139574466,0.0021179496223546718
874.9000130370259,0.002542827045544982,-0.0012404349399730563,9.810019493103027,-1.0586152257019421e-06,-0.00029202114092186093,-1.1361630924966448e-07,270.02030000545864,-0.0011630925352221766,0.0021108429856633174
875.000013038516,-0.0024567306973040104,1.133537352870917e-05,9.8100004196167,-1.5177927252807422e-06,-0.00029193543014116585,-5.766825665887154e-07,270.02030000545864,-0.0011630899308556764,0.0021037362118999283
875.1000130400062,0.0025437118019908667,0.0012595650041475892,9.8100004196167,-1.895626041914511e-06,-0.00029277970315888524,-3.824280838671257e-07,270.02030000545864,-0.0011630873264749653,0.002096629575208574
875.2000130414963,4.2826835851883516e-05,-0.0012395498342812061,9.8100004196167,-1.490265844950045e-06,-0.0002930836344603449,-4.2357203255960485e-07,270.02030000545864,-0.0011630845850305604,0.0020895229385172196
875.3000130429864,-0.0024504875764250755,0.013824282214045525,9.8100004196167,4.507402627496049e-05,-0.00029217099654488266,0.0014722110936418176,270.02601004360474,-0.0011630808840834561,0.0020824161647538305
875.4000130444765,0.002543268259614706,1.44510859172442e-05,9.8100004196167,-4.229166006552987e-05,-0.00029231226653791964,-0.00016405692440457642,270.02805910035573,-0.001163077046072658,0.002075309528062476
875.5000130459666,-0.00245853909291327,-0.0037383439484983683,9.8100004196167,1.5793417560416856e-06,-0.00029226389597170055,-2.844928894774057e-05,270.0276492890055,-0.0011630734822176692,0.0020682027542990875
875.6000130474567,0.002543872222304344,0.0012592443963512778,9.8100004196167,1.3747231264460424e-07,-0.0002918825193773955,-5.342670647223713e-06,270.0276492890055,-0.0011630700553979523,0.002061096117607733
875.7000130489469,-0.0024573334958404303,-0.0012383440043777227,9.8100004196167,3.348287691551377e-07,-0.00029252853710204363,-1.245671910510282e-06,270.0276492890055,-0.0011630664915145417,0.0020539894809163783
875.800013050437,0.0025432694237679243,9.244442480849102e-06,9.8100004196167,-1.5710140814917395e-06,-0.00029243261087685823,-6.089240969231469e-07,270.0276492890055,-0.0011630629276737636,0.0020468827071529897
875.9000130519271,-0.0024567304644733667,1.1656066817522515e-05,9.810019493103027,-9.461733725402155e-07,-0.00029260703013278544,-3.1690183277532924e-07,270.0276492890055,-0.0011630595008682576,0.0020397760704616353
876.0000130534172,0.002543872222304344,0.0012592443963512778,9.809981346130371,1.72559111888404e-07,-0.0002921911363955587,-3.7606307046189613e-07,270.0276492890055,-0.0011630559369706361,0.0020326692966982462
876.1000130549073,-0.0024573334958404303,-0.0012383440043777227,9.8100004196167,-1.117869373956637e-06,-0.00029212114168331027,-3.8891380427230615e-07,270.0276492890055,-0.001163052510179341,0.002025562660006892
876.2000130563974,0.0025432694237679243,9.244442480849102e-06,9.8100004196167,-1.4418185401154915e-06,-0.0002921827253885567,-3.245799859996623e-07,270.0276492890055,-0.001163048946324352,0.0020184560233155375
876.3000130578876,-0.0024567304644733667,1.1656046808639076e-05,9.8100004196167,-7.179000363066734e-07,-0.0002923113643191755,-2.2936440302601113e-07,270.0276492890055,-0.0011630453824267306,0.0020113492495521484
876.4000130593777,0.002543872222304344,0.0012592443963512778,9.8100004196167,-8.336232895089779e-07,-0.00029206156614236534,-3.940036776839406e-07,270.0276492890055,-0.0011630419556212246,0.002004242612860794
876.5000130608678,-0.0024573334958404303,-0.0012383440043777227,9.8100004196167,2.1063925714770448e-07,-0.00029230682412162423,-4.789018817064061e-07,270.0276492890055,-0.0011630383917804465,0.0019971358390974054
876.6000130623579,0.0025432694237679243,9.244442480849102e-06,9.8100004196167,2.231805638075457e-07,-0.0002923763822764158,-4.840459837396338e-07,270.0276492890055,-0.0011630349649749405,0.001990029202406051
876.700013063848,-0.0024624746292829514,-0.015048274770379066,9.8100004196167,-4.511902807280421e-05,-0.00029217504197731614,-0.001473127631470561,270.0219665716161,-0.0011630327717995215,0.0019829225657146963
876.8000130653381,0.0025441376492381096,0.002509581856429577,9.8100004196167,4.112851092941128e-05,-0.00029227585764601827,0.00016306075849570334,270.0199175148651,-0.0011630304415888304,0.0019758157919513076
876.9000130668283,4.415452713146806e-05,0.002510450081899762,9.8100004196167,-3.717424533533631e-06,-0.00029264227487146854,2.775783468678128e-05,270.02030000545864,-0.0011630278372223302,0.0019687091552599532
877.0000130683184,-0.0024567306973040104,1.133535351982573e-05,9.809981346130371,7.546333335994859e-07,-0.00029213138623163104,4.347615686128847e-06,270.02030000545864,-0.001163025232841619,0.001961602381496564
877.1000130698085,0.002543712267652154,0.0012595650041475892,9.810019493103027,6.885236416565021e-07,-0.00029315659776329994,3.92097405210734e-07,270.02030000545864,-0.0011630226284751188,0.00195449574480521
877.2000130712986,-0.0024571733083575964,-0.001238664728589356,9.8100004196167,-2.068657636300486e-07,-0.00029194794478826225,-2.7164622906639124e-07,270.02030000545864,-0.0011630200241086186,0.0019473891081138554
877.3000130727887,0.0025495102163404226,0.013816787861287594,9.8100004196167,4.550101948552765e-05,-0.0002919483813457191,0.001472293515689671,270.02601004360474,-0.0011630161860978205,0.0019402823343504666
877.4000130742788,-0.0024567304644733667,1.1673928383970633e-05,9.8100004196167,-4.163438643445261e-05,-0.00029241014271974564,-0.00016392950783483684,270.02805910035573,-0.0011630123480728116,0.001933175697659112
877.500013075769,0.002541460795328021,-0.003740755608305335,9.8100004196167,2.770981382127502e-06,-0.00029250967781990767,-2.833457983797416e-05,270.0276492890055,-0.0011630089212815165,0.0019260689238957233
877.6000130772591,-0.002456127665936947,0.0012616559397429228,9.8100004196167,9.478870879320311e-07,-0.00029221357544884086,-5.40548489880166e-06,270.0276492890055,-0.0011630053573981058,0.0019189622872043688
877.7000130787492,0.002542666392400861,-0.0012407555477693677,9.8100004196167,-6.009124717820669e-07,-0.00029258965514600277,-1.3367890687732142e-06,270.0276492890055,-0.001163001793528906,0.0019118556505130144
877.8000130802393,-0.0024624750949442387,-0.015047630295157433,9.8100004196167,-4.6218778152251616e-05,-0.00029213770176284015,-0.001473268959671259,270.0219665716161,-0.0011629997374313916,0.0019047488767496255
877.9000130817294,0.0025441376492381096,0.002509581856429577,9.8100004196167,4.110556255909614e-05,-0.0002920872066169977,0.00016291806241497397,270.0199175148651,-0.0011629974072207006,0.001897642240058271
878.0000130832195,-0.0024562880862504244,0.0012613352155312896,9.8100004196167,-2.3980367132026004e-06,-0.00029240240110084414,2.7612562917056493e-05,270.02030000545864,-0.0011629948028684112,0.0018905354662948823
878.1000130847096,0.0025441544130444527,0.002509565092623234,9.8100004196167,5.246050704954541e-07,-0.0002924471045844257,4.37214839621447e-06,270.02030000545864,-0.0011629921984877,0.0018834288296035277
878.2000130861998,-0.00120717310346663,-0.0012391072232276201,9.8100004196167,2.1640431668856763e-09,-0.0002929142501670867,4.7323305807367433e-07,270.02030000545864,-0.001162989594106989,0.0018763221929121734
878.3000130876899,4.3711963371606544e-05,0.0012604501098394394,9.8100004196167,-5.8369920452605584e-08,-0.00029214154346846044,-2.831266954217426e-07,270.02030000545864,-0.0011629869897546996,0.0018692154191487845
878.40001308918,4.2826835851883516e-05,-0.0012395498342812061,9.8100004196167,-7.053193371575617e-07,-0.0002920108090620488,-3.16560942792421e-07,270.02030000545864,-0.0011629842483102948,0.00186210878245743
878.5000130906701,4.9511188990436494e-05,0.013817922212183475,9.8100004196167,4.544570037978701e-05,-0.0002924205327872187,0.001472226926125586,270.02601004360474,-0.0011629805473631905,0.0018550020086940413
878.6000130921602,4.326940324972384e-05,1.045024509949144e-05,9.8100004196167,-4.126851126784459e-05,-0.0002924928558059037,-0.00016369503282476217,270.02805910035573,-0.0011629767093523924,0.0018478953720026867
878.7000130936503,4.146069841226563e-05,-0.0037395497784018517,9.8100004196167,3.002811354235746e-06,-0.000292568642180413,-2.8343236408545636e-05,270.0276492890055,-0.0011629731454689818,0.0018407887353113323
878.8000130951405,4.326939961174503e-05,1.0450244189996738e-05,9.8100004196167,1.0683814934964175e-06,-0.00029221223667263985,-5.411568054114468e-06,270.0276492890055,-0.001162969581599782,0.0018336819615479435
878.9000130966306,4.3872303649550304e-05,0.0012604501098394394,9.8100004196167,3.0411376883421326e-07,-0.00029221028671599925,-1.2991414450880256e-06,270.0276492890055,-0.001162966154794276,0.0018265753248565889
879.0000130981207,4.266649921191856e-05,-0.0012395498342812061,9.8100004196167,-7.15275973561802e-07,-0.0002924898872151971,-5.363310151551559e-07,270.0276492890055,-0.0011629625909250763,0.0018194685510932002
879.1000130996108,4.326939961174503e-05,1.0450244189996738e-05,9.8100004196167,-2.0877700990240555e-06,-0.0002923494321294129,-3.3949851285797195e-07,270.0276492890055,-0.0011629591641195702,0.0018123619144018457
879.2000131011009,4.326948328525759e-05,1.0450264198880177e-05,9.810019493103027,1.5084589222169598e-07,-0.0002919028338510543,-4.938579536428733e-07,270.0276492890055,-0.0011629556002503705,0.0018052552777104913
879.300013102591,4.387221997603774e-05,0.0012604501098394394,9.809981346130371,-2.3347747912794148e-07,-0.0002919462858699262,-4.6941440245973354e-07,270.0276492890055,-0.0011629520363669599,0.0017981485039471024
879.4000131040812,0.0012926665367558599,-0.0012401527492329478,9.8100004196167,-4.857812996306166e-07,-0.00029212504159659147,-4.52692006547295e-07,270.0276492890055,-0.0011629486095756647,0.0017910418672557478
879.5000131055713,-0.001206730492413044,1.1053145499317907e-05,9.8100004196167,-6.054463597138238e-07,-0.00029229780193418264,-3.947998266085051e-07,270.0276492890055,-0.001162945045706465,0.0017839350934923592
879.6000131070614,4.326939961174503e-05,1.0450244189996738e-05,9.8100004196167,-1.470641905143566e-06,-0.0002919493126682937,-3.922119446997385e-07,270.0276492890055,-0.001162941618900959,0.0017768284568010046
879.7000131085515,3.753840792342089e-05,-0.015049263834953308,9.8100004196167,-4.6048731746850535e-05,-0.0002924861910287291,-0.0014731079572811723,270.0219119301027,-0.0011629394257539616,0.0017697218201096503
879.8000131100416,4.995167546439916e-05,0.015067926608026028,9.8100004196167,8.7515807535965e-05,-0.00029188633197918534,0.0016354499384760857,270.0255182699845,-0.0011629359989484556,0.0017626150463462614
879.9000131115317,4.57108071714174e-05,0.005010449793189764,9.8100004196167,-4.303819150663912e-05,-0.00029265566263347864,-0.00013575045159086585,270.0279771380857,-0.0011629321609376575,0.0017555084096549068
880.0000131130219,4.085779801243916e-05,-0.004989549517631531,9.8100004196167,3.3663461636024294e-06,-0.0002924276050180197,-2.3941332983667962e-05,270.0276492890055,-0.0011629285970684577,0.0017484016358915182
880.100013114512,4.326939961174503e-05,1.0450244189996738e-05,9.8100004196167,7.507192094635684e-07,-0.00029180754791013896,-4.523939878708916e-06,270.0276492890055,-0.0011629250331850471,0.0017412949992001636
880.2000131160021,3.7538404285442084e-05,-0.015048807486891747,9.8100004196167,-4.642367275664583e-05,-0.00029262423049658537,-0.0014736391603946686,270.0219119301027,-0.0011629229771159544,0.0017341883625088092
880.3000131174922,4.413783608470112e-05,0.002510450314730406,9.8100004196167,4.1237693949369714e-05,-0.00029253584216348827,0.00016304956807289273,270.0199175148651,-0.0011629206468768416,0.0017270815887454204
880.4000131189823,4.4154141505714506e-05,0.002510450081899762,9.809981346130371,-3.7870499909331556e-06,-0.00029206802719272673,2.7706764740287326e-05,270.0202726847019,-0.0011629180425245522,0.001719974952054066
880.5000131204724,4.326948328525759e-05,1.0450265108374879e-05,9.810019493103027,3.5709979329112684e-07,-0.0002923632273450494,4.40588746641879e-06,270.0202726847019,-0.0011629154381438411,0.0017128681782906771
880.6000131219625,4.371181421447545e-05,0.0012604501098394394,9.8100004196167,9.168619499178021e-07,-0.00029310997342690825,3.9891722281026887e-07,270.0202726847019,-0.00116291283376313,0.0017057615415993225
880.7000131234527,4.28269813710358e-05,-0.0012395498342812061,9.8100004196167,-8.033022425024683e-08,-0.00029202247969806194,-2.50680443514284e-07,270.0202726847019,-0.0011629102294108407,0.0016986549049079682
880.8000131249428,4.9511188990436494e-05,0.013817922212183475,9.8100004196167,4.6309432946145535e-05,-0.00029237609123811126,0.0014723055064678192,270.02601004360474,-0.0011629063913858317,0.0016915481311445793
880.9000131264329,4.326940324972384e-05,1.045024509949144e-05,9.8100004196167,-4.1656770918052644e-05,-0.00029246415942907333,-0.0001638236572034657,270.02805910035573,-0.0011629025533608228,0.001684441494453225
881.000013127923,4.146069841226563e-05,-0.0037395497784018517,9.8100004196167,2.7327439511282137e-06,-0.0002925651497207582,-2.8440970709198155e-05,270.0276492890055,-0.0011628989895200448,0.001677334720689836
881.1000131294131,0.0012938723666593432,0.0012598471948876977,9.8100004196167,9.309414963354357e-07,-0.00029218022245913744,-5.411545771494275e-06,270.0276492890055,-0.0011628955627145388,0.0016702280839984815
881.2000131309032,-0.0012073334073647857,-0.0012389469193294644,9.8100004196167,2.0068910089321434e-07,-0.0002928965841419995,-1.2630982837436022e-06,270.0276492890055,-0.001162891998845339,0.0016631214473071271
881.3000131323934,4.326939961174503e-05,1.0450244189996738e-05,9.8100004196167,-7.254369620568468e-07,-0.00029253331013023853,-5.556026962949545e-07,270.0276492890055,-0.0011628884349477175,0.0016560146735437383
881.4000131338835,4.326939961174503e-05,1.0450244189996738e-05,9.8100004196167,-9.935831712937215e-07,-0.0002921204431913793,-4.6168386802492023e-07,270.0276492890055,-0.0011628850081706332,0.001648908036852384
881.5000131353736,4.3872303649550304e-05,0.0012604501098394394,9.8100004196167,3.079319981225126e-07,-0.0002920804254245013,-5.787437089566083e-07,270.0276492890055,-0.0011628814442730118,0.001641801263088995
881.6000131368637,4.266649921191856e-05,-0.0012395498342812061,9.8100004196167,-1.3006885524191603e-07,-0.00029209390049800277,-4.925751682094415e-07,270.0276492890055,-0.0011628780174675057,0.0016346946263976405
881.7000131383538,4.326948328525759e-05,1.0450264198880177e-05,9.810019493103027,-5.874867952115892e-07,-0.00029216569964773953,-3.3308879210380837e-07,270.0276492890055,-0.0011628744536267277,0.0016275879897062861
881.8000131398439,4.3269315938232467e-05,1.0450224181113299e-05,9.809981346130371,-7.786471201143286e-07,-0.00029221942531876266,-3.896765576882899e-07,270.0276492890055,-0.001162870889743317,0.0016204812159428972
881.9000131413341,4.3872303649550304e-05,0.0012604501098394394,9.8100004196167,-8.261148423116538e-07,-0.00029225132311694324,-2.944742050203786e-07,270.0276492890055,-0.0011628674629236002,0.0016133745792515429
882.0000131428242,4.266649921191856e-05,-0.0012395498342812061,9.8100004196167,-8.576284358241537e-07,-0.0002922136918641627,-4.616862838702218e-07,270.0276492890055,-0.0011628638990686113,0.001606267805488154
882.1000131443143,4.326939961174503e-05,1.0450244189996738e-05,9.8100004196167,-9.051624374478706e-07,-0.00029214334790594876,-3.098846264038002e-07,270.0276492890055,-0.0011628604722773161,0.0015991611687967994
882.2000131458044,4.326939961174503e-05,1.0450244189996738e-05,9.8100004196167,-9.125959650191362e-07,-0.00029210132197476923,-4.3851304099007393e-07,270.0276492890055,-0.0011628569083939055,0.001592054532105445
882.3000131472945,3.60016492777504e-05,-0.021324073895812035,9.8100004196167,-6.44810133962892e-05,-0.00029201226425357163,-0.002082796534523368,270.0196169865416,-0.0011628554006080094,0.0015849477583420562
882.4000131487846,4.3997766624670476e-05,0.002505224896594882,9.8100004196167,5.7827113778330386e-05,-0.0002924083382822573,0.00023057876387611032,270.01669366557684,-0.0011628536186520932,0.0015778411216507018
882.5000131502748,4.590629760059528e-05,0.008760446682572365,9.8100004196167,-4.543588147498667e-06,-0.0002925058943219483,3.9235073927557096e-05,270.0172674014671,-0.001162851014285593,0.0015707344849593473
882.6000131517649,4.678345430875197e-05,0.008817926049232483,9.809981346130371,4.5653770939679816e-05,-0.000292864628136158,0.0014790496788918972,270.02300476036993,-0.0011628475874942978,0.0015636277111959584
882.700013153255,4.381605322123505e-05,0.001260449760593474,9.810019493103027,-4.037794496980496e-05,-0.00029250126681290567,-0.00016272530774585903,270.0250538171209,-0.0011628441606887918,0.001556521074504604
882.8000131547451,3.896356065524742e-05,-0.009989550337195396,9.8100004196167,4.003643425676273e-06,-0.0002928113390225917,-2.8789778298232704e-05,270.0246713265274,-0.0011628415563222916,0.0015494143007412152
882.9000131562352,0.0012938076397404075,0.0012599119218066335,9.8100004196167,3.801163188654755e-07,-0.0002928068570327014,-5.445175702334382e-06,270.0246713265274,-0.0011628389519557913,0.0015423076640498608
883.0000131577253,-0.0012072687968611717,-0.0012390116462484002,9.8100004196167,-2.171427837538431e-07,-0.0002924349100794643,-9.275224215343769e-07,270.0246713265274,-0.0011628363475750803,0.0015352010273585062
883.1000131592155,4.326939961174503e-05,1.045024509949144e-05,9.8100004196167,-1.6101628261822043e-06,-0.0002924163709394634,-4.3997908960591303e-07,270.0246713265274,-0.0011628336061448863,0.0015280942535951174
883.2000131607056,4.3807631300296634e-05,0.0012604501098394394,9.8100004196167,-4.6053082769503817e-07,-0.00029246791382320225,-5.120049877405108e-07,270.0246713265274,-0.001162831001778386,0.001520987616903763
883.3000131621957,4.2731167923193425e-05,-0.0012395498342812061,9.8100004196167,1.1341741128489957e-06,-0.0002924863074440509,-6.149294904389535e-07,270.0246713265274,-0.0011628283974118858,0.0015138808431403741
883.4000131636858,4.3807631300296634e-05,0.0012604501098394394,9.8100004196167,1.5612545212206896e-06,-0.0002921326959040016,-6.136669412626361e-07,270.0246713265274,-0.0011628257930453856,0.0015067742064490198
883.5000131651759,4.2731255234684795e-05,-0.0012395496014505625,9.810019493103027,3.2452112463943195e-07,-0.00029245545738376677,-4.490277376589802e-07,270.0246713265274,-0.0011628231886646745,0.0014996675697576652
883.600013166666,4.3807543988805264e-05,0.0012604501098394394,9.809981346130371,1.8301201976100856e-07,-0.0002924219879787415,-4.5159646333559067e-07,270.0246713265274,-0.0011628204472202697,0.0014925607959942763
883.7000131681561,4.2731167923193425e-05,-0.0012395498342812061,9.8100004196167,8.215181424020557e-08,-0.00029240574804134667,-4.5288086880646006e-07,270.0246713265274,-0.0011628178428679803,0.001485454159302922
883.8000131696463,4.326939961174503e-05,1.045024509949144e-05,9.8100004196167,-1.072619056685653e-06,-0.00029205367900431156,-4.901776833321492e-07,270.0246713265274,-0.00116281523850148,0.001478347385539533
883.9000131711364,-0.001206192304380238,0.0012609882978722453,9.8100004196167,-4.212266446756985e-08,-0.0002924530708696693,-3.666867769425153e-07,270.0246713265274,-0.001162812634106558,0.001471240885920213
884.0000131726265,0.0012927311472594738,-0.001240088022314012,9.8100004196167,-8.514074778531722e-08,-0.0002924887521658093,-5.364802859730844e-07,270.0246713265274,-0.0011628100297542687,0.0014641342492288584
884.1000131741166,4.3807631300296634e-05,0.0012604501098394394,9.8100004196167,-4.8952358611131785e-08,-0.00029251075466163456,-4.721569837329298e-07,270.0246713265274,-0.0011628072883240748,0.0014570274754654698
884.2000131756067,4.2731167923193425e-05,-0.0012395498342812061,9.8100004196167,-1.0825104368450411e-08,-0.00029245432233437896,-5.557611757467384e-07,270.0246713265274,-0.0011628046839575745,0.0014499208387741152
884.3000131770968,4.3807631300296634e-05,0.0012604501098394394,9.8100004196167,5.0507765081420075e-08,-0.00029240574804134667,-4.901537522528088e-07,270.0246713265274,-0.0011628020795768634,0.0014428142020827608
884.400013178587,4.2731167923193425e-05,-0.0012395498342812061,9.8100004196167,-9.809893981582718e-07,-0.0002920307742897421,-3.692348968797887e-07,270.0246713265274,-0.0011627994752103632,0.001435707428319372
884.5000131800771,4.3807631300296634e-05,0.0012604501098394394,9.8100004196167,1.1420632972658495e-07,-0.0002923960564658046,-4.6185300561774056e-07,270.0246713265274,-0.001162796870843863,0.0014286007916280174
884.6000131815672,4.2731167923193425e-05,-0.0012395498342812061,9.8100004196167,1.2565294582600472e-07,-0.000292426731903106,-4.7600119046364853e-07,270.0246713265274,-0.0011627941293852473,0.0014214940178646288
884.7000131830573,4.326939961174503e-05,1.045024509949144e-05,9.8100004196167,-9.465787229601119e-07,-0.0002921053091995418,-3.7180225831434655e-07,270.0246713265274,-0.001162791525018747,0.0014143873811732742
884.8000131845474,4.3807631300296634e-05,0.0012604501098394394,9.8100004196167,-9.277752042180509e-07,-0.0002921592677012086,-3.8337324781423376e-07,270.0246713265274,-0.0011627889206664577,0.0014072807444819198
884.9000131860375,4.2731167923193425e-05,-0.0012395498342812061,9.8100004196167,-8.987058208731469e-07,-0.000292203709250316,-4.515391083259601e-07,270.0246713265274,-0.0011627863162999574,0.001400173970718531
885.0000131875277,4.3807631300296634e-05,0.0012604501098394394,9.8100004196167,-9.149909487859986e-07,-0.0002922164276242256,-3.1388711363433686e-07,270.0246713265274,-0.0011627837119050355,0.0013930673340271764
885.1000131890178,4.2731167923193425e-05,-0.0012395498342812061,9.8100004196167,-8.992238349492254e-07,-0.00029217739938758314,-4.618063087491464e-07,270.0246713265274,-0.0011627809704748415,0.0013859605602637877
885.2000131905079,4.3807631300296634e-05,0.0012604501098394394,9.8100004196167,-9.196415931000956e-07,-0.0002921308041550219,-3.8204450447665295e-07,270.0246713265274,-0.0011627783661225521,0.0013788539235724331
885.300013191998,4.2731167923193425e-05,-0.0012395498342812061,9.8100004196167,-9.41646248975303e-07,-0.0002921247505582869,-3.9876110236036766e-07,270.0246713265274,-0.001162775761741841,0.0013717472868810788
885.4000131934881,4.326939961174503e-05,1.045024509949144e-05,9.8100004196167,1.6514007938894792e-08,-0.0002925068256445229,-5.093811523693148e-07,270.0246713265274,-0.00116277315736113,0.00136464051311769
885.5000131949782,4.3807631300296634e-05,0.0012604501098394394,9.8100004196167,-2.757144557108404e-08,-0.0002925696026068181,-4.887912723461341e-07,270.0246713265274,-0.0011627705530088406,0.0013575338764263353
885.6000131964684,0.0012927311472594738,-0.001240088022314012,9.8100004196167,-8.01350097390241e-10,-0.0002925897133536637,-4.54045192554986e-07,270.0246713265274,-0.0011627678115644358,0.0013504271026629467
885.7000131979585,-0.001206192304380238,0.0012609882978722453,9.809981346130371,1.8441114661982283e-06,-0.0002925719309132546,-5.942624738963787e-07,270.0246713265274,-0.0011627652071979355,0.001343320465971592
885.8000131994486,4.2731255234684795e-05,-0.0012395496014505625,9.810019493103027,1.868837898655329e-06,-0.00029254110995680094,-4.6565455136260425e-07,270.0246713265274,-0.0011627626028314353,0.0013362138292802377
885.9000132009387,4.3807631300296634e-05,0.0012604501098394394,9.8100004196167,1.9069793779635802e-06,-0.0002925025182776153,-6.136172601145518e-07,270.0246713265274,-0.001162759998479146,0.0013291070555168489
886.0000132024288,4.2733405280159786e-05,-0.0012395498342812061,9.8100004196167,1.1512319133544224e-06,-0.0002921369450632483,-7.255603122757748e-07,270.0245893642574,-0.001162757394084224,0.0013220004188254945
886.1000132039189,4.380539758130908e-05,0.0012604501098394394,9.8100004196167,1.9467058791633463e-06,-0.00029252973035909235,-5.017704438614601e-07,270.0245893642574,-0.00116275465265403,0.0013148936450621056
886.200013205409,4.2733405280159786e-05,-0.0012395498342812061,9.8100004196167,1.9575563783291727e-06,-0.00029255522531457245,-5.249554533293121e-07,270.0245893642574,-0.0011627520482875298,0.001307787008370751
886.3000132068992,4.326948328525759e-05,1.0450265108374879e-05,9.810019493103027,9.03768864191079e-08,-0.0002925678563769907,-5.031124601373449e-07,270.0245893642574,-0.0011627494439068187,0.0013006803716793967
886.4000132083893,4.380531390779652e-05,0.0012604501098394394,9.809981346130371,-9.201189641316887e-07,-0.00029221101431176066,-2.7027110149902e-07,270.0245893642574,-0.0011627468395403184,0.0012935735979160078
886.5000132098794,4.2733405280159786e-05,-0.0012395498342812061,9.8100004196167,-9.404755587638647e-07,-0.0002921645063906908,-3.0499191439048445e-07,270.0245893642574,-0.0011627442351738182,0.0012864669612246535
886.6000132113695,4.380539758130908e-05,0.0012604501098394394,9.8100004196167,7.56951692437724e-08,-0.00029248694772832096,-4.850749064644333e-07,270.0245893642574,-0.0011627414937436242,0.0012793601874612646
886.7000132128596,4.2733405280159786e-05,-0.0012395498342812061,9.8100004196167,9.984850635191833e-08,-0.00029249044018797576,-3.654367901617661e-07,270.0245893642574,-0.0011627388893629131,0.00127225355076991
886.8000132143497,4.380539758130908e-05,0.0012604501098394394,9.8100004196167,7.590031714244105e-08,-0.0002925442240666598,-3.8215304698496766e-07,270.0245893642574,-0.001162736284996413,0.0012651469140785557
886.9000132158399,4.2733405280159786e-05,-0.0012395498342812061,9.8100004196167,5.6515659707656596e-08,-0.00029254957917146385,-5.274995942272653e-07,270.0245893642574,-0.0011627336806299127,0.0012580401403151668
887.00001321733,5.3157800721237436e-05,0.01882314495742321,9.8100004196167,4.534416439128108e-05,-0.00029283331241458654,0.0014722615014761686,270.03021744013347,-0.001162729294335918,0.0012509335036238124
887.1000132188201,5.2366471209097654e-05,0.013823148794472218,9.809981346130371,3.81155268769362e-06,-0.0002923683787230402,0.001308993436396122,270.03792189351725,-0.001162723948525013,0.0012438267298604236
887.2000132203102,4.068204725626856e-05,-0.003734324360266328,9.810019493103027,-4.084362444700673e-05,-0.0002924795844592154,-0.00019194599008187652,270.0395338181614,-0.0011627187397778016,0.001236720093169069
887.3000132218003,0.0012873036321252584,-0.00873517245054245,9.810019493103027,1.8299160728929564e-06,-0.00029325217474251986,-3.357500827405602e-05,270.0390693652978,-0.001162714353483807,0.0012296134564777146
887.4000132232904,-0.0011921232799068093,0.01882411725819111,9.809981346130371,4.408562745084055e-05,-0.00029316579457372427,0.0014664394548162818,270.04464279966055,-0.0011627083222975898,0.0012225066827143258
887.5000132247806,4.3269392335787416e-05,1.5675366739742458e-05,9.8100004196167,-4.2612671677488834e-05,-0.00029277586145326495,-0.00016477979079354554,270.0466645356549,-0.0011627022911397944,0.0012154000460229714
887.6000132262707,3.6204604839440435e-05,-0.008734321221709251,9.8100004196167,2.8970484891033266e-06,-0.0002923475985880941,-2.8957176255062222e-05,270.04628204506133,-0.0011626969453146785,0.0012082932722595825
887.7000132277608,4.9324928113492206e-05,0.007515671197324991,9.8100004196167,1.2116422567487461e-06,-0.0002923344145528972,-5.27041947862017e-06,270.04628204506133,-0.0011626910512205768,0.001201186635568228
887.8000132292509,4.427597014000639e-05,0.001260449644178152,9.8100004196167,-8.20635079890053e-07,-0.000292333890683949,-1.309922936343355e-06,270.04614544127793,-0.0011626848829848768,0.0011940799988768736
887.900013230741,3.000363903993275e-05,-0.018798084929585457,9.8100004196167,-4.792432810063474e-05,-0.0002923472202382982,-0.0014730967814102769,270.0405446861585,-0.0011626804966766713,0.0011869732251134847
888.0000132322311,3.6822711990680546e-05,-0.011301377788186073,9.8100004196167,-3.684495140987565e-06,-0.00029244498000480235,-0.0013098029885441065,270.03284023277473,-0.0011626772069490698,0.0011798665884221304
888.1000132337213,3.8256344851106405e-05,-0.011302794329822063,9.8100004196167,-6.212356311152689e-06,-0.0002924495202023536,-0.001281692530028522,270.02554559074116,-0.0011626747396604742,0.0011727598146587415
888.2000132352114,4.5361437514657155e-05,0.005005225073546171,9.809981346130371,3.757504600798711e-05,-0.0002924104919657111,0.0001959188812179491,270.0239883076104,-0.0011626719982160694,0.001165653177967387
888.3000132367015,4.700684439740144e-05,0.008755224756896496,9.810019493103027,-1.956301730388077e-06,-0.00029205423197709024,3.33737007167656e-05,270.02448008123065,-0.0011626684343468696,0.0011585465412760326
888.4000132381916,-0.12392091751098633,-0.008691752329468727,9.810076713562012,1.9163956039847108e-06,0.00017991734785027802,6.274041879805736e-06,270.0245620435007,-0.0011626656929166757,0.001151451007419458
888.5000132396817,-0.7772067785263062,-0.0021563260816037655,9.810120582580566,1.0408962225483265e-06,0.000714941939804703,3.2248726711259224e-06,270.0245893642574,-0.0011626630885217537,0.0011444250376203009
888.6000132411718,-1.5145272016525269,0.0006600855267606676,9.809823989868164,-1.2047576092300005e-07,0.0007102150120772421,3.281528734078165e-06,270.02461668501405,-0.0011626603470915597,0.0011375351118152062
888.700013242662,-1.8265702724456787,0.0020442046225070953,9.809358596801758,6.220845989446389e-07,0.00017718842718750238,3.538127430147142e-06,270.0246440057707,-0.0011626577427250595,0.001130808987091124
888.8000132441521,-1.5892235040664673,-0.0005572931841015816,9.809284210205078,6.607589284612914e-07,-0.0005367049016058445,2.5714875846460927e-06,270.0246440057707,-0.0011626551383443484,0.0011242253487467174
888.9000132456422,-1.0074968338012695,0.0016931866994127631,9.809499740600586,8.959783599493676e-07,-0.001038022805005312,1.110661401071411e-06,270.0246713265274,-0.0011626525339778482,0.0011177320408729278
889.0000132471323,-0.48054271936416626,-0.0010334077524021268,9.809854507446289,-9.242521628038958e-07,-0.001011025975458324,4.5711672669312975e-07,270.0246713265274,-0.0011626499296255588,0.0011112815680098633
889.1000132486224,-0.35512369871139526,0.0014127693139016628,9.810029029846191,1.1069795391449588e-06,-0.0005241611506789923,9.120483355218312e-07,270.0246713265274,-0.001162647188181154,0.0011048631014668124
889.2000132501125,-0.6927449107170105,-0.0009419083362445235,9.810090065002441,1.1217680366826244e-06,6.8062072386965156e-06,1.7412324950782931e-06,270.0246713265274,-0.0011626445838004429,0.001098506591483274
889.3000132516026,-1.1619797945022583,0.0005106189055368304,9.809941291809082,6.201136102390592e-07,0.00019208452431485057,2.380367504883907e-06,270.0246986472841,-0.0011626419794339427,0.001092254324781836
889.4000132530928,-1.43119478225708,0.0018771796021610498,9.80960464477539,-3.667391297312861e-07,-3.418281994527206e-05,3.0468579552689334e-06,270.02475328879746,-0.0011626393750816533,0.0010861303575045217
889.5000132545829,-1.3350545167922974,0.012002727016806602,9.809535026550293,3.9200949686346576e-05,-0.0004627944144885987,0.001288862433284521,270.02967102499986,-0.0011626355370566444,0.0010801261226491858
889.600013256073,-0.9785225987434387,0.0005436940700747073,9.809598922729492,-3.8798647437943146e-05,-0.0008195766713470221,-0.00016575210611335933,270.0313102704007,-0.00116263183610954,0.0010742096138958146
889.7000132575631,-0.5967849493026733,-0.005918449256569147,9.809863090515137,2.5007184376590885e-06,-0.0008540745475329459,-2.477700763847679e-05,270.03092777980714,-0.0011626286834456323,0.001068346494699811
889.8000132590532,-0.46269455552101135,0.005258926656097174,9.809951782226562,-5.578715445153648e-08,-0.0005525352898985147,-3.1899887744657462e-06,270.03087313829377,-0.0011626252566543371,0.0010625249083302066
889.9000132605433,-0.6552239656448364,-0.000887369504198432,9.81005859375,7.90224987667898e-08,-0.0001712729863356799,7.381460136457463e-07,270.03087313829377,-0.0011626216927709265,0.001056761988791291
890.0000132620335,-0.9892935156822205,-0.014588250778615475,9.809917449951172,-3.564048165571876e-05,-6.889192150083545e-07,-0.001232687383890152,270.02614664738815,-0.0011626196367018338,0.0010510877548585804
890.1000132635236,-1.1958719491958618,-0.0007215960649773479,9.809751510620117,3.608342740335502e-05,-0.00013299369311425835,0.00016574471374042332,270.02461668501405,-0.0011626174435406256,0.0010455207797927253
890.2000132650137,-1.153472661972046,0.008013296872377396,9.80964183807373,-2.5810049919527955e-06,-0.0004423994105309248,2.5958685000659898e-05,270.02502649636426,-0.0011626148391741253,0.0010400572941127817
890.3000132665038,-0.8920171856880188,-0.0008503886638209224,9.809709548950195,-1.7469774320488796e-06,-0.0007202285341918468,4.677714969147928e-06,270.0250538171209,-0.001162612234807625,0.0010346736528928297
890.4000132679939,-0.5941451191902161,0.0015198085457086563,9.809843063354492,1.0272580084347283e-06,-0.000764095748309046,7.570733373540861e-07,270.02508113787763,-0.001162609630426914,0.0010293432641582108
890.500013269484,-0.4826304018497467,-0.002278888365253806,9.809962272644043,-3.3993319448200054e-07,-0.0005399041692726314,7.64538185649144e-07,270.02508113787763,-0.0011626070260746246,0.00102405612165042
890.6000132709742,-0.6238781809806824,0.002782940398901701,9.81006908416748,-4.682856911131239e-07,-0.00023723168123979121,8.645752131997142e-07,270.02508113787763,-0.0011626044216939135,0.0010188249045326317
890.7000132724643,-0.8916464447975159,-0.0008494338253512979,9.809860229492188,-1.2866286169810337e-06,-9.714850602904335e-05,1.3223419728092267e-06,270.02513577939095,-0.0011626018173416242,0.001013673600410852
890.8000132739544,-1.058161735534668,0.0017234387341886759,9.809833526611328,-3.9642969795750105e-07,-0.0002045332657871768,1.844723328758846e-06,270.02513577939095,-0.001162599212975124,0.0010086172186728388
890.9000132754445,-1.0182404518127441,-0.010793489404022694,9.809725761413574,-3.57793169314391e-07,-0.0004660579143092036,1.6185957747438806e-06,270.02516310014767,-0.0011625974310334186,0.0010036521269096827
891.0000132769346,-0.7880468964576721,0.00160555774345994,9.809748649597168,1.3411895452009048e-06,-0.0006994542200118303,1.0400332257631817e-06,270.02516310014767,-0.0011625956490775025,0.0009987576957802187
891.1000132784247,-0.5377234220504761,0.00024582556216046214,9.809870719909668,1.3932697129348526e-06,-0.0007263802690431476,6.335585567285307e-07,270.02516310014767,-0.001162593867150008,0.000993911376934801
891.2000132799149,-0.45250454545021057,-0.0010414831340312958,9.8100004196167,-1.3019744073972106e-06,-0.0005148508935235441,1.1617251516327087e-07,270.02516310014767,-0.0011625922223004181,0.0009891056314115419
891.300013281405,-0.5962952375411987,0.0015216127503663301,9.809999465942383,1.3013701618547202e-06,-0.0002454551577102393,8.106038649202674e-07,270.02516310014767,-0.0011625904403587128,0.0009843532754456505
891.4000132828951,-0.8402867913246155,-0.0008713982533663511,9.809956550598145,1.2958830666320864e-06,-0.0001389472308801487,1.165517232948332e-06,270.02516310014767,-0.0011625886584312184,0.0009796763090986352
891.5000132843852,-0.9805203080177307,0.001690517645329237,9.809794425964355,-1.2875998436356895e-06,-0.0002632253454066813,1.1912693480553571e-06,270.0251904209043,-0.001162586876489513,0.000975087274461636
891.6000132858753,-0.6261488199234009,0.00028507382376119494,9.805493354797363,2.6341399461671244e-07,-0.0031772349029779434,-5.044810222898377e-06,270.0251904209043,-0.001162585094533597,0.0009705543708226909
891.7000132873654,0.18656383454799652,-0.0013219353277236223,9.812234878540039,-1.4358876114783925e-06,-0.00048234075075015426,3.4932568269141484e-06,270.0251904209043,-0.001162583449684007,0.0009660046073235245
891.8000132888556,-0.4996265769004822,0.0014795978786423802,9.80504322052002,1.0421267688798252e-06,-0.00023033820616547018,1.558830263093114e-06,270.0251904209043,-0.0011625816677565126,0.0009614996663795806
891.9000132903457,-0.5861536860466003,0.00026784135843627155,9.800849914550781,-3.8830376070109196e-07,0.0007364467019215226,1.4521516504828469e-06,270.02521774166104,-0.0011625798858005965,0.0009570472925607985
892.0000132918358,-1.364437222480774,-0.0006400295533239841,9.827162742614746,2.7076114861301903e-07,0.0007083645323291421,1.6401775155827636e-06,270.02521774166104,-0.0011625781038588912,0.0009527172555326471
892.1000132933259,-1.2641932964324951,0.24082066118717194,9.813051223754883,0.0003378724795766175,-0.00027236761525273323,0.0188759695738554,270.1118245403368,-0.001162555075765681,0.0009485007141489125
892.200013294816,-0.3412623107433319,0.0552690327167511,9.808473587036133,-0.00025381825980730355,-0.0010031083365902305,0.00982893630862236,270.17856914890615,-0.0011625273872226671,0.0009443147398288314
892.3000132963061,0.13167256116867065,-0.016507282853126526,9.80860424041748,-7.962968811625615e-05,-0.0002604124019853771,0.007198698818683624,270.2242767748319,-0.001162500932323951,0.0009401167717057472
892.4000132977962,-0.5904707312583923,0.004110108595341444,9.80928897857666,-3.01287836919073e-05,0.0007671464700251818,0.005011797416955233,270.2607773057564,-0.0011624743403331195,0.0009359717819239277
892.5000132992864,-1.2905116081237793,0.010391276329755783,9.80945110321045,-1.1173959137522615e-05,0.0005149435601197183,0.001303548226132989,270.2897099870806,-0.0011624474742291113,0.0009319425494750915
892.6000133007765,-0.9824216365814209,0.006713438779115677,9.809232711791992,2.057703568425495e-06,-0.0004433643480297178,-6.968717207200825e-05,270.3137249322024,-0.0011624206081108923,0.0009280014543443229
892.7000133022666,-0.16110610961914062,0.003491549752652645,9.80962085723877,1.7519851098768413e-06,-0.000802768103312701,-0.0006904013571329415,270.33265821658165,-0.0011623934678226533,0.0009240746147051237
892.8000133037567,-0.006364001892507076,-0.0011635967530310154,9.810049057006836,6.76533454679884e-06,4.8408808652311563e-05,-0.0018821840640157461,270.3476299912423,-0.0011623663275770468,0.0009201483918900788
892.9000133052468,-0.7799595594406128,0.006220958195626736,9.810234069824219,1.40164293043199e-05,0.0007859047036617994,-0.003088961588218808,270.36150893563575,-0.0011623391873172295,0.0009162920758125373
893.000013306737,-1.2543301582336426,0.0006439052522182465,9.8097505569458,1.30072749016108e-07,0.00026201389846391976,-0.004683929495513439,270.37134440804056,-0.0011623125953406088,0.0009125482958751725
893.1000133082271,-0.6890375018119812,0.0020821928046643734,9.8095703125,1.5341691323556006e-05,-0.0007182796252891421,-0.004577229265123606,270.3797045595847,-0.001162286414583491,0.0009088662668892688
893.2000133097172,0.07296577095985413,0.0020327901002019644,9.809869766235352,1.1832051313831471e-05,-0.0006309005548246205,-0.00462006451562047,270.38729972994173,-0.001162259959684775,0.0009051776584457176
893.3000133112073,0.18920056521892548,1.8939210176467896,9.80831527709961,0.007662841584533453,-0.0010959983337670565,0.2090701460838318,271.1193594051837,-0.001162063809601932,0.0009014752742627175
893.4000133126974,1.8070343732833862,4.069929599761963,9.801987648010254,0.004888406954705715,-0.0021505113691091537,0.39807015657424927,273.02500950437394,-0.0011614955089385148,0.00089763019809199
893.5000133141875,4.1000471115112305,2.3536648750305176,9.803997039794922,-0.0010616243816912174,-0.0023682245519012213,0.3735823333263397,275.1466028643633,-0.00116068486492793,0.0008934375757782444
893.6000133156776,4.90789270401001,0.9997127056121826,9.835522651672363,0.0004859000910073519,-3.1891977414488792e-06,0.34165844321250916,277.0596568886138,-0.0011597323513683477,0.0008888190021178493
893.7000133171678,2.3125667572021484,0.6813321113586426,9.779866218566895,0.0008227725047618151,0.0003763162239920348,0.2642349898815155,278.70606032766705,-0.0011586885478322984,0.0008840047581284624
893.8000133186579,3.3929073810577393,0.718635082244873,9.800010681152344,0.0014291837578639388,-0.0010083392262458801,0.2378106564283371,280.1011401260205,-0.0011575286442848665,0.0008789022516509006
893.900013320148,4.214812278747559,0.7630128860473633,9.807202339172363,0.00158260902389884,-0.0031618643552064896,0.2222939282655716,281.3271317612811,-0.0011562278306769258,0.000873442603987918
894.0000133216381,4.890597820281982,2.794550895690918,9.802637100219727,0.010150143876671791,-7.083825767040253e-05,0.4259644150733948,283.25707001315993,-0.0011545835145483352,0.0008676133415843916
894.1000133231282,4.26281213760376,6.081650733947754,9.787964820861816,0.01733202114701271,0.0024116234853863716,0.7626290321350098,286.72677879076974,-0.001152308804137192,0.0008615744960403899
894.2000133246183,3.9447286128997803,9.076905250549316,9.763811111450195,0.01598435640335083,0.005305273458361626,1.0522009134292603,292.0657737404286,-0.00114914943081601,0.0008555127594666567
894.3000133261085,3.6200993061065674,9.919323921203613,9.751190185546875,0.010140441358089447,0.008740006014704704,1.2057725191116333,298.61669013565785,-0.0011450568710813513,0.0008495904251518269
894.4000133275986,1.0978870391845703,10.882962226867676,9.737147331237793,0.012264221906661987,0.014572300016880035,1.4046552181243896,306.12202984474806,-0.0011401213868964533,0.0008441614816245321
894.5000133290887,-2.837146759033203,13.1522216796875,9.70710563659668,0.01227676123380661,0.019211076200008392,1.6066921949386597,314.72787695366736,-0.0011345306298267133,0.0008397400860855063
894.6000133305788,-3.569242477416992,12.337481498718262,9.71454906463623,-0.0011057700030505657,0.012758253142237663,1.4570584297180176,323.34519878039225,-0.001128538937052781,0.000836393609439618
894.7000133320689,-1.666788101196289,10.172967910766602,9.733234405517578,0.0025928225368261337,0.009036746807396412,1.3805805444717407,331.3010577671365,-0.001122242464631995,0.0008339146616989408
894.800013333559,1.3161945343017578,8.385753631591797,9.756118774414062,-0.004408393986523151,0.0033166916109621525,1.121983289718628,338.1943032435668,-0.0011155581468784703,0.0008320858466170435
894.9000133350492,3.0261130332946777,6.632340908050537,9.771388053894043,-0.000646014406811446,0.004044805653393269,1.0220067501068115,344.155091294507,-0.0011084510989576302,0.0008307511076828525
895.0000133365393,1.9358067512512207,5.29639196395874,9.785898208618164,-0.005692534614354372,0.004326452501118183,0.7818570733070374,349.05845677890244,-0.001101083956868365,0.0008298463637203234
895.1000133380294,-0.5842211246490479,3.7978696823120117,9.796221733093262,-0.003999290056526661,0.004557204432785511,0.6133642196655273,352.8385566731543,-0.001093726615422952,0.000829283340339354
895.2000133395195,-2.1597800254821777,3.0113489627838135,9.800333023071289,-0.004556541331112385,0.0026331571862101555,0.4429042637348175,355.6574850266453,-0.0010865422589034779,0.0008290020685249293
895.3000133410096,-2.2132763862609863,1.6556620597839355,9.805331230163574,-0.005435521714389324,0.0005048983730375767,0.2712068557739258,357.50283821584264,-0.0010795497346833827,0.0008288763049334408
895.4000133424997,-1.3012475967407227,0.9600632190704346,9.80744743347168,-0.003406708827242255,-0.00147448165807873,0.18203511834144592,358.69060811250785,-0.0010726719397524676,0.0008288380618358655
895.5000133439898,0.5140511393547058,0.7536652684211731,9.808609962463379,-0.002288871444761753,-0.002834454644471407,0.12914004921913147,359.51383715279115,-0.0010657472661961265,0.0008288661616029011
895.60001334548,2.0662777423858643,0.5569567680358887,9.809134483337402,-0.0016787343192845583,-0.0021756328642368317,0.09385902434587479,0.1065311808562029,-0.0010586372712282355,0.0008289440185183948
895.7000133469701,1.9145071506500244,-0.07066214084625244,9.810081481933594,-0.002723169047385454,-0.0001561285462230444,0.020172130316495895,0.3511022724269353,-0.0010513553879434312,0.0008290161869444643
895.8000133484602,0.3006144165992737,-0.0925588309764862,9.810704231262207,-0.0008143431041389704,0.001520361052826047,0.014049528166651726,0.4419051284501856,-0.0010440465700014556,0.0008290800625124574
895.9000133499503,-1.2885371446609497,0.09629344940185547,9.810220718383789,-0.0004799243761226535,0.0015577442245557904,0.012229875661432743,0.51434259297105,-0.0010368535779292642,0.0008291514770423381
896.0000133514404,-1.7913275957107544,0.07080364227294922,9.80943489074707,-0.0003649973659776151,0.0004589176969602704,0.008935353718698025,0.5706123060354067,-0.0010298212342831903,0.0008292274834853686
896.1000133529305,-1.1328587532043457,0.03527522087097168,9.809240341186523,-0.0002548102056607604,-0.0010595594067126513,0.005990664009004831,0.6100563816879659,-0.001022890735157489,0.0008293055460089139
896.2000133544207,0.28352785110473633,0.025470465421676636,9.80953598022461,-0.00015711714513599873,-0.002171961357817054,0.004269361961632967,0.6370437931200086,-0.001015934535033125,0.0008293860758290768
896.3000133559108,1.531464695930481,0.011584043502807617,9.809659957885742,-0.0001125166891142726,-0.001777385245077312,0.0027727633714675903,0.6555128914399875,-0.0010088410572706152,0.0008294692100178919
896.4000133574009,1.5095059871673584,-0.2600337266921997,9.810065269470215,-0.0009192741708829999,-0.00025663478299975395,-0.02597992494702339,0.5598809049105531,-0.001001611809627434,0.0008295304812172329
896.500013358891,0.3422488570213318,-0.18718397617340088,9.810482025146484,9.256752673536539e-05,0.0010467974934726954,-0.01667245849967003,0.44893392671465765,-0.0009943518578694466,0.000829575098164404
896.6000133603811,-0.8892349004745483,-0.03016352653503418,9.81022834777832,0.0001238532131537795,0.0011621193261817098,-0.009134329855442047,0.3841043057534089,-0.0009871716820413212,0.000829616630990803
896.7000133618712,-1.3289847373962402,-0.019820332527160645,9.809709548950195,7.260753773152828e-05,0.00034442677861079574,-0.005473942030221224,0.34605017359694734,-0.000980110895923758,0.0008296556279845671
896.8000133633614,-0.8690075278282166,-0.01977229118347168,9.809486389160156,3.835826646536589e-05,-0.0008109341724775732,-0.003950714133679867,0.3214254206483473,-0.0009731278982201275,0.0008296925003617991
896.9000133648515,0.17077814042568207,-0.011702001094818115,9.80959701538086,5.636084824800491e-05,-0.001613561064004898,-0.0021573747508227825,0.3058279366266827,-0.0009661296169838351,0.0008297283446987738
897.0000133663416,1.0465710163116455,-0.1164320707321167,9.809847831726074,-0.0003171734279021621,-0.0013472768478095531,-0.01281032245606184,0.2525642271686456,-0.0009590373728514123,0.0008297542513132603
897.1000133678317,1.0473172664642334,-0.0859224796295166,9.81009578704834,7.738173007965088e-05,-0.0003118320892099291,-0.008308910764753819,0.19782350264280654,-0.0009518509602344238,0.0008297727560378935
897.2000133693218,0.26831862330436707,-0.01668494939804077,9.810338020324707,7.231836207211018e-05,0.0005983918672427535,-0.004960399121046066,0.16432451969336168,-0.0009446406970852195,0.0008297898900421836
897.3000133708119,-0.5770442485809326,-0.015013515949249268,9.810188293457031,5.1516282837837934e-05,0.000710507039912045,-0.0029941722750663757,0.14265252956010954,-0.0009374821786281018,0.0008298055847901131
897.400013372302,-0.8971349596977234,-0.0068585872650146484,9.809843063354492,3.3912365324795246e-05,0.00014534438378177583,-0.00195558019913733,0.12972151403782092,-0.0009304041214619474,0.0008298203885698198
897.5000133737922,-0.569040834903717,-0.012673020362854004,9.809675216674805,1.5146040823310614e-05,-0.000649392488412559,-0.0016830015229061246,0.12033129792973599,-0.0009233771921515199,0.0008298340957732517
897.6000133752823,0.1215551346540451,-0.04356013238430023,9.809767723083496,-9.091338142752647e-05,-0.0011441456153988838,-0.004783763084560633,0.10087055485984905,-0.0009163392970918949,0.0008298438278876884
897.7000133767724,0.6686168313026428,-0.03357565402984619,9.80987548828125,2.0085542928427458e-05,-0.0009559933096170425,-0.0035464034881442785,0.07661667984915939,-0.0009092413644822273,0.0008298506814894044
897.8000133782625,0.6539791226387024,-0.0077021121978759766,9.810148239135742,3.6215613363310695e-05,-0.00029563953285105526,-0.0019916105084121227,0.06255725571100383,-0.0009020847650305086,0.000829856918266966
897.9000133797526,0.15992456674575806,-0.0014735162258148193,9.810196876525879,2.5528337573632598e-05,0.0002655648277141154,-0.001100325956940651,0.055952909680744456,-0.0008949138415488278,0.0008298630179724932
898.0000133812428,-0.36443814635276794,0.00532907247543335,9.810144424438477,4.407175583764911e-05,0.0003348860773257911,0.0002243521885247901,0.05233915597547922,-0.0008877756782936785,0.0008298695974301406
898.1000133827329,-0.5542774796485901,-0.012097477912902832,9.80991268157959,-4.295911639928818e-05,-3.328364255139604e-05,-0.0014235442504286766,0.048456643664523236,-0.0008806872036473123,0.0008298750117754963
898.200013384223,-0.3342769145965576,-0.013574600219726562,9.809757232666016,-3.8940925151109695e-08,-0.0005305435624904931,-0.001293993671424687,0.03956468118525214,-0.0008736288163220252,0.0008298792610085602
898.3000133857131,0.09175154566764832,-0.015758514404296875,9.809904098510742,-2.2240506950765848e-05,-0.000807654345408082,-0.001884712022729218,0.03426402083239251,-0.0008665620675856189,0.0008298820709852638
898.4000133872032,0.3990950584411621,0.004800349473953247,9.809947967529297,5.910132313147187e-05,-0.0006623105728067458,0.0002697208838071674,0.03426402083239251,-0.0008594595430508889,0.0008298852921780703
898.5000133886933,0.254688560962677,-0.00828656554222107,9.81017780303955,-4.5247390517033637e-05,0.0001851085398811847,-0.0014282218180596828,0.01978234059262607,-0.0008523341275008534,0.0008298878280107052
898.6000133901834,-0.6844037771224976,-0.0016156435012817383,9.810325622558594,4.401372279971838e-05,0.0010429525282233953,0.0001628589234314859,0.01978234059262607,-0.0008452701887478042,0.0008298902267713057
898.7000133916736,-1.7320939302444458,0.0037992000579833984,9.809757232666016,-3.7031713873147964e-07,0.00107802904676646,3.165732414345257e-05,0.01978234059262607,-0.0008383616896736612,0.0008298928311399579
898.8000133931637,-2.1719353199005127,-0.011905670166015625,9.809199333190918,-3.9443286368623376e-05,0.0003600831259973347,-0.0013761103618890047,0.0,-0.0008316479014496281,0.0008298943389323354
898.9000133946538,-1.8483856916427612,-0.0007581710815429688,9.80901050567627,4.197913222014904e-05,-0.0006250407896004617,0.000159444214659743,0.0,-0.0008250999703562911,0.0008298957781886958
899.0000133961439,-1.0276899337768555,0.004037618637084961,9.809416770935059,-2.5564804673194885e-06,-0.0013628200395032763,2.6423820600030012e-05,0.01978234059262607,-0.0008186440146289442,0.0008298974915891248
899.100013397634,-0.23039288818836212,-0.012505769729614258,9.80982494354248,-4.091532900929451e-05,-0.0013464060612022877,-0.0013677732786163688,0.01978234059262607,-0.0008122086882167423,0.0008298981084132791
899.2000133991241,-0.02724297344684601,-0.0012356303632259369,9.810154914855957,3.905384801328182e-05,-0.0006219866336323321,0.00017037037468980998,0.01978234059262607,-0.0008057756235047009,0.0008298986567014165
899.3000134006143,-0.5217946767807007,0.005091428756713867,9.810220718383789,-3.08966264128685e-06,0.0002030733594438061,2.8928523533977568e-05,0.01978234059262607,-0.0007993894374322963,0.0008298996162056566
899.4000134021044,-1.2663089036941528,-0.0181504487991333,9.809966087341309,-5.471648182719946e-05,0.0005046650185249746,-0.0018644325900822878,0.0,-0.0007931167469763523,0.0008298989308454851
899.5000134035945,-1.6957948207855225,0.0018666982650756836,9.809530258178711,5.485092697199434e-05,0.00017661853053141385,0.00022406410425901413,359.9802297900763,-0.0007869962065143454,0.0008298983825573478
899.6000134050846,-1.5816500186920166,0.005632758140563965,9.809347152709961,-2.8248759917914867e-06,-0.0004693827941082418,3.7420693843159825e-05,0.0,-0.0007810174670481729,0.0008298983825573478
899.7000134065747,-1.0499869585037231,1.0371208190917969e-05,9.809499740600586,-6.855698302388191e-07,-0.0010496231261640787,6.729207143507665e-06,0.0,-0.0007751328275418246,0.0008298983825573478
899.8000134080648,-0.43296897411346436,1.043081283569336e-05,9.809816360473633,4.0512531995773315e-08,-0.001151246135123074,9.76795604401559e-07,0.0,-0.0007692869108808509,0.0008298983825573478
899.900013409555,-0.18490470945835114,1.0475516319274902e-05,9.810018539428711,-1.7549609765410423e-07,-0.0006826926837675273,5.132318392497837e-07,0.0,-0.0007634575114110476,0.0008298983825573478
900.0000134110451,-0.48555994033813477,-0.01383131742477417,9.810194969177246,-3.816002208623104e-05,-4.4987118599237874e-05,-0.001257938565686345,359.9802297900763,-0.0007576716323143273,0.000829897148909039
900.1000134125352,-1.035463809967041,0.0005199909210205078,9.809976577758789,3.629756974987686e-05,0.0002581294102128595,0.0001642237330088392,359.9802297900763,-0.0007519786880578749,0.0008298959837967472
900.2000134140253,-1.4116630554199219,-0.0027980804443359375,9.809700965881348,-3.877075869240798e-05,6.586714880540967e-05,-0.0011836499907076359,359.9802297900763,-0.000746412261278806,0.0008298946130764041
900.3000134155154,-1.3731329441070557,-0.0002733469009399414,9.809502601623535,3.5606062738224864e-05,-0.0004222322895657271,0.00016968839918263257,359.9802297900763,-0.0007409689251858254,0.0008298931738200436
900.4000134170055,-0.9715917110443115,0.0066877007484436035,9.809624671936035,-3.983033820986748e-06,-0.0009029100183397532,2.481330739101395e-05,359.9802297900763,-0.0007356127669027046,0.0008298924199238548
900.5000134184957,-0.4672301709651947,-0.014543503522872925,9.809767723083496,-3.590038977563381e-05,-0.0010281647555530071,-0.0011858186917379498,359.9802297900763,-0.0007302983470651725,0.0008298902953073229
900.6000134199858,-0.23988404870033264,0.0005675405263900757,9.810060501098633,3.421260043978691e-05,-0.000666394887957722,0.00017858456703834236,359.9802297900763,-0.0007250054475349543,0.0008298883077628253
900.7000134214759,-0.466145396232605,0.003626495599746704,9.810102462768555,-4.413683200255036e-06,-0.000133032095618546,2.543568189139478e-05,359.9802297900763,-0.0007197542864361139,0.0008298865943623963
900.800013422966,-0.9290724992752075,-0.0008906722068786621,9.810007095336914,-9.07384674064815e-07,0.00013248091272544116,5.424991286417935e-06,359.9802297900763,-0.0007145864651363354,0.0008298848809619672
900.9000134244561,-1.2520586252212524,-0.0003616809844970703,9.809767723083496,-1.912239895318635e-06,-2.318159386049956e-05,2.7005967240256723e-06,359.9802297900763,-0.0007095309058229304,0.0008298830990255211
901.0000134259462,-1.2191162109375,-0.0009768009185791016,9.809595108032227,2.208980731666088e-07,-0.0004439520416781306,1.962734586413717e-06,359.9802297900763,-0.00070458466147727,0.0008298813856250922
901.1000134274364,-0.8632251620292664,0.000379025936126709,9.809679985046387,8.34872480481863e-07,-0.0008745136437937617,4.915842737318599e-07,359.9802297900763,-0.0006997157942834065,0.000829879603688646
901.2000134289265,-0.4082961678504944,-0.00011068582534790039,9.809823989868164,6.185146048665047e-07,-0.0009812701027840376,6.460133761265752e-08,359.9802297900763,-0.0006948834567737094,0.0008298778217521998
901.3000134304166,-0.209758460521698,-5.170702934265137e-05,9.810018539428711,4.4761691242456436e-08,-0.0006273367907851934,-4.638153328073713e-08,359.9802297900763,-0.0006900698981553433,0.0008298761083517708
901.4000134319067,-0.45230528712272644,-0.0007488727569580078,9.810137748718262,1.3610406313091516e-06,-0.0001249033521162346,2.0783483023478766e-07,359.9802297900763,-0.0006852968443098462,0.0008298743264153247
901.5000134333968,-0.9008694887161255,0.0003676414489746094,9.809990882873535,2.6811903808265924e-08,9.515650162938982e-05,1.8258301679452416e-06,359.9802297900763,-0.000680604594435863,0.0008298726130148956
901.6000134348869,-1.1850687265396118,-0.00034165382385253906,9.809804916381836,3.6205892683938146e-07,-8.794853056315333e-05,1.8157397789764218e-06,359.9802297900763,-0.0006760186439151994,0.0008298708310784495
901.700013436377,-0.5686021447181702,-0.00015854835510253906,9.806772232055664,-5.784677341580391e-07,-0.0018501303857192397,-1.6375321365558193e-06,359.9802297900763,-0.0006714836842007799,0.0008298690491420033
901.8000134378672,-0.13964346051216125,-0.0006558597087860107,9.811627388000488,-9.309733286499977e-07,-0.0019268251489847898,4.674927822634345e-07,359.9802297900763,-0.0006669611980356649,0.0008298673357415744
901.9000134393573,-4.833067417144775,0.006073951721191406,9.787433624267578,8.89413058757782e-07,0.011881805025041103,4.72470583190443e-06,0.0,-0.000662872202170206,0.0008298661706292826
902.0000134408474,-6.530395984649658,0.001194000244140625,9.82116985321045,-9.811483323574066e-07,-0.003969000652432442,-1.056646055985766e-06,359.9802297900763,-0.0006593690521867757,0.0008298652796610596
902.1000134423375,1.7708951234817505,-8.654594421386719e-05,9.817038536071777,-4.498288035392761e-07,-0.005645415745675564,-3.5647235563374124e-06,359.9802297900763,-0.0006557066245136411,0.0008298644572288536
902.2000134438276,3.9804134368896484,0.0011951923370361328,9.808642387390137,-7.869675755500793e-08,-0.004683620296418667,-5.317123395798262e-06,359.9802297900763,-0.0006516868500341388,0.0008298635662606305
902.3000134453177,4.481027603149414,-0.003032207489013672,9.819646835327148,-5.165347829461098e-07,-0.0014994285302236676,-3.384394403838087e-06,359.9802297900763,-0.000647265043284051,0.0008298622640763044
902.4000134468079,0.1245027408003807,0.011329330503940582,9.806797981262207,-1.794286072254181e-05,0.01697807013988495,0.0007351214298978448,359.9802297900763,-0.000642832065139487,0.0008298619899322359
902.500013448298,-18.463504791259766,-0.0037059783935546875,9.752631187438965,-3.7604826502501965e-05,0.001364556374028325,-0.00014436124183703214,0.0,-0.0006400562879207428,0.0008298617157881672
902.6000134497881,-1.199271321296692,-0.005863308906555176,9.821203231811523,3.3639371395111084e-06,-0.009530712850391865,-6.4228906921925955e-06,359.9802297900763,-0.0006373874954164194,0.0008298608933559613
902.7000134512782,5.11043119430542,0.0004253387451171875,9.813587188720703,3.86824831366539e-06,-0.007385526318103075,-5.113302449899493e-06,359.9802297900763,-0.000634259648677471,0.0008298600709237553
902.8000134527683,5.6546454429626465,0.0005402565002441406,9.80801773071289,9.830109775066376e-07,-0.004242186434566975,-5.8233381423633546e-06,359.9802297900763,-0.0006306242241720383,0.0008298591799555323
902.9000134542584,5.142701625823975,0.0016856193542480469,9.80644416809082,-1.3550743460655212e-07,-0.0009217545739375055,-4.319825620768825e-06,359.9802297900763,-0.0006265276208097248,0.0008298582889873092
903.0000134557486,2.5843818187713623,-8.749961853027344e-05,9.809321403503418,-1.4924444258213043e-07,0.003615869442000985,7.495680165447993e-07,0.0,-0.0006221993657220537,0.0008298573980190861
903.1000134572387,-1.7471359968185425,-0.0003472566604614258,9.81116771697998,-5.448237061500549e-07,0.004848300479352474,3.619432163759484e-06,359.9802297900763,-0.0006180281951913003,0.000829856507050863
903.2000134587288,-3.2295899391174316,-2.4318695068359375e-05,9.808794975280762,3.80445271730423e-07,0.0029796743765473366,3.4947388485306874e-06,359.9802297900763,-0.0006141469319942416,0.0008298556846186571
903.3000134602189,-2.468214511871338,0.011609315872192383,9.80817699432373,1.3342156307771802e-05,-0.00026798920589499176,0.0009189603151753545,359.9802297900763,-0.0006104871772123488,0.0008298558902267086
903.400013461709,-0.489647775888443,0.008764296770095825,9.809063911437988,-7.318798452615738e-06,-0.001737329876050353,0.0006785251316614449,359.9802297900763,-0.0006068711484061851,0.000829856918266966
903.5000134631991,1.0116952657699585,1.9002457857131958,9.807926177978516,0.007885850965976715,-0.002639436163008213,0.2151043713092804,0.73195156615401,-0.0006031665025290067,0.0008300290122060548
903.6000134646893,3.134028196334839,3.1792995929718018,9.8042631149292,0.001306653139181435,-0.0030261806678026915,0.2975292503833771,2.3005270273273584,-0.0005991921674421974,0.0008304965649151202
903.7000134661794,4.687839984893799,1.1994097232818604,9.818695068359375,-0.0012228887062519789,-0.00277966121211648,0.2635670602321625,3.819980088155092,-0.0005948053140656384,0.000831098722361888
903.8000134676695,4.217170238494873,0.5606379508972168,9.814294815063477,6.474216934293509e-05,0.0017581346910446882,0.23378601670265198,5.1433471690916335,-0.0005900463100800835,0.0008317842196055223
903.9000134691596,2.05820631980896,0.4661344289779663,9.785378456115723,0.0007061136420816183,-0.003316619899123907,0.18271620571613312,6.2669760399217305,-0.0005851085641950249,0.0008325309195124804
904.0000134706497,4.590319633483887,0.5652494430541992,9.803986549377441,0.0009686611010693014,-0.0005631396197713912,0.1659763604402542,7.235353430256969,-0.0005797687174862176,0.0008333794639409384
904.1000134721398,4.050936698913574,0.5562410354614258,9.80825138092041,0.0011164918541908264,-0.001290581771172583,0.16264548897743225,8.10447707289452,-0.000574076390066125,0.0008343281394904671
904.20001347363,5.170778274536133,2.5933613777160645,9.802306175231934,0.009096894413232803,-6.849132478237152e-05,0.3619721233844757,9.67231455347239,-0.0005679659243753576,0.0008355830339646667
904.3000134751201,4.5725483894348145,5.793534278869629,9.789389610290527,0.017205724492669106,0.0022505950182676315,0.7118942737579346,12.822214237348327,-0.0005615707258073144,0.0008374338491080724
904.4000134766102,3.8013100624084473,9.188015937805176,9.762842178344727,0.01985752210021019,0.006353232078254223,1.0700165033340454,18.01119859603987,-0.0005551053806271966,0.000840170903489374
904.5000134781003,2.227667808532715,12.025070190429688,9.729903221130371,0.01869216561317444,0.013680584728717804,1.4191865921020508,25.260809192415593,-0.0005489179832665059,0.0008439648517913
904.6000134795904,-1.626551628112793,14.123218536376953,9.698216438293457,0.014637948013842106,0.02052643895149231,1.6739689111709595,34.15670028443949,-0.0005435598717156154,0.0008487207716300838
904.7000134810805,-4.633758544921875,15.214042663574219,9.673206329345703,0.007986778393387794,0.020801367238163948,1.791217565536499,44.07632745002158,-0.0005394456888723198,0.000854163970648948
904.8000134825706,-2.748065948486328,13.278083801269531,9.693805694580078,0.0002481192350387573,0.013418782502412796,1.6492074728012085,53.74471976736309,-0.0005364329483654728,0.0008601094701375777
904.9000134840608,0.0566486120223999,11.934066772460938,9.707664489746094,0.003498649224638939,0.011701537296175957,1.6306675672531128,63.011964829465995,-0.0005343662447785391,0.0008665431516764382
905.0000134855509,2.473446846008301,10.363399505615234,9.73074722290039,-0.0029733912087976933,0.007449647877365351,1.4200223684310913,71.51858295012336,-0.0005331055589863354,0.000873480710013459
905.100013487041,3.676395893096924,7.057103633880615,9.765356063842773,-0.006599067710340023,0.005868256092071533,1.121229648590088,78.50155662168012,-0.0005323947719659827,0.0008808671792628777
905.2000134885311,1.2737548351287842,4.840489864349365,9.78683090209961,-0.006830559577792883,0.00629822863265872,0.8388570547103882,83.80676262551495,-0.0005320994845448013,0.0008884136801123651
905.3000134900212,-1.618991494178772,2.5249903202056885,9.801775932312012,-0.011747291311621666,0.0035063796676695347,0.4519885182380676,87.18390184930357,-0.0005320350263957607,0.0008958261930483046
905.4000134915113,-2.617326259613037,1.087782859802246,9.805816650390625,-0.005932189524173737,0.001561608980409801,0.27295222878456116,89.05578349323726,-0.0005320700140458712,0.0009030055464538658
905.5000134930015,-2.5281944274902344,1.227583408355713,9.806180000305176,-0.004015414509922266,-2.051131559710484e-05,0.18753919005393982,90.26821037280622,-0.0005322128088494082,0.0009099576344265245
905.6000134944916,-1.4181593656539917,0.9047887325286865,9.807670593261719,-0.00285508600063622,-0.0020102981943637133,0.13496273756027222,91.12391013240376,-0.0005324332892087114,0.000916781148830991
905.7000134959817,0.7558642029762268,-0.415413498878479,9.809646606445312,-0.005387717857956886,-0.0035974052734673023,-0.010009486228227615,91.32997010947388,-0.00053261765108914,0.0009236734733966862
905.8000134974718,2.616513729095459,-0.38319122791290283,9.809364318847656,-0.0011502710403874516,-0.002598893130198121,-0.003709778655320406,91.2981482581308,-0.0005327727481017064,0.0009308013562533603
905.9000134989619,2.327387809753418,0.10918857902288437,9.80994701385498,-0.0005750835407525301,3.4239452361362055e-05,0.005401575472205877,91.31253946671201,-0.0005329422376689763,0.0009381377942102523
906.000013500452,0.21448656916618347,0.07121966779232025,9.810876846313477,-0.00047933892346918583,0.0020195404067635536,0.005373481661081314,91.34298845003192,-0.0005331184780317244,0.0009454932166438975
906.1000135019422,-1.5831242799758911,0.024121906608343124,9.810193061828613,-0.0003295975911896676,0.0018335694912821054,0.00359404762275517,91.36655260266846,-0.0005332934162396441,0.0009527062897699014
906.2000135034323,-2.096651792526245,0.0014527937164530158,9.809221267700195,-0.00023216077534016222,0.0006293195765465498,0.001447248156182468,91.37864203749939,-0.0005334639338201441,0.0009597313686008355
906.3000135049224,-1.4314956665039062,-0.4846399426460266,9.8090181350708,-0.0016813382972031832,-0.0010773128597065806,-0.04962547868490219,91.19243742034651,-0.0005335884295050164,0.000966628970439852
906.4000135064125,0.2080634981393814,-0.36386317014694214,9.809355735778809,0.00011796753824455664,-0.0025259582325816154,-0.0331384539604187,90.97605019725133,-0.000533680678984183,0.0009735458994357076
906.5000135079026,1.80568265914917,-0.06191962957382202,9.809534072875977,0.0001938973000505939,-0.002213527215644717,-0.019300052896142006,90.84259513105845,-0.0005337698100760235,0.0009806249161121467
906.6000135093927,1.9245209693908691,-0.04370948299765587,9.80992317199707,0.00011381049989722669,-0.00039990246295928955,-0.01254249457269907,90.7596766345345,-0.0005338573990911755,0.0009878767120878459
906.7000135108829,0.5473619103431702,-0.04224437102675438,9.810612678527832,9.226377733284608e-05,0.001299253897741437,-0.008459090255200863,90.7044613852841,-0.0005339418354992631,0.0009951775113158146
906.800013512373,-1.0244576930999756,-0.03599115088582039,9.810327529907227,7.201705011539161e-05,0.001547934953123331,-0.005962999537587166,90.66622598631038,-0.0005340220226202064,0.0010023864037447718
906.9000135138631,-1.6682597398757935,-0.023539820685982704,9.80958366394043,6.563693023053929e-05,0.0006173320580273867,-0.003968645818531513,90.6402097957618,-0.0005340984402693039,0.0010094455449762346
907.0000135153532,-1.1991326808929443,-0.24125678837299347,9.809297561645508,-0.0006698766374029219,-0.000792154751252383,-0.026054255664348602,90.53369982584462,-0.0005341522753354866,0.0010163974273408418
907.1000135168433,0.059237394481897354,-0.17948365211486816,9.809470176696777,0.00012978192535229027,-0.0019434189889580011,-0.01741420477628708,90.41996351578557,-0.0005341901414652739,0.0010233547925868217
907.2000135183334,1.2945072650909424,-0.033507294952869415,9.809748649597168,0.0001492194423917681,-0.0017853195313364267,-0.010001899674534798,90.35029558625143,-0.0005342257116609517,0.001030428326381888
907.3000135198236,1.4579311609268188,-0.024476300925016403,9.809968948364258,8.307746611535549e-05,-0.0004818738962057978,-0.006560116074979305,90.30708097937277,-0.0005342598425954748,0.0010376326268976954
907.4000135213137,0.49615374207496643,-0.024582935497164726,9.810462951660156,5.613791290670633e-05,0.000810766767244786,-0.004685951396822929,90.27720573194314,-0.0005342919859998574,0.001044881544360674
907.5000135228038,-0.6789018511772156,-0.023469844833016396,9.810270309448242,3.8799913454568014e-05,0.0010858246823772788,-0.0035735757555812597,90.25500078695143,-0.000534321833427498,0.0010520693962323632
907.6000135242939,-1.2565656900405884,-0.09597107768058777,9.80980110168457,-0.00021500182629097253,0.0006499543087556958,-0.010801724158227444,90.20725776465304,-0.0005343426683879215,0.001059144574891841
907.700013525784,-1.3133233785629272,-0.06922484934329987,9.80958080291748,7.365817873505875e-05,0.00011687047663144767,-0.0071568270213902,90.16026606316335,-0.0005343569581413021,0.001066101871601804
907.8000135272741,-1.1596310138702393,-0.014453275129199028,9.80955696105957,7.930610445328057e-05,-0.00027607762604020536,-0.003967256285250187,90.13211885359372,-0.000534369808633528,0.0010729552677097524
907.9000135287642,-0.9608021974563599,-0.006347727961838245,9.809722900390625,4.739604992209934e-05,-0.00045812869211658835,-0.002384105697274208,90.11582202223407,-0.0005343818367151698,0.0010797225140441304
908.0000135302544,-0.8456952571868896,-0.011715061031281948,9.809795379638672,1.8326667486689985e-05,-0.0004360097518656403,-0.00193590740673244,90.1041082478075,-0.0005343927339396259,0.0010864138910075126
908.1000135317445,-0.8606342077255249,0.007762007415294647,9.809873580932617,7.425974035868421e-05,-0.0003073178231716156,0.00035910727456212044,90.10199771935396,-0.0005344042137096494,0.0010930281649515895
908.2000135332346,-0.9782301783561707,0.006744887214154005,9.809850692749023,2.986389517900534e-06,-0.00020664918702095747,6.0540143749676645e-05,90.1028788137569,-0.0005344161389899682,0.001099554781329719
908.3000135347247,-1.0872167348861694,-0.05049782991409302,9.809752464294434,-0.00014612294035032392,-0.00021567584190052003,-0.005053874105215073,90.08365183124332,-0.0005344233695296907,0.001105983939491447
908.4000135362148,-1.1185147762298584,-0.03583620488643646,9.809785842895508,2.9844672098988667e-05,-0.0003243339015170932,-0.0034129030536860228,90.0615151881433,-0.0005344272760936519,0.0011123128294600697
908.500013537705,-1.0359424352645874,0.002717819297686219,9.809672355651855,5.0377613661112264e-05,-0.00045373322791419923,-0.0012902647722512484,90.0504707722554,-0.0005344313882460483,0.0011185488531254408
908.6000135391951,-0.9195645451545715,-0.0005845006671734154,9.809788703918457,6.847645636298694e-06,-0.0005209109513089061,-0.0009896677220240235,90.04437824351574,-0.0005344353975971217,0.0011247023594261512
908.7000135406852,-0.825672447681427,-0.006992291659116745,9.809839248657227,-3.8059213238739176e-06,-0.000489522353745997,-0.0010869184043258429,90.03844963931617,-0.000534438687338934,0.001130781983900363
908.8000135421753,-0.820601224899292,-0.012757332064211369,9.809845924377441,-1.7952193957171403e-05,-0.00039412203477695584,-0.0016267701284959912,90.03027390287966,-0.0005344408119611899,0.0011367879321561279
908.9000135436654,-0.8831127285957336,0.005447482690215111,9.809901237487793,4.984450060874224e-05,-0.00030960061121731997,0.0002657639270182699,90.02841609142541,-0.0005344434163276901,0.0011427148583841075
909.0000135451555,-0.9556980133056641,-0.010942208580672741,9.809821128845215,-5.732155477744527e-05,-0.0002971897483803332,-0.0017450195737183094,90.02218695890237,-0.0005344449583901678,0.0011485559775186024
909.1000135466456,-0.980749249458313,-0.012277819216251373,9.809791564941406,1.5739607988507487e-05,-0.00035855185706168413,-0.0010078009217977524,90.01524065651647,-0.0005344453695954599,0.0011543092334790985
909.2000135481358,-0.9332177639007568,0.008372382260859013,9.809794425964355,3.254880721215159e-05,-0.0004453585424926132,0.00020480898092500865,90.01425710927599,-0.0005344466032539685,0.0011599789440346765
909.3000135496259,-0.8481249213218689,0.0033531312365084887,9.809808731079102,-3.344748620293103e-06,-0.0004995256313122809,3.127163290628232e-05,90.01473522251788,-0.000534448076777494,0.0011655724425391725
909.400013551116,-0.7742680311203003,-0.011151488870382309,9.809842109680176,-3.5473214666126296e-05,-0.00048350004362873733,-0.0012105618370696902,90.01013167501729,-0.0005344484879969968,0.0011710965825943026
909.5000135526061,-0.7641980648040771,0.0007562926621176302,9.809917449951172,3.5257962736068293e-05,-0.0004163966223131865,0.00017195312830153853,90.00869050510242,-0.0005344490362944043,0.001176552323704307
909.6000135540962,-0.8042080402374268,0.003887767670676112,9.809860229492188,-2.2411618374462705e-06,-0.0003517510194797069,2.5614306650822982e-05,90.00908665607429,-0.0005344498587049884,0.0011819359649242593
909.7000135555863,-0.859260618686676,0.0013974811881780624,9.809856414794922,-8.42764450226241e-07,-0.0003387395991012454,4.284148417355027e-06,90.00915495796599,-0.0005344507839453172,0.0011872424345888892
909.8000135570765,-0.8792976140975952,-0.0010990368900820613,9.80984878540039,8.18063838892158e-09,-0.0003848518244922161,1.7372502725265804e-06,90.0091754485335,-0.0005344516406466937,0.0011924702249058196
909.9000135585666,-0.841776430606842,0.0007701289723627269,9.809808731079102,-2.7826894211102626e-07,-0.00045518766273744404,1.6421133750554873e-06,90.00918910891184,-0.0005344525316104409,0.0011976224885318395
910.0000135600567,-0.7679480910301208,0.00013343400496523827,9.809858322143555,-4.673346438721637e-07,-0.0004979798104614019,1.0530030749578145e-06,90.009195939101,-0.000534453422588399,0.001202705941996631
910.1000135615468,-0.7128542065620422,-0.000500281632412225,9.809884071350098,-1.315117174272018e-06,-0.0004850458644796163,6.850838758509781e-07,90.00920276929017,-0.0005344542792755647,0.001207725519893429
910.2000135630369,-0.7015517354011536,0.0007480084314011037,9.809889793395996,3.9826136344345286e-07,-0.0004271962388884276,8.137292297760723e-07,90.00921642966851,-0.0005344551702535227,0.0012126823187985087
910.300013564527,-0.7378131747245789,-0.016261503100395203,9.809931755065918,-4.511493170866743e-05,-0.00037317085661925375,-0.00157005968503654,90.00314439149638,-0.0005344546562326968,0.0012175727748389776
910.4000135660172,-0.7841092348098755,0.0025350493378937244,9.809852600097656,4.5935350499348715e-05,-0.0003658016794361174,0.0002448021259624511,90.00141635363636,-0.0005344542792755647,0.0012223930499978746
910.5000135675073,-0.799135148525238,0.007543055806308985,9.809877395629883,-5.575549948844127e-06,-0.000409820640925318,3.265639679739252e-05,90.00196959895914,-0.0005344545876937445,0.0012271416364828221
910.6000135689974,-0.7566088438034058,-0.012558532878756523,9.809857368469238,-3.1151939765550196e-05,-0.0004733540117740631,-0.0010732434457167983,89.99786465526795,-0.0005344537995171095,0.0012318223723107814
910.7000135704875,-0.6915258765220642,0.002476718509569764,9.809883117675781,3.0458657420240343e-05,-0.0005084998556412756,0.0001770344388205558,89.99676499481158,-0.0005344532855104944,0.001236441151579228
910.8000135719776,-0.6414476633071899,0.006233631633222103,9.809896469116211,-4.2116421354876366e-06,-0.0004891798016615212,2.1964415282127447e-05,89.99713382502676,-0.0005344532855104944,0.0012410024976652943
910.9000135734677,-0.35449525713920593,-0.013200125657022,9.805588722229004,-4.273621743777767e-05,-0.0030739926733076572,-0.0010674590012058616,89.9930698624706,-0.0005344520861285673,0.0012455320430393986
911.0000135749578,-4.139416217803955,-0.006450524087995291,9.792831420898438,2.5132430891972035e-05,0.011444874107837677,-0.0005043194396421313,89.98876684329349,-0.0005344504412505557,0.0012496903973445643
911.100013576448,-5.879420280456543,-0.000912874995265156,9.818467140197754,-2.037075091720908e-06,-0.00414380244910717,-0.0006813589134253561,89.98514001284421,-0.0005344487621243843,0.0012533211613896323
911.2000135779381,2.163005828857422,0.006825665477663279,9.81910228729248,1.7910078895511106e-05,-0.005349811632186174,0.00026773603167384863,89.98559763551862,-0.0005344476998203618,0.0012571464306514004
911.3000135794282,4.049089431762695,0.0028842035681009293,9.808867454528809,-9.632617548049893e-06,-0.004382468294352293,2.4396094886469655e-06,89.98593231478795,-0.0005344468431189853,0.0012613352149481853
911.4000135809183,4.293022632598877,-0.0026792322751134634,9.83570671081543,-1.805434976631659e-06,-0.001034300308674574,-2.6993646315531805e-05,89.9858981638421,-0.0005344456094746874,0.0012659090345893747
911.5000135824084,-4.394962787628174,0.0020524761639535427,9.760058403015137,-2.226631750090746e-06,0.014545890502631664,3.884852776536718e-05,89.98587084308541,-0.0005344446499861988,0.0012700883609157916
911.6000135838985,-14.519265174865723,0.0007087350822985172,9.799044609069824,-3.7138153857085854e-05,0.0007327604107558727,0.005665841046720743,89.9879472205931,-0.0005344439646250976,0.0012729648175559966
911.7000135853887,-0.5681421756744385,-0.3009573519229889,9.81497573852539,-0.00035716191632673144,-0.008866049349308014,-0.02280685119330883,89.88027611851702,-0.0005344165159328895,0.0012757908316875718
911.8000135868788,4.996814250946045,-0.05391142889857292,9.811019897460938,0.00022048436221666634,-0.006745143793523312,-0.015422745607793331,89.78741286656152,-0.0005343826248633832,0.001279065619659511
911.9000135883689,5.427984714508057,-0.005163961090147495,9.807477951049805,6.50727497486514e-06,-0.003982902504503727,-0.014291265979409218,89.70681663435536,-0.0005343458210376184,0.001282827561641423
912.000013589859,5.42357063293457,-0.03179965540766716,9.805524826049805,-3.89749911846593e-05,-0.0021983229089528322,-0.013191623613238335,89.63177334594444,-0.000534303054550378,0.0012870759722731372
912.1000135913491,5.135922431945801,-0.02763555385172367,9.836653709411621,9.801711712498218e-05,0.0025359930004924536,-0.010971993207931519,89.56524730342852,-0.0005342542569053421,0.0012917846707960975
912.2000135928392,2.1236016750335693,-0.019598014652729034,9.777344703674316,2.9309505407582037e-05,0.0014931391924619675,-0.009086205624043941,89.50936952582865,-0.0005342022038234973,0.0012966837623747285
912.3000135943294,2.9987666606903076,-0.02083701267838478,9.802226066589355,7.665858902328182e-06,-0.0005331723368726671,-0.008391866460442543,89.46160601296275,-0.0005341456958802837,0.0013018513780685924
912.4000135958195,4.435121536254883,-0.022480523213744164,9.807235717773438,-5.084667282062583e-05,-0.0010665319859981537,-0.002043583430349827,89.43121167115619,-0.0005340832938287576,0.001307416776806053
912.5000135973096,5.3821516036987305,-1.7083892822265625,9.804739952087402,-0.005856773816049099,-0.0003880284202750772,-0.19603705406188965,88.70419267552168,-0.000533857227765111,0.001313460968159393
912.6000135987997,5.169894218444824,-1.6582525968551636,9.804591178894043,0.0009246688568964601,-0.0002562164736445993,-0.16248288750648499,87.73119807730752,-0.0005334646877344085,0.001319962568891259
912.7000136002898,5.186995506286621,-0.42647784948349,9.804845809936523,0.001074432977475226,0.0005840039812028408,-0.10580286383628845,87.02843991360491,-0.000533010225410635,0.0013269265135948864
912.8000136017799,3.9323132038116455,-0.3636819124221802,9.806999206542969,0.0006991386762820184,0.002996714785695076,-0.083411805331707,86.49984474354845,-0.0005325020650985834,0.0013342402661300984
912.90001360327,0.5494927763938904,-2.729034900665283,9.806506156921387,-0.01075382437556982,0.0055886125192046165,-0.36812952160835266,85.11282456841562,-0.0005317468324648189,0.0013415819813603117
913.0000136047602,-2.324477434158325,-6.965035915374756,9.787798881530762,-0.011310558766126633,0.006825891323387623,-0.7030616402626038,81.83182025719493,-0.0005304047601697448,0.0013486284434285998
913.1000136062503,-2.6950578689575195,-6.726948261260986,9.785843849182129,0.0018981932662427425,0.004095021169632673,-0.6760771870613098,77.82446630887841,-0.0005285259480700688,0.0013553118016779739
913.2000136077404,-1.457610011100769,-5.771829605102539,9.787349700927734,-7.711158832535148e-05,0.0020584596786648035,-0.7256669998168945,73.69768650292423,-0.0005261893153658548,0.0013617248538756693
913.3000136092305,0.7183989882469177,-6.241611003875732,9.784189224243164,-0.00017036922508850694,0.0006964014028199017,-0.765205979347229,69.35421894555138,-0.0005233085409628302,0.0013680020676873534
913.4000136107206,2.817706823348999,-4.460420608520508,9.794347763061523,0.005569493398070335,0.0001725089969113469,-0.5971692800521851,65.58086727819949,-0.0005199611047999042,0.0013743452131475455
913.5000136122108,2.084333896636963,-4.96357536315918,9.79153060913086,-0.0009853290393948555,0.0037405495531857014,-0.691859781742096,61.76796881555323,-0.0005161351844691353,0.0013806436731245493
913.6000136137009,-0.47009462118148804,-6.403185844421387,9.785168647766113,0.0007862033089622855,0.0060027409344911575,-0.7402766346931458,57.536133869975075,-0.0005118496958260721,0.0013865997271598218
913.700013615191,-2.202063798904419,-6.48529052734375,9.782564163208008,0.001860460382886231,0.005584984552115202,-0.7598463296890259,53.1293060627666,-0.0005072195738478058,0.0013920503966045564
913.8000136166811,-2.3584671020507812,-6.488114833831787,9.781049728393555,0.0025287531316280365,0.004163048230111599,-0.769713819026947,48.65076126927299,-0.0005022945756820718,0.0013969597685857614
913.9000136181712,-1.293331265449524,-6.460203170776367,9.78093147277832,0.0021046395413577557,0.0022970016580075026,-0.7844788432121277,44.11999284938547,-0.0004970512962074736,0.0014013745846671397
914.0000136196613,0.7033959627151489,-6.545522689819336,9.780285835266113,0.0011977753601968288,0.0012424442684277892,-0.8121417164802551,39.482086082177126,-0.0004913877881733697,0.0014053787329336954
914.1000136211514,2.1782283782958984,-6.65456485748291,9.779351234436035,0.0013081199722364545,0.002461087191477418,-0.837537407875061,34.69385709662056,-0.0004852255435139341,0.0014090062072499398
914.2000136226416,1.599858283996582,-6.677914619445801,9.779582023620605,0.002067105146124959,0.004816691856831312,-0.8438230752944946,29.80994399098128,-0.00047864245347284395,0.00141218806038261
914.3000136241317,-0.34043312072753906,-6.68347692489624,9.77993106842041,0.0027327651623636484,0.00627944665029645,-0.8322851657867432,24.937158971047246,-0.00047183562757879827,0.001414816142496627
914.4000136256218,-2.5471153259277344,-8.402913093566895,9.763370513916016,-0.005464402958750725,0.008853394538164139,-1.0430445671081543,19.43255754722494,-0.00046499473930339263,0.0014166611320785743
914.5000136271119,-2.4002809524536133,-7.887254238128662,9.77033519744873,0.009057129733264446,0.004153185989707708,-0.8529087901115417,14.00818523294089,-0.0004581921969162295,0.0014177707301963947
914.600013628602,-0.07396674156188965,-3.7523910999298096,9.795453071594238,0.00907299667596817,-6.429478526115417e-05,-0.5989038944244385,10.033993560592075,-0.0004513378070356566,0.0014185503959276069
914.7000136300921,1.9109008312225342,-2.4225380420684814,9.802372932434082,0.006219315342605114,-0.0010701771825551987,-0.4375596344470978,7.222761122748404,-0.0004442860676761029,0.0014191382978828054
914.8000136315823,2.2071104049682617,-2.5891060829162598,9.803376197814941,0.0035088611766695976,0.0006454095710068941,-0.38909465074539185,4.884191862734779,-0.00043701734331591524,0.0014195136011127733
914.9000136330724,0.7809476256370544,-1.7744696140289307,9.807394027709961,0.004964395891875029,0.002221941016614437,-0.26503780484199524,3.120042365692872,-0.0004296701109467449,0.0014197351095202346
915.0000136345625,-1.0512378215789795,-0.9566407203674316,9.80910873413086,0.0038892030715942383,0.0025631911121308804,-0.1732455939054489,1.9430976785318903,-0.0004224143398801061,0.0014198687547536965
915.1000136360526,-1.928131103515625,-0.6866079568862915,9.80881118774414,0.0028518647886812687,0.0015747977886348963,-0.1160285696387291,1.1626428046475041,-0.0004153303200666869,0.0014199381132030625
915.2000136375427,-1.518588662147522,-0.5038757920265198,9.808785438537598,0.002049033297225833,-4.6438537538051605e-05,-0.08105482161045074,0.6280729799754315,-0.0004083819673041944,0.0014199612783768625
915.3000136390328,-0.1284605860710144,-0.18843238055706024,9.809290885925293,0.001847118721343577,-0.0015523997135460377,-0.04086296632885933,0.32020556487083884,-0.0004014449915246132,0.0014199677207624756
915.400013640523,1.4111889600753784,-0.11487698554992676,9.809575080871582,0.0009566822554916143,-0.0016411738470196724,-0.02842044271528721,0.13417039510630574,-0.00039438129263658084,0.0014199644310336518
915.5000136420131,1.8198676109313965,-0.12326169013977051,9.809867858886719,0.0006628789706155658,-0.0002258105669170618,-0.020580103620886803,0.01978234059262607,-0.0003871542724596111,0.001419950312614117
915.6000136435032,0.7755035161972046,-0.08261573314666748,9.81048583984375,0.0004848005482926965,0.001443989109247923,-0.014171820133924484,359.90512502996285,-0.00037985779097482464,0.0014199287923047288
915.7000136449933,-0.6882042288780212,-0.05658102035522461,9.81040096282959,0.00033809919841587543,0.002013583667576313,-0.009493252262473106,359.8429976292724,-0.00037262309474783706,0.001419902337402105
915.8000136464834,-1.4524531364440918,-0.03571140766143799,9.809754371643066,0.00023367872927337885,0.0013540006475523114,-0.0063845389522612095,359.80021332431147,-0.00036551878828561257,0.001419873278130829
915.9000136479735,-1.1835836172103882,0.10137486457824707,9.809404373168945,0.0004334059194661677,0.00010910490527749062,0.007880434393882751,359.8197749860944,-0.000358520644113014,0.001419853539757887
916.0000136494637,-0.1444787234067917,0.07100842893123627,9.80955696105957,1.0249554179608822e-05,-0.0010177481453865767,0.005253641400486231,359.8560023094521,-0.00035153538470922285,0.0014198403808425922
916.1000136509538,0.971470832824707,0.0021822452545166016,9.809741973876953,-1.3587414287030697e-05,-0.001040685223415494,0.002724985359236598,359.87646555620546,-0.00034446287895661953,0.0014198270848552632
916.2000136524439,1.1309069395065308,-0.0026869773864746094,9.810105323791504,-1.9171449821442366e-05,0.00036672051646746695,0.0009058696450665593,359.8846617832095,-0.0003372889056265649,0.0014198133776518313
916.300013653934,-0.23705030977725983,-0.007980555295944214,9.810696601867676,-1.640990376472473e-05,0.002089687157422304,-0.00023427899577654898,359.8846617832095,-0.00033013624700117816,0.0014197989850882277
916.4000136554241,-1.8506312370300293,0.017862677574157715,9.80992603302002,4.891538992524147e-05,0.0023895446211099625,0.0018916897242888808,359.8916558969196,-0.00032314965113755534,0.0014197865115331044
916.5000136569142,-2.5180864334106445,-0.0008590221405029297,9.80897331237793,-4.622293636202812e-05,0.0015655269380658865,-0.00020353568834252656,359.8953441990714,-0.0003163889500115147,0.0014197744491940844
916.6000136584044,-2.3250114917755127,0.06206655502319336,9.808741569519043,0.00013159285299479961,0.000445380195742473,0.00636846199631691,359.92088910656724,-0.0003098367696736659,0.0014197681438805057
916.7000136598945,-1.4806541204452515,0.04391777515411377,9.809042930603027,-6.183487130329013e-05,-0.0006976124132052064,0.004284456372261047,359.95154299556225,-0.00030341724082916244,0.0014197659507279566
916.8000136613846,-0.3420955240726471,0.009966105222702026,9.8096342086792,-4.6365195885300636e-05,-0.001151799806393683,0.0027164735365659,359.9657497890359,-0.0002970282790499823,0.0014197645800076133
916.9000136628747,0.30879154801368713,0.00645822286605835,9.810097694396973,-4.1608233004808426e-05,-0.0005094744265079498,0.001305116107687354,359.9802297900763,-0.0002906115258980435,0.0014197637575754075
917.0000136643648,-0.03382055461406708,0.0025862567126750946,9.810369491577148,-3.795372322201729e-06,0.0006867343909107149,0.0015340939862653613,0.0,-0.00028419771979315556,0.0014197632092872701
917.1000136658549,-1.0105786323547363,0.007450699806213379,9.810195922851562,-2.173474058508873e-05,0.0015018535777926445,0.0010150943417102098,359.9802297900763,-0.0002778745525802151,0.0014197633463593044
917.200013667345,-1.8129297494888306,-0.007663726806640625,9.8096342086792,-3.0617229640483856e-05,0.0013936742907389998,-0.00018338301742915064,0.0,-0.0002717140213519542,0.001419762798071167
